Sample	fastqc-percent_duplicates	fastqc-percent_gc	fastqc-avg_sequence_length	fastqc-median_sequence_length	fastqc-percent_fails	fastqc-total_sequences
048R_S2_R_Female_week5_S61_L001_R1_001	98.21297449158764	50.0	278.9478578041695	282	45.45454545454545	0.125292
048R_S2_R_Female_week5_S61_L001_R2_001	95.12977684129872	53.0	263.8278022539348	277	45.45454545454545	0.125292
048R_S2_R_Female_week9_S75_L001_R1_001	98.01776266061981	49.0	278.91365268329554	282	45.45454545454545	0.10583999999999999
048R_S2_R_Female_week9_S75_L001_R2_001	95.28344671201813	52.0	265.0227418745276	277	45.45454545454545	0.10583999999999999
1050R_S2_L_Male_week5_S68_L001_R1_001	98.31885353521245	49.0	278.6233036287957	282	45.45454545454545	0.178985
1050R_S2_L_Male_week5_S68_L001_R2_001	95.29346034583904	52.0	264.5515266642456	277	45.45454545454545	0.178985
1050R_S2_L_Male_week9_S82_L001_R1_001	97.76055710390563	50.0	278.0454837272185	282	45.45454545454545	0.132399
1050R_S2_L_Male_week9_S82_L001_R2_001	96.21975996797559	52.0	266.14349050974704	277	45.45454545454545	0.132399
1050R_S2_RR_Male_week5_S70_L001_R1_001	97.98535339367184	50.0	277.98720636654906	282	45.45454545454545	0.135458
1050R_S2_RR_Male_week5_S70_L001_R2_001	95.88802433226535	52.0	264.69188973704024	277	45.45454545454545	0.135458
1050R_S2_RR_Male_week9_S84_L001_R1_001	97.8844916828481	49.0	277.96842668462153	282	45.45454545454545	0.166343
1050R_S2_RR_Male_week9_S84_L001_R2_001	95.95594644800202	52.0	266.04218993284957	277	45.45454545454545	0.166343
1050R_S2_R_Male_week5_S69_L001_R1_001	97.9963171923216	50.0	278.61042116857675	282	45.45454545454545	0.118931
1050R_S2_R_Male_week5_S69_L001_R2_001	95.25355037795023	52.0	264.9103345637386	277	36.36363636363637	0.118931
1050R_S2_R_Male_week9_S83_L001_R1_001	97.68577940615933	50.0	277.2585159428407	282	45.45454545454545	0.128553
1050R_S2_R_Male_week9_S83_L001_R2_001	95.17553071495803	53.0	263.3409722060162	277	45.45454545454545	0.128553
1127R_S2_0_Female_week5_S62_L001_R1_001	98.21288852883544	50.0	278.5191070674339	282	45.45454545454545	0.144423
1127R_S2_0_Female_week5_S62_L001_R2_001	94.90939808756222	53.0	262.9446417814337	277	45.45454545454545	0.144423
1127R_S2_0_Female_week9_S76_L001_R1_001	98.15215283888384	50.0	278.8642674978748	282	45.45454545454545	0.134102
1127R_S2_0_Female_week9_S76_L001_R2_001	95.31326900419084	52.0	265.3620825938465	277	45.45454545454545	0.134102
1127R_S2_R_Female_week5_S63_L001_R1_001	98.01321436290098	49.0	278.8884497823335	282	45.45454545454545	0.129556
1127R_S2_R_Female_week5_S63_L001_R2_001	95.10018833554602	52.0	264.5937200901541	277	45.45454545454545	0.129556
1127R_S2_R_Female_week9_S77_L001_R1_001	98.53292472104353	50.0	278.6349834983498	282	45.45454545454545	0.25451999999999997
1127R_S2_R_Female_week9_S77_L001_R2_001	96.04824768191105	52.0	264.19549740688353	277	36.36363636363637	0.25451999999999997
2514R_S2_L_Male_week5_S71_L001_R1_001	97.12538374731528	50.0	277.34198104621953	282	45.45454545454545	0.082411
2514R_S2_L_Male_week5_S71_L001_R2_001	95.85249541930082	52.0	265.21173144361796	277	45.45454545454545	0.082411
2514R_S2_L_Male_week9_S85_L001_R1_001	98.2955984399534	50.0	278.4087777946614	282	45.45454545454545	0.19743
2514R_S2_L_Male_week9_S85_L001_R2_001	95.09547687788077	53.0	263.55847135693665	277	45.45454545454545	0.19743
2514R_S2_R_Male_week5_S72_L001_R1_001	97.87656009574286	50.0	277.75179517866303	282	45.45454545454545	0.11698
2514R_S2_R_Male_week5_S72_L001_R2_001	95.82150795007693	53.0	264.6109847837237	277	45.45454545454545	0.11698
2514R_S2_R_Male_week9_S86_L001_R1_001	98.53344023518407	49.0	279.6482165526062	282	45.45454545454545	0.209538
2514R_S2_R_Male_week9_S86_L001_R2_001	96.24364077160229	52.0	267.06648913323596	277	45.45454545454545	0.209538
2808_NS1_0_Female_week5_S37_L001_R1_001	98.58249029737094	49.0	278.9166461969851	282	45.45454545454545	0.264619
2808_NS1_0_Female_week5_S37_L001_R2_001	95.61029253379387	52.0	265.37267921048755	277	45.45454545454545	0.264619
2808_NS1_0_Female_week9_S49_L001_R1_001	98.17321705516979	49.0	279.09813502918644	282	45.45454545454545	0.12831299999999998
2808_NS1_0_Female_week9_S49_L001_R2_001	95.06285411454802	52.0	266.69188624691185	277	36.36363636363637	0.12831299999999998
2808_NS1_L_Female_week5_S38_L001_R1_001	98.22812535100527	50.0	278.59035577895094	282	45.45454545454545	0.142448
2808_NS1_L_Female_week5_S38_L001_R2_001	94.59662473323598	52.0	263.18877063911043	277	45.45454545454545	0.142448
2808_NS1_L_Female_week9_S50_L001_R1_001	98.073460054309	50.0	278.91191463007954	282	45.45454545454545	0.10495499999999999
2808_NS1_L_Female_week9_S50_L001_R2_001	94.86065456624267	52.0	266.28005335620026	277	45.45454545454545	0.10495499999999999
2808_NS1_RR_Female_week5_S40_L001_R1_001	96.66973386183466	50.0	276.77960433182335	282	45.45454545454545	0.056512
2808_NS1_RR_Female_week5_S40_L001_R2_001	95.00637032842582	52.0	265.7570427519819	277	45.45454545454545	0.056512
2808_NS1_RR_Female_week9_S52_L001_R1_001	98.1064362279832	50.0	278.54345909870773	282	45.45454545454545	0.12706199999999998
2808_NS1_RR_Female_week9_S52_L001_R2_001	95.01345799688342	53.0	264.1947238356078	277	45.45454545454545	0.12706199999999998
2808_NS1_R_Female_week5_S39_L001_R1_001	98.30424007327191	49.0	279.22497440870643	282	45.45454545454545	0.14848799999999998
2808_NS1_R_Female_week5_S39_L001_R2_001	95.10465492160982	52.0	266.0504956629492	277	45.45454545454545	0.14848799999999998
2808_NS1_R_Female_week9_S51_L001_R1_001	97.78753779117613	50.0	277.93036028309814	282	45.45454545454545	0.115437
2808_NS1_R_Female_week9_S51_L001_R2_001	94.44978646361218	52.0	263.85319265053664	277	45.45454545454545	0.115437
2824_NS1_0_Male_week5_S43_L001_R1_001	98.06321386372588	49.0	278.97656557699884	282	45.45454545454545	0.10156
2824_NS1_0_Male_week5_S43_L001_R2_001	94.42989365892083	52.0	266.0863528948405	277	45.45454545454545	0.10156
2824_NS1_0_Male_week9_S55_L001_R1_001	97.88726668757332	49.0	277.99131212469655	282	45.45454545454545	0.17219399999999999
2824_NS1_0_Male_week9_S55_L001_R2_001	96.08000278755357	52.0	267.10193154233014	277	45.45454545454545	0.17219399999999999
2824_NS1_L_Male_week5_S44_L001_R1_001	98.27099654620504	49.0	278.96670457417235	282	45.45454545454545	0.142452
2824_NS1_L_Male_week5_S44_L001_R2_001	95.05798444388284	52.0	266.0966992390419	277	45.45454545454545	0.142452
2824_NS1_L_Male_week9_S56_L001_R1_001	97.32790815244867	50.0	277.22315269329243	282	45.45454545454545	0.122638
2824_NS1_L_Male_week9_S56_L001_R2_001	95.25758737096169	52.0	259.21309055920676	277	45.45454545454545	0.122638
2824_NS1_R_Male_week5_S45_L001_R1_001	98.25717354377252	49.0	279.32514986936417	282	45.45454545454545	0.13128099999999998
2824_NS1_R_Male_week5_S45_L001_R2_001	95.65131283277854	52.0	267.8358787638729	277	45.45454545454545	0.13128099999999998
2824_NS1_R_Male_week9_S57_L001_R1_001	97.9995522722185	50.0	278.78853816879337	282	45.45454545454545	0.111675
2824_NS1_R_Male_week9_S57_L001_R2_001	94.66039847772554	52.0	265.7316498768749	277	36.36363636363637	0.111675
2864_NS1_R_Male_week5_S46_L001_R1_001	98.07792448245137	49.0	279.3691056157932	282	45.45454545454545	0.086417
2864_NS1_R_Male_week5_S46_L001_R2_001	94.90609486559357	52.0	266.69637918465116	277	45.45454545454545	0.086417
2864_NS1_R_Male_week9_S58_L001_R1_001	98.13257731189614	49.0	279.06739284515237	282	45.45454545454545	0.134035
2864_NS1_R_Male_week9_S58_L001_R2_001	94.66333420375275	52.0	266.40872906330435	277	36.36363636363637	0.134035
2893_NS1_0_Male_week5_S47_L001_R1_001	98.15335246751177	49.0	279.09458462887665	282	45.45454545454545	0.10034399999999999
2893_NS1_0_Male_week5_S47_L001_R2_001	94.69624491748385	52.0	265.4129992824683	277	45.45454545454545	0.10034399999999999
2893_NS1_0_Male_week9_S59_L001_R1_001	98.32930612945196	50.0	278.96443430891753	282	45.45454545454545	0.139882
2893_NS1_0_Male_week9_S59_L001_R2_001	95.24384838649719	52.0	264.9520381464377	277	45.45454545454545	0.139882
2893_NS1_R_Male_week5_S48_L001_R1_001	98.03136599490837	49.0	279.05199486950266	282	45.45454545454545	0.10291399999999999
2893_NS1_R_Male_week5_S48_L001_R2_001	94.87338943195289	52.0	266.56706570534624	277	45.45454545454545	0.10291399999999999
2893_NS1_R_Male_week9_S60_L001_R1_001	98.38743960797606	50.0	279.01779733557	282	45.45454545454545	0.174071
2893_NS1_R_Male_week9_S60_L001_R2_001	95.37027994324156	52.0	264.977400026426	277	45.45454545454545	0.174071
2999_NS1_0_Female_week5_S41_L001_R1_001	97.99389915664813	49.0	278.93115616962734	282	45.45454545454545	0.083595
2999_NS1_0_Female_week5_S41_L001_R2_001	95.10257790537712	52.0	266.5728333034272	277	45.45454545454545	0.083595
2999_NS1_0_Female_week9_S53_L001_R1_001	98.17899615250087	50.0	279.0429783140958	282	45.45454545454545	0.091488
2999_NS1_0_Female_week9_S53_L001_R2_001	94.34898565932144	52.0	264.3107948583421	277	45.45454545454545	0.091488
2999_NS1_R_Female_week5_S42_L001_R1_001	98.63908730830427	50.0	279.3141077413395	282	45.45454545454545	0.20677299999999998
2999_NS1_R_Female_week5_S42_L001_R2_001	96.33656231713039	52.0	266.5472668094964	277	45.45454545454545	0.20677299999999998
2999_NS1_R_Female_week9_S54_L001_R1_001	98.42245541570149	50.0	279.3011010019257	282	45.45454545454545	0.143324
2999_NS1_R_Female_week9_S54_L001_R2_001	95.70902291311992	52.0	265.8548603164857	277	45.45454545454545	0.143324
3995R_S2_0_Female_week5_S64_L001_R1_001	98.20909697332866	50.0	278.5509966420568	282	45.45454545454545	0.176894
3995R_S2_0_Female_week5_S64_L001_R2_001	95.41307223534999	52.0	264.56467149818536	277	45.45454545454545	0.176894
3995R_S2_0_Female_week9_S78_L001_R1_001	97.70441644188574	50.0	277.13994927332016	282	45.45454545454545	0.124195
3995R_S2_0_Female_week9_S78_L001_R2_001	96.03929304722412	53.0	264.32779902572565	277	36.36363636363637	0.124195
3995R_S2_L_Female_week5_S65_L001_R1_001	98.08938928693279	50.0	278.881059234181	282	45.45454545454545	0.114309
3995R_S2_L_Female_week5_S65_L001_R2_001	94.47025168621893	53.0	264.0810172427368	277	45.45454545454545	0.114309
3995R_S2_L_Female_week9_S79_L001_R1_001	97.91226175446069	49.0	278.79248110007455	282	45.45454545454545	0.131482
3995R_S2_L_Female_week9_S79_L001_R2_001	95.32179309715399	52.0	266.7846321169438	277	45.45454545454545	0.131482
3995R_S2_RR_Female_week5_S67_L001_R1_001	98.26351264486033	49.0	279.5085584675568	282	45.45454545454545	0.108898
3995R_S2_RR_Female_week5_S67_L001_R2_001	95.64913956179177	52.0	265.3836985068596	277	45.45454545454545	0.108898
3995R_S2_RR_Female_week9_S81_L001_R1_001	98.43887141152454	50.0	278.9578800998018	282	45.45454545454545	0.20280199999999998
3995R_S2_RR_Female_week9_S81_L001_R2_001	96.1016163548683	52.0	265.33567223202925	277	45.45454545454545	0.20280199999999998
3995R_S2_R_Female_week5_S66_L001_R1_001	97.69349002835403	50.0	278.027074761091	282	45.45454545454545	0.10474699999999999
3995R_S2_R_Female_week5_S66_L001_R2_001	95.39175346310634	52.0	264.3095935921792	277	45.45454545454545	0.10474699999999999
3995R_S2_R_Female_week9_S80_L001_R1_001	98.28735832227467	50.0	278.74559466573845	282	45.45454545454545	0.183868
3995R_S2_R_Female_week9_S80_L001_R2_001	95.44945286836209	52.0	263.48032827898277	277	45.45454545454545	0.183868
3997R_S2_L_Male_week5_S73_L001_R1_001	97.99389488672382	49.0	279.302690736027	282	45.45454545454545	0.10253699999999999
3997R_S2_L_Male_week5_S73_L001_R2_001	95.88343719827965	51.0	266.962593990462	277	45.45454545454545	0.10253699999999999
3997R_S2_L_Male_week9_S87_L001_R1_001	98.32987417304449	49.0	279.18255718424354	282	45.45454545454545	0.18501599999999999
3997R_S2_L_Male_week9_S87_L001_R2_001	95.04421239244174	52.0	264.7092251480953	277	45.45454545454545	0.18501599999999999
3997R_S2_R_Male_week5_S74_L001_R1_001	98.35864076206379	49.0	279.13557012737783	282	45.45454545454545	0.172479
3997R_S2_R_Male_week5_S74_L001_R2_001	95.65802213602815	52.0	266.0580708376092	277	45.45454545454545	0.172479
3997R_S2_R_Male_week9_S88_L001_R1_001	98.03566740426808	50.0	278.79739714210706	282	45.45454545454545	0.106652
3997R_S2_R_Male_week9_S88_L001_R2_001	95.43280951130781	52.0	264.0253347335259	277	45.45454545454545	0.106652
NS1_mouse_inoculum_S35_L001_R1_001	97.78630737897541	50.0	278.5267507441642	282	45.45454545454545	0.12766
NS1_mouse_inoculum_S35_L001_R2_001	93.78270405765315	52.0	266.91157762807455	277	45.45454545454545	0.12766
Positive_Control_S89_L001_R1_001	98.17477761777128	52.0	277.2979956315931	282	45.45454545454545	0.14513299999999998
Positive_Control_S89_L001_R2_001	94.47058904590962	54.0	266.42279150847844	277	45.45454545454545	0.14513299999999998
S2_mouse_inoculum_S36_L001_R1_001	97.85935523023811	51.0	278.8515346344759	282	45.45454545454545	0.174667
S2_mouse_inoculum_S36_L001_R2_001	94.78092599059926	52.0	265.4875677718172	277	45.45454545454545	0.174667
negative_ctrl_S90_L001_R1_001	97.09886609276043	55.0	275.7701088399257	282	45.45454545454545	0.026369
negative_ctrl_S90_L001_R2_001	94.56938071219993	55.0	262.2422162387652	277	45.45454545454545	0.026369
