S_NS1_Bp_010_1	RXN-11135
S_NS1_Bp_010_2	RXN-11135
S_NS1_Bp_010_3	RXN-11135
S_NS1_Bp_010_4	RXN-11135
S_NS1_Bp_010_5	RXN-11135
S_NS1_Bp_010_6	RXN-11135
S_NS1_Bp_010_7	RXN-11135
S_NS1_Bp_010_8	RXN-11135
S_NS1_Bp_010_9	RXN-11135
S_NS1_Bp_010_10	RXN-11135
S_NS1_Bp_010_11	3.2.1.23-RXN
S_NS1_Bp_010_11	RXN-12400
S_NS1_Bp_010_11	RXN-12399
S_NS1_Bp_010_11	RXN-12398
S_NS1_Bp_010_11	BETAGALACTOSID-RXN
S_NS1_Bp_010_11	KETOLACTOSE-RXN
S_NS1_Bp_010_12	3.2.1.23-RXN
S_NS1_Bp_010_12	RXN-12400
S_NS1_Bp_010_12	RXN-12399
S_NS1_Bp_010_12	RXN-12398
S_NS1_Bp_010_12	BETAGALACTOSID-RXN
S_NS1_Bp_010_12	KETOLACTOSE-RXN
S_NS1_Bp_010_13	3.2.1.23-RXN
S_NS1_Bp_010_13	RXN-12400
S_NS1_Bp_010_13	RXN-12399
S_NS1_Bp_010_13	RXN-12398
S_NS1_Bp_010_13	BETAGALACTOSID-RXN
S_NS1_Bp_010_13	KETOLACTOSE-RXN
S_NS1_Bp_010_14	3.2.1.23-RXN
S_NS1_Bp_010_14	RXN-12400
S_NS1_Bp_010_14	RXN-12399
S_NS1_Bp_010_14	RXN-12398
S_NS1_Bp_010_14	BETAGALACTOSID-RXN
S_NS1_Bp_010_14	KETOLACTOSE-RXN
S_NS1_Bp_010_15	3.2.1.23-RXN
S_NS1_Bp_010_15	RXN-12400
S_NS1_Bp_010_15	RXN-12399
S_NS1_Bp_010_15	RXN-12398
S_NS1_Bp_010_15	BETAGALACTOSID-RXN
S_NS1_Bp_010_15	KETOLACTOSE-RXN
S_NS1_Bp_010_16	3.2.1.23-RXN
S_NS1_Bp_010_16	RXN-12400
S_NS1_Bp_010_16	RXN-12399
S_NS1_Bp_010_16	RXN-12398
S_NS1_Bp_010_16	BETAGALACTOSID-RXN
S_NS1_Bp_010_16	KETOLACTOSE-RXN
S_NS1_Bp_010_17	RXN0-5226
S_NS1_Bp_010_17	3.2.1.52-RXN
S_NS1_Bp_010_17	RXN-12625
S_NS1_Bp_010_17	RXN-12626
S_NS1_Bp_010_18	DNA-DIRECTED-DNA-POLYMERASE-RXN
S_NS1_Bp_010_19	DNA-DIRECTED-DNA-POLYMERASE-RXN
S_NS1_Bp_010_20	DNA-DIRECTED-DNA-POLYMERASE-RXN
S_NS1_Bp_010_21	DNA-DIRECTED-DNA-POLYMERASE-RXN
S_NS1_Bp_010_22	DNA-DIRECTED-DNA-POLYMERASE-RXN
S_NS1_Bp_010_23	DNA-DIRECTED-DNA-POLYMERASE-RXN
S_NS1_Bp_010_24	DNA-DIRECTED-DNA-POLYMERASE-RXN
S_NS1_Bp_010_25	DNA-DIRECTED-DNA-POLYMERASE-RXN
S_NS1_Bp_010_26	2.1.1.72-RXN
S_NS1_Bp_010_27	2.1.1.72-RXN
S_NS1_Bp_010_28	2.1.1.72-RXN
S_NS1_Bp_010_29	PEPTIDYLPROLYL-ISOMERASE-RXN
S_NS1_Bp_010_30	PEPTIDYLPROLYL-ISOMERASE-RXN
S_NS1_Bp_010_31	PEPTIDYLPROLYL-ISOMERASE-RXN
S_NS1_Bp_010_32	2.7.13.3-RXN
S_NS1_Bp_010_33	2.7.13.3-RXN
S_NS1_Bp_010_34	2.7.13.3-RXN
S_NS1_Bp_010_35	2.7.13.3-RXN
S_NS1_Bp_010_36	2.7.13.3-RXN
S_NS1_Bp_010_37	2.7.13.3-RXN
S_NS1_Bp_010_38	GPH-RXN
S_NS1_Bp_010_39	INORGPYROPHOSPHAT-RXN
S_NS1_Bp_010_40	ANTHRANSYN-RXN
S_NS1_Bp_010_41	ANTHRANSYN-RXN
S_NS1_Bp_010_42	ANTHRANSYN-RXN
S_NS1_Bp_010_43	PROTEIN-KINASE-RXN
S_NS1_Bp_010_44	PROTEIN-KINASE-RXN
S_NS1_Bp_010_45	PROTEIN-KINASE-RXN
S_NS1_Bp_010_46	PROTEIN-KINASE-RXN
S_NS1_Bp_010_47	RXN-11065
S_NS1_Bp_010_47	3.4.16.4-RXN
S_NS1_Bp_010_47	RXN-16649
S_NS1_Bp_010_47	RXN-11351
S_NS1_Bp_010_47	RXN-16659
S_NS1_Bp_010_47	RXN-11302
S_NS1_Bp_010_48	RXN-11065
S_NS1_Bp_010_48	3.4.16.4-RXN
S_NS1_Bp_010_48	RXN-16649
S_NS1_Bp_010_48	RXN-11351
S_NS1_Bp_010_48	RXN-16659
S_NS1_Bp_010_48	RXN-11302
S_NS1_Bp_010_49	3.1.21.3-RXN
S_NS1_Bp_010_50	3.1.21.3-RXN
S_NS1_Bp_010_51	3.1.21.3-RXN
S_NS1_Bp_010_52	RXN-11109
S_NS1_Bp_010_53	RXN-13202
S_NS1_Bp_010_53	CARBPSYN-RXN
S_NS1_Bp_010_54	RXN-13202
S_NS1_Bp_010_54	CARBPSYN-RXN
S_NS1_Bp_010_55	PROTEIN-TYROSINE-PHOSPHATASE-RXN
S_NS1_Bp_010_56	PROTEIN-TYROSINE-PHOSPHATASE-RXN
S_NS1_Bp_010_57	DNA-DIRECTED-RNA-POLYMERASE-RXN
S_NS1_Bp_010_58	DNA-DIRECTED-RNA-POLYMERASE-RXN
S_NS1_Bp_010_59	DNA-DIRECTED-RNA-POLYMERASE-RXN
S_NS1_Bp_010_60	DNA-DIRECTED-RNA-POLYMERASE-RXN
S_NS1_Bp_010_61	2-ISOPROPYLMALATESYN-RXN
S_NS1_Bp_010_62	TRYPSYN-RXN
S_NS1_Bp_010_63	TRYPSYN-RXN
S_NS1_Bp_010_64	6.3.5.6-RXN
S_NS1_Bp_010_65	6.3.5.6-RXN
S_NS1_Bp_010_66	6.3.5.6-RXN
S_NS1_Bp_010_67	6.3.5.7-RXN
S_NS1_Bp_010_68	6.3.5.7-RXN
S_NS1_Bp_010_69	6.3.5.7-RXN
S_NS1_Bp_010_70	RXN0-2584
S_NS1_Bp_010_71	ATPSYN-RXN
S_NS1_Bp_010_72	ATPSYN-RXN
S_NS1_Bp_010_75	1.5.1.20-RXN
S_NS1_Bp_010_76	FGAMSYN-RXN
S_NS1_Bp_010_77	3.1.26.4-RXN
S_NS1_Bp_010_78	3.1.26.4-RXN
S_NS1_Bp_010_79	3.1.3.16-RXN
S_NS1_Bp_010_80	3.1.3.16-RXN
S_NS1_Bp_010_81	2.7.8.12-RXN
S_NS1_Bp_010_81	TEICHOICSYN4-RXN
S_NS1_Bp_010_82	THI-P-SYN-RXN
S_NS1_Bp_010_82	RXN-12610
S_NS1_Bp_010_82	RXN-12611
S_NS1_Bp_010_83	MALTACETYLTRAN-RXN
S_NS1_Bp_010_84	MALTACETYLTRAN-RXN
S_NS1_Bp_010_85	MALTACETYLTRAN-RXN
S_NS1_Bp_010_86	PHENYLALANINE--TRNA-LIGASE-RXN
S_NS1_Bp_010_87	PHENYLALANINE--TRNA-LIGASE-RXN
S_NS1_Bp_010_88	RXN-14971
S_NS1_Bp_010_88	SUCCINATE-DEHYDROGENASE-UBIQUINONE-RXN
S_NS1_Bp_010_88	RXN-15378
S_NS1_Bp_010_89	RXN-14971
S_NS1_Bp_010_89	SUCCINATE-DEHYDROGENASE-UBIQUINONE-RXN
S_NS1_Bp_010_89	RXN-15378
S_NS1_Bp_010_90	ABC-9-RXN
S_NS1_Bp_010_90	ABC-10-RXN
S_NS1_Bp_010_90	3.6.3.34-RXN
S_NS1_Bp_010_90	ABC-11-RXN
S_NS1_Bp_010_91	DALADALALIG-RXN
S_NS1_Bp_010_92	5.99.1.3-RXN
S_NS1_Bp_010_93	5.99.1.3-RXN
S_NS1_Bp_010_94	5.99.1.3-RXN
S_NS1_Bp_010_95	5.99.1.3-RXN
S_NS1_Bp_010_96	RXN-13163
S_NS1_Bp_010_97	RXN-13163
S_NS1_Bp_010_98	CYSTATHIONINE-BETA-LYASE-RXN
S_NS1_Bp_010_98	RXN-12729
S_NS1_Bp_010_99	CYSTATHIONINE-BETA-LYASE-RXN
S_NS1_Bp_010_99	RXN-12729
S_NS1_Bp_010_100	CYSTATHIONINE-BETA-LYASE-RXN
S_NS1_Bp_010_100	RXN-12729
S_NS1_Bp_010_101	CYSTATHIONINE-BETA-LYASE-RXN
S_NS1_Bp_010_101	RXN-12729
S_NS1_Bp_010_102	CYSTATHIONINE-BETA-LYASE-RXN
S_NS1_Bp_010_102	RXN-12729
S_NS1_Bp_010_103	RXN-14461
S_NS1_Bp_010_104	O-ACETYLHOMOSERINE-THIOL-LYASE-RXN
S_NS1_Bp_010_104	ACETYLHOMOSER-CYS-RXN
S_NS1_Bp_010_105	O-ACETYLHOMOSERINE-THIOL-LYASE-RXN
S_NS1_Bp_010_105	ACETYLHOMOSER-CYS-RXN
S_NS1_Bp_010_106	SULFOCYS-RXN
S_NS1_Bp_010_106	RXN-12726
S_NS1_Bp_010_106	ACSERLY-RXN
S_NS1_Bp_010_107	OHMETPYRKIN-RXN
S_NS1_Bp_010_108	OHMETPYRKIN-RXN
S_NS1_Bp_010_109	PYRIMSYN3-RXN
S_NS1_Bp_010_110	PYRIMSYN3-RXN
S_NS1_Bp_010_111	PYRIMSYN1-RXN
S_NS1_Bp_010_112	PYRIMSYN1-RXN
S_NS1_Bp_010_113	GLUTAMINESYN-RXN
S_NS1_Bp_010_114	GLUTAMINESYN-RXN
S_NS1_Bp_010_115	ADENPRIBOSYLTRAN-RXN
S_NS1_Bp_010_115	RXN-14270
S_NS1_Bp_010_116	ADENYL-KIN-RXN
S_NS1_Bp_010_117	3.4.21.89-RXN
S_NS1_Bp_010_118	RXN-15881
S_NS1_Bp_010_118	RXN-14384
S_NS1_Bp_010_118	RXN-14385
S_NS1_Bp_010_118	RXN-14386
S_NS1_Bp_010_118	RXN-12587
S_NS1_Bp_010_118	RXN-9787
S_NS1_Bp_010_118	RXN-12588
S_NS1_Bp_010_118	RXN0-308
S_NS1_Bp_010_119	ABC-27-RXN
S_NS1_Bp_010_120	RXN0-6948
S_NS1_Bp_010_120	N-ACETYLTRANSFER-RXN
S_NS1_Bp_010_121	RXN0-6948
S_NS1_Bp_010_121	N-ACETYLTRANSFER-RXN
S_NS1_Bp_010_122	RXN-11837
S_NS1_Bp_010_123	UDPGLUCEPIM-RXN
S_NS1_Bp_010_124	UDPGLUCEPIM-RXN
S_NS1_Bp_010_125	2PGADEHYDRAT-RXN
S_NS1_Bp_010_126	ALPHAGALACTOSID-RXN
S_NS1_Bp_010_126	RXN-11501
S_NS1_Bp_010_126	RXN-12088
S_NS1_Bp_010_127	ALPHAGALACTOSID-RXN
S_NS1_Bp_010_127	RXN-11501
S_NS1_Bp_010_127	RXN-12088
S_NS1_Bp_010_128	ALPHAGALACTOSID-RXN
S_NS1_Bp_010_128	RXN-11501
S_NS1_Bp_010_128	RXN-12088
S_NS1_Bp_010_130	RXN-14455
S_NS1_Bp_010_131	RXN-14455
S_NS1_Bp_010_132	RXN-14455
S_NS1_Bp_010_133	DIHYDROOROT-RXN
S_NS1_Bp_010_134	RXN-11396
S_NS1_Bp_010_135	RXN-11396
S_NS1_Bp_010_136	RXN-11396
S_NS1_Bp_010_137	GLUCOKIN-RXN
S_NS1_Bp_010_137	RXN66-521
S_NS1_Bp_010_137	RXN-1685
S_NS1_Bp_010_138	GLUCOKIN-RXN
S_NS1_Bp_010_138	RXN66-521
S_NS1_Bp_010_138	RXN-1685
S_NS1_Bp_010_139	GLUCOKIN-RXN
S_NS1_Bp_010_139	RXN66-521
S_NS1_Bp_010_139	RXN-1685
S_NS1_Bp_010_140	3-DEHYDROQUINATE-SYNTHASE-RXN
S_NS1_Bp_010_141	R-2-METHYLMALATE-DEHYDRATASE-RXN
S_NS1_Bp_010_142	R-2-METHYLMALATE-DEHYDRATASE-RXN
S_NS1_Bp_010_143	RXN-13182
S_NS1_Bp_010_143	SIALATE-O-ACETYLESTERASE-RXN
S_NS1_Bp_010_143	RXN-13181
S_NS1_Bp_010_144	RXN-13182
S_NS1_Bp_010_144	SIALATE-O-ACETYLESTERASE-RXN
S_NS1_Bp_010_144	RXN-13181
S_NS1_Bp_010_145	RXN-13182
S_NS1_Bp_010_145	SIALATE-O-ACETYLESTERASE-RXN
S_NS1_Bp_010_145	RXN-13181
S_NS1_Bp_010_146	RXN-13182
S_NS1_Bp_010_146	SIALATE-O-ACETYLESTERASE-RXN
S_NS1_Bp_010_146	RXN-13181
S_NS1_Bp_010_147	RXN-14970
S_NS1_Bp_010_147	RXN-14963
S_NS1_Bp_010_147	R601-RXN
S_NS1_Bp_010_148	RXN-14970
S_NS1_Bp_010_148	RXN-14963
S_NS1_Bp_010_148	R601-RXN
S_NS1_Bp_010_149	3.5.1.88-RXN
S_NS1_Bp_010_149	3.5.1.27-RXN
S_NS1_Bp_010_150	3.5.1.88-RXN
S_NS1_Bp_010_150	3.5.1.27-RXN
S_NS1_Bp_010_151	3.5.1.88-RXN
S_NS1_Bp_010_151	3.5.1.27-RXN
S_NS1_Bp_010_152	TDCEACT-RXN
S_NS1_Bp_010_153	TDCEACT-RXN
S_NS1_Bp_010_154	RXN-14283
S_NS1_Bp_010_154	RXN-14282
S_NS1_Bp_010_154	RXN-14350
S_NS1_Bp_010_154	RXN-15910
S_NS1_Bp_010_154	RXN0-5183
S_NS1_Bp_010_154	RXN-14349
S_NS1_Bp_010_154	MALTODEXGLUCOSID-RXN
S_NS1_Bp_010_154	RXN-14281
S_NS1_Bp_010_154	RXN-2141
S_NS1_Bp_010_155	RXN-14283
S_NS1_Bp_010_155	RXN-14282
S_NS1_Bp_010_155	RXN-14350
S_NS1_Bp_010_155	RXN-15910
S_NS1_Bp_010_155	RXN0-5183
S_NS1_Bp_010_155	RXN-14349
S_NS1_Bp_010_155	MALTODEXGLUCOSID-RXN
S_NS1_Bp_010_155	RXN-14281
S_NS1_Bp_010_155	RXN-2141
S_NS1_Bp_010_156	RXN-14283
S_NS1_Bp_010_156	RXN-14282
S_NS1_Bp_010_156	RXN-14350
S_NS1_Bp_010_156	RXN-15910
S_NS1_Bp_010_156	RXN0-5183
S_NS1_Bp_010_156	RXN-14349
S_NS1_Bp_010_156	MALTODEXGLUCOSID-RXN
S_NS1_Bp_010_156	RXN-14281
S_NS1_Bp_010_156	RXN-2141
S_NS1_Bp_010_157	SUCCCOASYN-RXN
S_NS1_Bp_010_158	SUCCCOASYN-RXN
S_NS1_Bp_010_159	RXN-11836
S_NS1_Bp_010_160	ACETOLACTSYN-RXN
S_NS1_Bp_010_160	ACETOOHBUTSYN-RXN
S_NS1_Bp_010_161	ACETOLACTSYN-RXN
S_NS1_Bp_010_161	ACETOOHBUTSYN-RXN
S_NS1_Bp_010_162	ALARACECAT-RXN
S_NS1_Bp_010_163	3.1.11.6-RXN
S_NS1_Bp_010_164	3.1.11.6-RXN
S_NS1_Bp_010_165	ALPHA-AMYL-RXN
S_NS1_Bp_010_165	RXN0-5181
S_NS1_Bp_010_165	3.2.1.1-RXN
S_NS1_Bp_010_165	RXN-1823
S_NS1_Bp_010_166	ALPHA-AMYL-RXN
S_NS1_Bp_010_166	RXN0-5181
S_NS1_Bp_010_166	3.2.1.1-RXN
S_NS1_Bp_010_166	RXN-1823
S_NS1_Bp_010_167	ALPHA-AMYL-RXN
S_NS1_Bp_010_167	RXN0-5181
S_NS1_Bp_010_167	3.2.1.1-RXN
S_NS1_Bp_010_167	RXN-1823
S_NS1_Bp_010_168	ALPHA-AMYL-RXN
S_NS1_Bp_010_168	RXN0-5181
S_NS1_Bp_010_168	3.2.1.1-RXN
S_NS1_Bp_010_168	RXN-1823
S_NS1_Bp_010_169	ALPHA-AMYL-RXN
S_NS1_Bp_010_169	RXN0-5181
S_NS1_Bp_010_169	3.2.1.1-RXN
S_NS1_Bp_010_169	RXN-1823
S_NS1_Bp_010_170	ALPHA-AMYL-RXN
S_NS1_Bp_010_170	RXN0-5181
S_NS1_Bp_010_170	3.2.1.1-RXN
S_NS1_Bp_010_170	RXN-1823
S_NS1_Bp_010_171	2.1.1.63-RXN
S_NS1_Bp_010_172	3.4.23.43-RXN
S_NS1_Bp_010_173	3.4.23.43-RXN
S_NS1_Bp_010_174	METHIONINE--TRNA-LIGASE-RXN
S_NS1_Bp_010_174	RXN-16165
S_NS1_Bp_010_175	4-CARBOXYMUCONOLACTONE-DECARBOXYLASE-RXN
S_NS1_Bp_010_176	GLUCOSAMINE-6-P-DEAMIN-RXN
S_NS1_Bp_010_177	RXN-12462
S_NS1_Bp_010_178	RXN-12463
S_NS1_Bp_010_179	RXN-14065
S_NS1_Bp_010_180	OROPRIBTRANS-RXN
S_NS1_Bp_010_181	UNDECAPRENYL-DIPHOSPHATASE-RXN
S_NS1_Bp_010_182	UNDECAPRENYL-DIPHOSPHATASE-RXN
S_NS1_Bp_010_183	OROTPDECARB-RXN
S_NS1_Bp_010_184	OROTPDECARB-RXN
S_NS1_Bp_010_185	GLUCOSE-6-PHOSPHATE-1-EPIMERASE-RXN
S_NS1_Bp_010_186	ASPARTATE--TRNA-LIGASE-RXN
S_NS1_Bp_010_187	THIOREDOXIN-REDUCT-NADPH-RXN
S_NS1_Bp_010_188	THIOREDOXIN-REDUCT-NADPH-RXN
S_NS1_Bp_010_189	THIOREDOXIN-REDUCT-NADPH-RXN
S_NS1_Bp_010_190	4.3.1.17-RXN
S_NS1_Bp_010_191	ASPARTATE-SEMIALDEHYDE-DEHYDROGENASE-RXN
S_NS1_Bp_010_192	FARNESYLTRANSTRANSFERASE-RXN
S_NS1_Bp_010_193	FPPSYN-RXN
S_NS1_Bp_010_194	GPPSYN-RXN
S_NS1_Bp_010_195	RXN0-6727
S_NS1_Bp_010_195	RXN-13141
S_NS1_Bp_010_196	GLUTAMATE-SYNTHASE-NADH-RXN
S_NS1_Bp_010_197	GLUTAMATE-SYNTHASE-NADH-RXN
S_NS1_Bp_010_198	GLUTAMATESYN-RXN
S_NS1_Bp_010_199	GLUTAMATESYN-RXN
S_NS1_Bp_010_200	RXN0-302
S_NS1_Bp_010_201	MYO-INOSITOL-1OR-4-MONOPHOSPHATASE-RXN
S_NS1_Bp_010_201	RXN-10949
S_NS1_Bp_010_201	RXN-7253
S_NS1_Bp_010_201	RXN0-5408
S_NS1_Bp_010_201	RXN-10954
S_NS1_Bp_010_201	RXN-10953
S_NS1_Bp_010_201	RXN-10952
S_NS1_Bp_010_202	RXN-11592
S_NS1_Bp_010_203	RXN-12752
S_NS1_Bp_010_203	RXN-13142
S_NS1_Bp_010_204	1.11.1.15-RXN
S_NS1_Bp_010_204	RXN0-5468
S_NS1_Bp_010_205	1.11.1.15-RXN
S_NS1_Bp_010_205	RXN0-5468
S_NS1_Bp_010_206	PPPGPPHYDRO-RXN
S_NS1_Bp_010_207	PPPGPPHYDRO-RXN
S_NS1_Bp_010_208	3.4.23.36-RXN
S_NS1_Bp_010_209	ISOLEUCINE--TRNA-LIGASE-RXN
S_NS1_Bp_010_210	PANTOTHENATE-KIN-RXN
S_NS1_Bp_010_211	METHIONYL-TRNA-FORMYLTRANSFERASE-RXN
S_NS1_Bp_010_212	GALACTOKIN-RXN
S_NS1_Bp_010_213	3.1.11.2-RXN
S_NS1_Bp_010_214	NAG6PDEACET-RXN
S_NS1_Bp_010_214	3.5.1.80-RXN
S_NS1_Bp_010_215	POLYPHOSPHATE-KINASE-RXN
S_NS1_Bp_010_216	EXOPOLYPHOSPHATASE-RXN
S_NS1_Bp_010_217	EXOPOLYPHOSPHATASE-RXN
S_NS1_Bp_010_219	3.4.11.18-RXN
S_NS1_Bp_010_220	NAD-KIN-RXN
S_NS1_Bp_010_221	RXN0-2921
S_NS1_Bp_010_221	FOLYLPOLYGLUTAMATESYNTH-RXN
S_NS1_Bp_010_221	FORMYLTHFGLUSYNTH-RXN
S_NS1_Bp_010_222	DIHYDROFOLATESYNTH-RXN
S_NS1_Bp_010_223	GLUTDEHYD-RXN
S_NS1_Bp_010_224	PYRUVFORMLY-RXN
S_NS1_Bp_010_225	THYMIDYLATESYN-RXN
S_NS1_Bp_010_226	PRAISOM-RXN
S_NS1_Bp_010_227	PRAISOM-RXN
S_NS1_Bp_010_228	SELENOCYSTEINE-LYASE-RXN
S_NS1_Bp_010_229	ALDOSE1EPIM-RXN
S_NS1_Bp_010_229	ALDOSE-1-EPIMERASE-RXN
S_NS1_Bp_010_230	RXN-12002
S_NS1_Bp_010_231	GAPOXNPHOSPHN-RXN
S_NS1_Bp_010_232	3.1.21.4-RXN
S_NS1_Bp_010_233	2.7.7.60-RXN
S_NS1_Bp_010_234	2.7.7.60-RXN
S_NS1_Bp_010_235	TRYPTOPHAN--TRNA-LIGASE-RXN
S_NS1_Bp_010_236	FRUCTOKINASE-RXN
S_NS1_Bp_010_237	RXN-14517
S_NS1_Bp_010_237	RXN-12458
S_NS1_Bp_010_238	RXN-982
S_NS1_Bp_010_239	RXN-14285
S_NS1_Bp_010_239	RXN-14284
S_NS1_Bp_010_239	RXN-14286
S_NS1_Bp_010_239	RXN-14353
S_NS1_Bp_010_239	RXN-9025
S_NS1_Bp_010_239	RXN0-5182
S_NS1_Bp_010_239	RXN0-5184
S_NS1_Bp_010_239	GLYCOPHOSPHORYL-RXN
S_NS1_Bp_010_239	RXN-12171
S_NS1_Bp_010_239	GLYMALTOPHOSPHORYL-RXN
S_NS1_Bp_010_239	RXN-1826
S_NS1_Bp_010_239	RXN-12392
S_NS1_Bp_010_240	3.6.3.8-RXN
S_NS1_Bp_010_241	PRTRANS-RXN
S_NS1_Bp_010_242	DTDPGLUCDEHYDRAT-RXN
S_NS1_Bp_010_243	BIOTINLIG-RXN
S_NS1_Bp_010_244	RXN1G-4355
S_NS1_Bp_010_244	PROPIONYL-COA-CARBOXY-RXN
S_NS1_Bp_010_245	HISTIDINE--TRNA-LIGASE-RXN
S_NS1_Bp_010_246	RXN-13158
S_NS1_Bp_010_246	RXN-14986
S_NS1_Bp_010_247	PHOSGLYPHOS-RXN
S_NS1_Bp_010_248	H2PTEROATESYNTH-RXN
S_NS1_Bp_010_249	ADENYLOSUCCINATE-SYNTHASE-RXN
S_NS1_Bp_010_250	GART-RXN
S_NS1_Bp_010_251	NMNAMIDOHYDRO-RXN
S_NS1_Bp_010_252	RXN-14207
S_NS1_Bp_010_252	PEPDEPHOS-RXN
S_NS1_Bp_010_252	RXN-14117
S_NS1_Bp_010_252	RXN-14192
S_NS1_Bp_010_253	RXN-15878
S_NS1_Bp_010_254	RXN0-882
S_NS1_Bp_010_255	RXN-12460
S_NS1_Bp_010_255	AMINOCYL-TRNA-HYDROLASE-RXN
S_NS1_Bp_010_255	RXN-16637
S_NS1_Bp_010_256	ALANINE--TRNA-LIGASE-RXN
S_NS1_Bp_010_257	RXN-11633
S_NS1_Bp_010_258	AIRS-RXN
S_NS1_Bp_010_259	AIRS-RXN
S_NS1_Bp_010_260	PRPPAMIDOTRANS-RXN
S_NS1_Bp_010_261	P-PANTOCYSDECARB-RXN
S_NS1_Bp_010_262	P-PANTOCYSLIG-RXN
S_NS1_Bp_010_263	HISTIDPHOS-RXN
S_NS1_Bp_010_264	GUANYL-KIN-RXN
S_NS1_Bp_010_265	DXPREDISOM-RXN
S_NS1_Bp_010_266	PANTEPADENYLYLTRAN-RXN
S_NS1_Bp_010_267	GLUC1PURIDYLTRANS-RXN
S_NS1_Bp_010_268	RXN-11047
S_NS1_Bp_010_268	RXN-9217
S_NS1_Bp_010_268	DMK-RXN
S_NS1_Bp_010_268	RXN-9358
S_NS1_Bp_010_268	RXN-9359
S_NS1_Bp_010_268	RXN-9204
S_NS1_Bp_010_268	RXN-9190
S_NS1_Bp_010_268	RXN-9360
S_NS1_Bp_010_268	RXN-9365
S_NS1_Bp_010_269	RXN0-5462
S_NS1_Bp_010_270	SERINE--TRNA-LIGASE-RXN
S_NS1_Bp_010_270	RXN0-2161
S_NS1_Bp_010_271	DIHYDRODIPICSYN-RXN
S_NS1_Bp_010_272	RXN-14014
S_NS1_Bp_010_273	RXN-15733
S_NS1_Bp_010_273	H2PTERIDINEPYROPHOSPHOKIN-RXN
S_NS1_Bp_010_274	THREONINE--TRNA-LIGASE-RXN
S_NS1_Bp_010_275	GLYC3PDEHYDROGBIOSYN-RXN
S_NS1_Bp_010_276	LYSINE--TRNA-LIGASE-RXN
S_NS1_Bp_010_277	GMP-SYN-GLUT-RXN
S_NS1_Bp_010_278	GMP-SYN-GLUT-RXN
S_NS1_Bp_010_279	BRANCHED-CHAINAMINOTRANSFERILEU-RXN
S_NS1_Bp_010_279	BRANCHED-CHAINAMINOTRANSFERVAL-RXN
S_NS1_Bp_010_279	BRANCHED-CHAINAMINOTRANSFERLEU-RXN
S_NS1_Bp_010_280	F16ALDOLASE-RXN
S_NS1_Bp_010_280	RXN-8631
S_NS1_Bp_010_281	DIAMINOPIMDECARB-RXN
S_NS1_Bp_010_282	THIAZOLSYN2-RXN
S_NS1_Bp_010_283	PGLYCDEHYDROG-RXN
S_NS1_Bp_010_285	IMP-DEHYDROG-RXN
S_NS1_Bp_010_286	IMP-DEHYDROG-RXN
S_NS1_Bp_010_287	3-DEHYDROQUINATE-DEHYDRATASE-RXN
S_NS1_Bp_010_288	DAHPSYN-RXN
S_NS1_Bp_010_289	DAHPSYN-RXN
S_NS1_Bp_010_290	FADSYN-RXN
S_NS1_Bp_010_291	RIBOFLAVINKIN-RXN
S_NS1_Bp_010_292	RXN-11839
S_NS1_Bp_010_293	3.1.22.4-RXN
S_NS1_Bp_010_294	RXN-1961
S_NS1_Bp_010_295	PHOSACETYLTRANS-RXN
S_NS1_Bp_010_296	IMIDPHOSDEHYD-RXN
S_NS1_Bp_010_297	PRPPSYN-RXN
S_NS1_Bp_010_298	PRPPSYN-RXN
S_NS1_Bp_010_299	RIBOFLAVINSYNDEAM-RXN
S_NS1_Bp_010_300	RIBOFLAVINSYNREDUC-RXN
S_NS1_Bp_010_301	HISTAMINOTRANS-RXN
S_NS1_Bp_010_302	RXN-7669
S_NS1_Bp_010_302	GLYCOGEN-BRANCH-RXN
S_NS1_Bp_010_302	RXN-7710
S_NS1_Bp_010_302	RXN-14371
S_NS1_Bp_010_302	RXN-14372
S_NS1_Bp_010_303	RXN-13482
S_NS1_Bp_010_303	ORNCARBAMTRANSFER-RXN
S_NS1_Bp_010_304	2.7.3.9-RXN
S_NS1_Bp_010_305	5-FORMYL-THF-CYCLO-LIGASE-RXN
S_NS1_Bp_010_306	GLYCINE--TRNA-LIGASE-RXN
S_NS1_Bp_010_307	MALATE-DEH-RXN
S_NS1_Bp_010_308	RXN-11833
S_NS1_Bp_010_309	ABC-14-RXN
S_NS1_Bp_010_309	ABC-12-RXN
S_NS1_Bp_010_309	RXN0-3
S_NS1_Bp_010_309	ABC-4-RXN
S_NS1_Bp_010_309	TRANS-RXN-265
S_NS1_Bp_010_309	ABC-3-RXN
S_NS1_Bp_010_309	TRANS-RXN0-222
S_NS1_Bp_010_309	ABC-13-RXN
S_NS1_Bp_010_309	TRANS-RXN0-593
S_NS1_Bp_010_309	3.6.3.21-RXN
S_NS1_Bp_010_309	ABC-37-RXN
S_NS1_Bp_010_310	ABC-14-RXN
S_NS1_Bp_010_310	ABC-12-RXN
S_NS1_Bp_010_310	RXN0-3
S_NS1_Bp_010_310	ABC-4-RXN
S_NS1_Bp_010_310	TRANS-RXN-265
S_NS1_Bp_010_310	ABC-3-RXN
S_NS1_Bp_010_310	TRANS-RXN0-222
S_NS1_Bp_010_310	ABC-13-RXN
S_NS1_Bp_010_310	TRANS-RXN0-593
S_NS1_Bp_010_310	3.6.3.21-RXN
S_NS1_Bp_010_310	ABC-37-RXN
S_NS1_Bp_010_311	ABC-14-RXN
S_NS1_Bp_010_311	ABC-12-RXN
S_NS1_Bp_010_311	RXN0-3
S_NS1_Bp_010_311	ABC-4-RXN
S_NS1_Bp_010_311	TRANS-RXN-265
S_NS1_Bp_010_311	ABC-3-RXN
S_NS1_Bp_010_311	TRANS-RXN0-222
S_NS1_Bp_010_311	ABC-13-RXN
S_NS1_Bp_010_311	TRANS-RXN0-593
S_NS1_Bp_010_311	3.6.3.21-RXN
S_NS1_Bp_010_311	ABC-37-RXN
S_NS1_Bp_010_312	ABC-14-RXN
S_NS1_Bp_010_312	ABC-12-RXN
S_NS1_Bp_010_312	RXN0-3
S_NS1_Bp_010_312	ABC-4-RXN
S_NS1_Bp_010_312	TRANS-RXN-265
S_NS1_Bp_010_312	ABC-3-RXN
S_NS1_Bp_010_312	TRANS-RXN0-222
S_NS1_Bp_010_312	ABC-13-RXN
S_NS1_Bp_010_312	TRANS-RXN0-593
S_NS1_Bp_010_312	3.6.3.21-RXN
S_NS1_Bp_010_312	ABC-37-RXN
S_NS1_Bp_010_313	RXN-15006
S_NS1_Bp_010_313	N-ACETYLGLUTPREDUCT-RXN
S_NS1_Bp_010_314	GLUTAMATE-N-ACETYLTRANSFERASE-RXN
S_NS1_Bp_010_315	PRIBFAICARPISOM-RXN
S_NS1_Bp_010_316	RXN-11598
S_NS1_Bp_010_317	DIHYDROFOLATEREDUCT-RXN
S_NS1_Bp_010_318	DIHYDROFOLATEREDUCT-RXN
S_NS1_Bp_010_319	THIAZOLSYN3-RXN
S_NS1_Bp_010_320	SHIKIMATE-KINASE-RXN
S_NS1_Bp_010_321	RXN-16076
S_NS1_Bp_010_321	RXN-16077
S_NS1_Bp_010_321	RXN-16032
S_NS1_Bp_010_321	RXN-16118
S_NS1_Bp_010_321	RXN-15043
S_NS1_Bp_010_321	RXN0-6705
S_NS1_Bp_010_321	RXN-16067
S_NS1_Bp_010_321	RXN-16066
S_NS1_Bp_010_321	RXN-16025
S_NS1_Bp_010_321	RXN0-5514
S_NS1_Bp_010_321	RXN-1623
S_NS1_Bp_010_321	1-ACYLGLYCEROL-3-P-ACYLTRANSFER-RXN
S_NS1_Bp_010_322	RXN-16076
S_NS1_Bp_010_322	RXN-16077
S_NS1_Bp_010_322	RXN-16032
S_NS1_Bp_010_322	RXN-16118
S_NS1_Bp_010_322	RXN-15043
S_NS1_Bp_010_322	RXN0-6705
S_NS1_Bp_010_322	RXN-16067
S_NS1_Bp_010_322	RXN-16066
S_NS1_Bp_010_322	RXN-16025
S_NS1_Bp_010_322	RXN0-5514
S_NS1_Bp_010_322	RXN-1623
S_NS1_Bp_010_322	1-ACYLGLYCEROL-3-P-ACYLTRANSFER-RXN
S_NS1_Bp_010_323	3.1.26.3-RXN
S_NS1_Bp_010_324	RXN-11637
S_NS1_Bp_010_325	HISTCYCLOHYD-RXN
S_NS1_Bp_010_326	NAD-SYNTH-GLN-RXN
S_NS1_Bp_010_327	RXN-8001
S_NS1_Bp_010_328	RXN-14569
S_NS1_Bp_010_329	RXN0-1321
S_NS1_Bp_010_329	QUEUOSINE-TRNA-RIBOSYLTRANSFERASE-RXN
S_NS1_Bp_010_330	RXN0-6554
S_NS1_Bp_010_330	RXN0-6491
S_NS1_Bp_010_330	DIHYDROOROTATE-DEHYDROGENASE-RXN
S_NS1_Bp_010_331	TRNA-GUANINE-N7--METHYLTRANSFERASE-RXN
S_NS1_Bp_010_332	VALINE--TRNA-LIGASE-RXN
S_NS1_Bp_010_333	3PGAREARR-RXN
S_NS1_Bp_010_334	DXS-RXN
S_NS1_Bp_010_335	PREPHENATEDEHYDROG-RXN
S_NS1_Bp_010_336	THREDEHYD-RXN
S_NS1_Bp_010_337	GLUTSEMIALDEHYDROG-RXN
S_NS1_Bp_010_338	GLUTKIN-RXN
S_NS1_Bp_010_339	2TRANSKETO-RXN
S_NS1_Bp_010_339	1TRANSKETO-RXN
S_NS1_Bp_010_340	SAICARSYN-RXN
S_NS1_Bp_010_341	4.2.99.18-RXN
S_NS1_Bp_010_341	RXN0-2601
S_NS1_Bp_010_342	ARGSUCCINSYN-RXN
S_NS1_Bp_010_342	RXN-10
S_NS1_Bp_010_343	1.8.1.4-RXN
S_NS1_Bp_010_343	RXN0-1132
S_NS1_Bp_010_343	RXN-7719
S_NS1_Bp_010_343	RXN-8629
S_NS1_Bp_010_343	RXN-7716
S_NS1_Bp_010_344	TRIOSEPISOMERIZATION-RXN
S_NS1_Bp_010_345	TRIOSEPISOMERIZATION-RXN
S_NS1_Bp_010_346	3.1.13.5-RXN
S_NS1_Bp_010_346	RXN0-6483
S_NS1_Bp_010_346	RXN0-6484
S_NS1_Bp_010_347	RXN-12730
S_NS1_Bp_010_347	HOMOCYSMET-RXN
S_NS1_Bp_010_348	RXN-12730
S_NS1_Bp_010_348	HOMOCYSMET-RXN
S_NS1_Bp_010_349	RXN-12730
S_NS1_Bp_010_349	HOMOCYSMET-RXN
S_NS1_Bp_010_350	AMPSYN-RXN
S_NS1_Bp_010_350	AICARSYN-RXN
S_NS1_Bp_010_351	SHIKIMATE-5-DEHYDROGENASE-RXN
S_NS1_Bp_010_352	RIBONUCLEOSIDE-DIP-REDUCTII-RXN
S_NS1_Bp_010_352	RXN0-748
S_NS1_Bp_010_352	RXN0-747
S_NS1_Bp_010_352	GDPREDUCT-RXN
S_NS1_Bp_010_352	ADPREDUCT-RXN
S_NS1_Bp_010_352	RXN0-722
S_NS1_Bp_010_352	CDPREDUCT-RXN
S_NS1_Bp_010_352	UDPREDUCT-RXN
S_NS1_Bp_010_352	RIBONUCLEOSIDE-DIP-REDUCTI-RXN
S_NS1_Bp_010_353	RIBONUCLEOSIDE-DIP-REDUCTII-RXN
S_NS1_Bp_010_353	RXN0-748
S_NS1_Bp_010_353	RXN0-747
S_NS1_Bp_010_353	GDPREDUCT-RXN
S_NS1_Bp_010_353	ADPREDUCT-RXN
S_NS1_Bp_010_353	RXN0-722
S_NS1_Bp_010_353	CDPREDUCT-RXN
S_NS1_Bp_010_353	UDPREDUCT-RXN
S_NS1_Bp_010_353	RIBONUCLEOSIDE-DIP-REDUCTI-RXN
S_NS1_Bp_010_354	ASPARTATEKIN-RXN
S_NS1_Bp_010_355	ASPARTATEKIN-RXN
S_NS1_Bp_010_356	ASPARTATEKIN-RXN
S_NS1_Bp_010_357	HOMOSERDEHYDROG-RXN
S_NS1_Bp_010_358	PABASYN-RXN
S_NS1_Bp_010_359	ISOCITDEH-RXN
S_NS1_Bp_010_360	2.7.7.8-RXN
S_NS1_Bp_010_361	GUANPRIBOSYLTRAN-RXN
S_NS1_Bp_010_361	HYPOXANPRIBOSYLTRAN-RXN
S_NS1_Bp_010_362	GUANPRIBOSYLTRAN-RXN
S_NS1_Bp_010_362	HYPOXANPRIBOSYLTRAN-RXN
S_NS1_Bp_010_363	RXN-9382
S_NS1_Bp_010_364	DTMPKI-RXN
S_NS1_Bp_010_365	RXN-10781
S_NS1_Bp_010_365	RXN-5424
S_NS1_Bp_010_365	METHANOL-DEHYDROGENASE-RXN
S_NS1_Bp_010_365	RXN-15818
S_NS1_Bp_010_365	RXN3O-4113
S_NS1_Bp_010_365	RXN-12448
S_NS1_Bp_010_365	ALCOHOL-DEHYDROG-GENERIC-RXN
S_NS1_Bp_010_365	RXN-7694
S_NS1_Bp_010_365	RXN-7693
S_NS1_Bp_010_365	RXN-7657
S_NS1_Bp_010_365	ALCOHOL-DEHYDROG-RXN
S_NS1_Bp_010_365	RXN-7700
S_NS1_Bp_010_365	RXN-7706
S_NS1_Bp_010_365	RXN-10911
S_NS1_Bp_010_365	RXN-10915
S_NS1_Bp_010_365	RXN66-478
S_NS1_Bp_010_365	RXN-15823
S_NS1_Bp_010_365	RXN-13198
S_NS1_Bp_010_366	RXN-10781
S_NS1_Bp_010_366	RXN-5424
S_NS1_Bp_010_366	METHANOL-DEHYDROGENASE-RXN
S_NS1_Bp_010_366	RXN-15818
S_NS1_Bp_010_366	RXN3O-4113
S_NS1_Bp_010_366	RXN-12448
S_NS1_Bp_010_366	ALCOHOL-DEHYDROG-GENERIC-RXN
S_NS1_Bp_010_366	RXN-7694
S_NS1_Bp_010_366	RXN-7693
S_NS1_Bp_010_366	RXN-7657
S_NS1_Bp_010_366	ALCOHOL-DEHYDROG-RXN
S_NS1_Bp_010_366	RXN-7700
S_NS1_Bp_010_366	RXN-7706
S_NS1_Bp_010_366	RXN-10911
S_NS1_Bp_010_366	RXN-10915
S_NS1_Bp_010_366	RXN66-478
S_NS1_Bp_010_366	RXN-15823
S_NS1_Bp_010_366	RXN-13198
S_NS1_Bp_010_367	GLURS-RXN
S_NS1_Bp_010_368	GLURS-RXN
S_NS1_Bp_010_369	CHORISMATE-SYNTHASE-RXN
S_NS1_Bp_010_370	UDPNACETYLGLUCOSAMENOLPYRTRANS-RXN
S_NS1_Bp_010_371	PGLUCISOM-RXN
S_NS1_Bp_010_371	RXN-6182
S_NS1_Bp_010_371	RXN-13720
S_NS1_Bp_010_372	RXN66-546
S_NS1_Bp_010_372	PYRROLINECARBREDUCT-RXN
S_NS1_Bp_010_373	TRNA-PSEUDOURIDINE-SYNTHASE-I-RXN
S_NS1_Bp_010_374	NICONUCADENYLYLTRAN-RXN
S_NS1_Bp_010_375	TRNA-NUCLEOTIDYLTRANSFERASE-RXN
S_NS1_Bp_010_375	RXN0-6482
S_NS1_Bp_010_375	RXN0-6481
S_NS1_Bp_010_376	2-DEHYDROPANTOATE-REDUCT-RXN
S_NS1_Bp_010_377	FORMATETHFLIG-RXN
S_NS1_Bp_010_378	GLYRIBONUCSYN-RXN
S_NS1_Bp_010_379	RXN-11586
S_NS1_Bp_010_380	RXN-11601
S_NS1_Bp_010_381	PROLINE--TRNA-LIGASE-RXN
S_NS1_Bp_010_382	RXN-14992
S_NS1_Bp_010_383	DIAMINOPIMEPIM-RXN
S_NS1_Bp_010_384	ARGSUCCINLYA-RXN
S_NS1_Bp_010_384	RXN-22
S_NS1_Bp_010_385	RXN-14354
S_NS1_Bp_010_385	RXN-14261
S_NS1_Bp_010_385	RXN-14260
S_NS1_Bp_010_385	AMYLOMALT-RXN
S_NS1_Bp_010_385	RXN-9023
S_NS1_Bp_010_385	RXN-12193
S_NS1_Bp_010_385	RXN-1828
S_NS1_Bp_010_385	RXN-12391
S_NS1_Bp_010_386	RXN-14354
S_NS1_Bp_010_386	RXN-14261
S_NS1_Bp_010_386	RXN-14260
S_NS1_Bp_010_386	AMYLOMALT-RXN
S_NS1_Bp_010_386	RXN-9023
S_NS1_Bp_010_386	RXN-12193
S_NS1_Bp_010_386	RXN-1828
S_NS1_Bp_010_386	RXN-12391
S_NS1_Bp_010_387	RXN0-5063
S_NS1_Bp_010_388	CYSTEINE--TRNA-LIGASE-RXN
S_NS1_Bp_010_389	RXN-8748
S_NS1_Bp_010_389	ALKAPHOSPHA-RXN
S_NS1_Bp_010_390	SUCCINYLDIAMINOPIMTRANS-RXN
S_NS1_Bp_010_391	RXN-15007
S_NS1_Bp_010_391	ACETYLORNTRANSAM-RXN
S_NS1_Bp_010_392	RXN0-5515
S_NS1_Bp_010_392	CDPDIGLYSYN-RXN
S_NS1_Bp_010_393	POLYNUCLEOTIDE-ADENYLYLTRANSFERASE-RXN
S_NS1_Bp_010_394	VALINE-PYRUVATE-AMINOTRANSFER-RXN
S_NS1_Bp_010_395	VALINE-PYRUVATE-AMINOTRANSFER-RXN
S_NS1_Bp_010_396	VALINE-PYRUVATE-AMINOTRANSFER-RXN
S_NS1_Bp_010_397	VALINE-PYRUVATE-AMINOTRANSFER-RXN
S_NS1_Bp_010_398	PHOSPHAGLYPSYN-RXN
S_NS1_Bp_010_399	PHOSPHAGLYPSYN-RXN
S_NS1_Bp_010_400	PHOSPHAGLYPSYN-RXN
S_NS1_Bp_010_401	DNA-LIGASE-NAD+-RXN
S_NS1_Bp_010_402	PREPHENATEDEHYDRAT-RXN
S_NS1_Bp_010_403	CITSYN-RXN
S_NS1_Bp_010_404	RXN-11860
S_NS1_Bp_010_404	RXN-11865
S_NS1_Bp_010_405	2.5.1.19-RXN
S_NS1_Bp_010_406	THREONINE-ALDOLASE-RXN
S_NS1_Bp_010_406	LTAA-RXN
S_NS1_Bp_010_407	ACETOOHBUTREDUCTOISOM-RXN
S_NS1_Bp_010_407	ACETOLACTREDUCTOISOM-RXN
S_NS1_Bp_010_408	ACETOOHBUTREDUCTOISOM-RXN
S_NS1_Bp_010_408	ACETOLACTREDUCTOISOM-RXN
S_NS1_Bp_010_409	RXN-11737
S_NS1_Bp_010_409	ASPAMINOTRANS-RXN
S_NS1_Bp_010_409	RXN-13697
S_NS1_Bp_010_409	RXN-10814
S_NS1_Bp_010_410	RXN-11737
S_NS1_Bp_010_410	ASPAMINOTRANS-RXN
S_NS1_Bp_010_410	RXN-13697
S_NS1_Bp_010_410	RXN-10814
S_NS1_Bp_010_411	RXN-11737
S_NS1_Bp_010_411	ASPAMINOTRANS-RXN
S_NS1_Bp_010_411	RXN-13697
S_NS1_Bp_010_411	RXN-10814
S_NS1_Bp_010_412	RXN-11737
S_NS1_Bp_010_412	ASPAMINOTRANS-RXN
S_NS1_Bp_010_412	RXN-13697
S_NS1_Bp_010_412	RXN-10814
S_NS1_Bp_010_413	RXN-11737
S_NS1_Bp_010_413	ASPAMINOTRANS-RXN
S_NS1_Bp_010_413	RXN-13697
S_NS1_Bp_010_413	RXN-10814
S_NS1_Bp_010_414	RXN-8999
S_NS1_Bp_010_415	2.7.1.148-RXN
S_NS1_Bp_010_416	RXN-15005
S_NS1_Bp_010_416	ACETYLGLUTKIN-RXN
S_NS1_Bp_010_417	IMPCYCLOHYDROLASE-RXN
S_NS1_Bp_010_418	AICARTRANSFORM-RXN
S_NS1_Bp_010_419	ENTDB-RXN
S_NS1_Bp_010_419	HOLO-ACP-SYNTH-RXN
S_NS1_Bp_010_419	RXN-15889
S_NS1_Bp_010_419	RXN-16759
S_NS1_Bp_010_419	RXN-10994
S_NS1_Bp_010_420	ARGININE--TRNA-LIGASE-RXN
S_NS1_Bp_010_421	CHORISMATEMUT-RXN
S_NS1_Bp_010_422	CHORISMATEMUT-RXN
S_NS1_Bp_010_423	5.99.1.2-RXN
S_NS1_Bp_010_424	5.99.1.2-RXN
S_NS1_Bp_010_425	RXN-14047
S_NS1_Bp_010_426	METHYLENETHFDEHYDROG-NADP-RXN
S_NS1_Bp_010_427	RXN-11588
S_NS1_Bp_010_428	LEUCINE--TRNA-LIGASE-RXN
S_NS1_Bp_010_429	S-ADENMETSYN-RXN
S_NS1_Bp_010_430	3.4.21.92-RXN
S_NS1_Bp_010_431	3.4.21.92-RXN
S_NS1_Bp_010_432	RXN-14570
S_NS1_Bp_010_433	RXN0-6274
S_NS1_Bp_010_434	RXN-8976
S_NS1_Bp_010_434	RXN-11029
S_NS1_Bp_010_434	NACGLCTRANS-RXN
S_NS1_Bp_010_434	RXN-11346
S_NS1_Bp_010_435	RXN-8976
S_NS1_Bp_010_435	RXN-11029
S_NS1_Bp_010_435	NACGLCTRANS-RXN
S_NS1_Bp_010_435	RXN-11346
S_NS1_Bp_010_436	UDP-NACMURALA-GLU-LIG-RXN
S_NS1_Bp_010_437	RXN-8975
S_NS1_Bp_010_437	RXN-11347
S_NS1_Bp_010_437	PHOSNACMURPENTATRANS-RXN
S_NS1_Bp_010_438	UDP-NACMURALGLDAPAALIG-RXN
S_NS1_Bp_010_438	6.3.2.10-RXN
S_NS1_Bp_010_439	UDP-NACMURALGLDAPLIG-RXN
S_NS1_Bp_010_440	RXN-11638
S_NS1_Bp_010_441	RXN-10060
S_NS1_Bp_010_441	RXN-9518
S_NS1_Bp_010_441	RXN-9514
S_NS1_Bp_010_441	RXN-10655
S_NS1_Bp_010_441	RXN-10659
S_NS1_Bp_010_441	RXN-9536
S_NS1_Bp_010_441	RXN1G-240
S_NS1_Bp_010_441	RXN1G-203
S_NS1_Bp_010_441	RXN-13008
S_NS1_Bp_010_441	RXN-9556
S_NS1_Bp_010_441	RXN-9552
S_NS1_Bp_010_441	RXN1G-1247
S_NS1_Bp_010_441	RXN1G-881
S_NS1_Bp_010_441	RXN-16622
S_NS1_Bp_010_441	RXN-16626
S_NS1_Bp_010_441	RXN1G-358
S_NS1_Bp_010_441	RXN1G-157
S_NS1_Bp_010_441	RXN1G-508
S_NS1_Bp_010_441	RXN-9532
S_NS1_Bp_010_441	RXN0-2142
S_NS1_Bp_010_441	RXN1G-717
S_NS1_Bp_010_441	RXN-11480
S_NS1_Bp_010_441	RXN1G-481
S_NS1_Bp_010_441	RXN1G-252
S_NS1_Bp_010_441	3-OXOACYL-ACP-REDUCT-RXN
S_NS1_Bp_010_441	RXN-9524
S_NS1_Bp_010_441	RXN-9528
S_NS1_Bp_010_441	RXN1G-637
S_NS1_Bp_010_441	RXN1G-951
S_NS1_Bp_010_441	RXN-9540
S_NS1_Bp_010_441	RXN1G-408
S_NS1_Bp_010_441	RXN1G-409
S_NS1_Bp_010_441	RXN1G-617
S_NS1_Bp_010_441	RXN1G-613
S_NS1_Bp_010_441	RXN1G-384
S_NS1_Bp_010_441	RXN1G-469
S_NS1_Bp_010_441	RXN-16630
S_NS1_Bp_010_441	RXN1G-72
S_NS1_Bp_010_441	RXN1G-349
S_NS1_Bp_010_441	RXN1G-163
S_NS1_Bp_010_441	RXN-16616
S_NS1_Bp_010_441	RXN1G-853
S_NS1_Bp_010_441	RXN-11476
S_NS1_Bp_010_441	RXN1G-184
S_NS1_Bp_010_441	RXN1G-182
S_NS1_Bp_010_441	RXN1G-364
S_NS1_Bp_010_441	RXN1G-287
S_NS1_Bp_010_441	RXN1G-1053
S_NS1_Bp_010_441	RXN1G-1050
S_NS1_Bp_010_441	RXN-9633
S_NS1_Bp_010_441	RXN1G-262
S_NS1_Bp_010_441	RXN1G-260
S_NS1_Bp_010_442	L-ASPARTATE-OXID-RXN
S_NS1_Bp_010_443	RIBULP3EPIM-RXN
S_NS1_Bp_010_444	METHENYLTHFCYCLOHYDRO-RXN
S_NS1_Bp_010_445	CTPSYN-RXN
S_NS1_Bp_010_446	RXN66-532
S_NS1_Bp_010_446	PHOSPHOGLUCMUT-RXN
S_NS1_Bp_010_447	TYROSINE--TRNA-LIGASE-RXN
S_NS1_Bp_010_448	RXN0-743
S_NS1_Bp_010_449	URACIL-PRIBOSYLTRANS-RXN
S_NS1_Bp_010_450	ASPCARBTRANS-RXN
S_NS1_Bp_010_451	GTP-CYCLOHYDRO-I-RXN
S_NS1_Bp_010_453	DIHYDROXYMETVALDEHYDRAT-RXN
S_NS1_Bp_010_453	DIHYDROXYISOVALDEHYDRAT-RXN
S_NS1_Bp_010_454	ATPPHOSPHORIBOSYLTRANS-RXN
S_NS1_Bp_010_455	3.4.11.9-RXN
S_NS1_Bp_010_456	RXN-13600
S_NS1_Bp_010_456	RXN-13602
S_NS1_Bp_010_456	RXN-13603
S_NS1_Bp_010_456	RXN-9674
S_NS1_Bp_010_456	3.2.1.21-RXN
S_NS1_Bp_010_456	RXN-10773
S_NS1_Bp_010_456	RXN-10769
S_NS1_Bp_010_456	RXN-14179
S_NS1_Bp_010_456	RXN-5341
S_NS1_Bp_010_456	RXN-8036
S_NS1_Bp_010_457	RXN-13600
S_NS1_Bp_010_457	RXN-13602
S_NS1_Bp_010_457	RXN-13603
S_NS1_Bp_010_457	RXN-9674
S_NS1_Bp_010_457	3.2.1.21-RXN
S_NS1_Bp_010_457	RXN-10773
S_NS1_Bp_010_457	RXN-10769
S_NS1_Bp_010_457	RXN-14179
S_NS1_Bp_010_457	RXN-5341
S_NS1_Bp_010_457	RXN-8036
S_NS1_Bp_010_458	RXN-13600
S_NS1_Bp_010_458	RXN-13602
S_NS1_Bp_010_458	RXN-13603
S_NS1_Bp_010_458	RXN-9674
S_NS1_Bp_010_458	3.2.1.21-RXN
S_NS1_Bp_010_458	RXN-10773
S_NS1_Bp_010_458	RXN-10769
S_NS1_Bp_010_458	RXN-14179
S_NS1_Bp_010_458	RXN-5341
S_NS1_Bp_010_458	RXN-8036
S_NS1_Bp_010_459	RXN-13600
S_NS1_Bp_010_459	RXN-13602
S_NS1_Bp_010_459	RXN-13603
S_NS1_Bp_010_459	RXN-9674
S_NS1_Bp_010_459	3.2.1.21-RXN
S_NS1_Bp_010_459	RXN-10773
S_NS1_Bp_010_459	RXN-10769
S_NS1_Bp_010_459	RXN-14179
S_NS1_Bp_010_459	RXN-5341
S_NS1_Bp_010_459	RXN-8036
S_NS1_Bp_010_460	ARYLSULFATE-SULFOTRANSFERASE-RXN
S_NS1_Bp_010_461	RXN-14160
S_NS1_Bp_010_461	RXN-14073
S_NS1_Bp_010_461	GLYCPDIESTER-RXN
S_NS1_Bp_010_461	RXN-14136
S_NS1_Bp_010_462	RIBOKIN-RXN
S_NS1_Bp_010_462	RXN-14223
S_NS1_Bp_010_463	RIBOKIN-RXN
S_NS1_Bp_010_463	RXN-14223
S_NS1_Bp_010_464	RXN-11146
S_NS1_Bp_010_465	RXN-11146
S_NS1_Bp_010_466	RXN-11146
S_NS1_Bp_010_467	RXN-11146
S_NS1_Bp_010_468	3.2.1.10-RXN
S_NS1_Bp_010_469	PURINE-NUCLEOSIDASE-RXN
S_NS1_Bp_010_469	RXN0-363
S_NS1_Bp_010_469	RXN0-366
S_NS1_Bp_010_470	PURINE-NUCLEOSIDASE-RXN
S_NS1_Bp_010_470	RXN0-363
S_NS1_Bp_010_470	RXN0-366
S_NS1_Bp_010_471	GDPPYPHOSKIN-RXN
S_NS1_Bp_010_471	GTPPYPHOSKIN-RXN
S_NS1_Bp_010_472	GDPPYPHOSKIN-RXN
S_NS1_Bp_010_472	GTPPYPHOSKIN-RXN
S_NS1_Bp_010_473	RXN-16009
S_NS1_Bp_010_474	6PGLUCONOLACT-RXN
S_NS1_Bp_010_475	SUCCDIAMINOPIMDESUCC-RXN
S_NS1_Bp_010_476	3.2.1.37-RXN
S_NS1_Bp_010_477	3.2.1.37-RXN
S_NS1_Bp_010_478	3.2.1.37-RXN
S_NS1_Bp_010_479	3.2.1.37-RXN
S_NS1_Bp_010_480	CREATININASE-RXN
S_NS1_Bp_010_481	RXN-15127
S_NS1_Bp_010_482	XYLULOKIN-RXN
S_NS1_Bp_010_483	5.4.99.16-RXN
S_NS1_Bp_010_484	5.4.99.16-RXN
S_NS1_Bp_010_485	OROTATE-REDUCTASE-NADH-RXN
S_NS1_Bp_010_486	3.2.1.55-RXN
S_NS1_Bp_010_487	3.2.1.55-RXN
S_NS1_Bp_010_488	L-GLN-FRUCT-6-P-AMINOTRANS-RXN
S_NS1_Bp_010_489	RXN-12402
S_NS1_Bp_010_489	RXN0-5001
S_NS1_Bp_010_490	3.2.1.25-RXN
S_NS1_Bp_010_491	RIBULPEPIM-RXN
S_NS1_Bp_010_492	5.4.2.10-RXN
S_NS1_Bp_010_493	GALPMUT-RXN
S_NS1_Bp_010_494	RXN-12280
S_NS1_Bp_010_494	RXN-14380
S_NS1_Bp_010_494	3.2.1.68-RXN
S_NS1_Bp_010_494	RXN-4301
S_NS1_Bp_010_495	RXN-12280
S_NS1_Bp_010_495	RXN-14380
S_NS1_Bp_010_495	3.2.1.68-RXN
S_NS1_Bp_010_495	RXN-4301
S_NS1_Bp_010_496	RXN-12280
S_NS1_Bp_010_496	RXN-14380
S_NS1_Bp_010_496	3.2.1.68-RXN
S_NS1_Bp_010_496	RXN-4301
S_NS1_Bp_010_497	RIB5PISOM-RXN
S_NS1_Bp_010_498	RXN-1461
S_NS1_Bp_010_498	RXN-9985
S_NS1_Bp_010_499	DEPHOSPHOCOAKIN-RXN
S_NS1_Bp_010_500	L-LACTATE-DEHYDROGENASE-RXN
S_NS1_Bp_010_501	L-LACTATE-DEHYDROGENASE-RXN
S_NS1_Bp_010_502	RXN-13671
S_NS1_Bp_010_502	ACETALD-DEHYDROG-RXN
S_NS1_Bp_010_503	RXN-8141
S_NS1_Bp_010_504	RXN-8141
S_NS1_Bp_010_505	DEOXYGLUCONOKIN-RXN
S_NS1_Bp_010_506	PNKIN-RXN
S_NS1_Bp_010_506	PYRAMKIN-RXN
S_NS1_Bp_010_506	PYRIDOXKIN-RXN
S_NS1_Bp_010_507	AMYLOSUCRASE-RXN
S_NS1_Bp_010_508	AMYLOSUCRASE-RXN
S_NS1_Bp_010_509	AMYLOSUCRASE-RXN
S_NS1_Bp_010_510	ACETYL-COA-CARBOXYLTRANSFER-RXN
S_NS1_Bp_010_510	RXN0-5055
S_NS1_Bp_010_511	RXN-7737
S_NS1_Bp_010_512	GALACTOACETYLTRAN-RXN
S_NS1_Bp_010_513	GALACTOACETYLTRAN-RXN
S_NS1_Bp_010_514	GALACTOACETYLTRAN-RXN
S_NS1_Bp_010_515	2.3.1.128-RXN
S_NS1_Bp_010_516	2.3.1.128-RXN
S_NS1_Bp_010_517	GLUC1PADENYLTRANS-RXN
S_NS1_Bp_010_518	RXN0-5224
S_NS1_Bp_010_518	CARBODEHYDRAT-RXN
S_NS1_Bp_010_519	UDP-NACMUR-ALA-LIG-RXN
S_NS1_Bp_010_520	UDP-NACMUR-ALA-LIG-RXN
S_NS1_Bp_010_521	NICOTINATEPRIBOSYLTRANS-RXN
S_NS1_Bp_010_522	XANPRIBOSYLTRAN-RXN
S_NS1_Bp_010_523	RXN-12302
S_NS1_Bp_010_523	RXN-1824
S_NS1_Bp_010_524	RXN-12302
S_NS1_Bp_010_524	RXN-1824
S_NS1_Bp_010_525	DUTP-PYROP-RXN
S_NS1_Bp_010_526	GLUCOSYLCERAMIDASE-RXN
S_NS1_Bp_010_528	FLAVONADPREDUCT-RXN
S_NS1_Bp_010_528	1.18.1.2-RXN
S_NS1_Bp_010_529	RXN-13290
S_NS1_Bp_010_529	RXN-16389
S_NS1_Bp_010_529	RXN-9673
S_NS1_Bp_010_529	ACYLCOASYN-RXN
S_NS1_Bp_010_529	RXN-12184
S_NS1_Bp_010_529	RXN-16380
S_NS1_Bp_010_529	R223-RXN
S_NS1_Bp_010_529	LINOLENOYL-RXN
S_NS1_Bp_010_529	RXN66-469
S_NS1_Bp_010_529	RXN-16401
S_NS1_Bp_010_529	RXN-16402
S_NS1_Bp_010_529	RXN66-483
S_NS1_Bp_010_529	RXN66-480
S_NS1_Bp_010_529	RXN66-484
S_NS1_Bp_010_529	RXN-9623
S_NS1_Bp_010_529	RXN-9644
S_NS1_Bp_010_529	RXN-16393
S_NS1_Bp_010_529	RXN-13614
S_NS1_Bp_010_529	RXN-7904
S_NS1_Bp_010_529	RXN-12978
S_NS1_Bp_010_529	RXN66-477
S_NS1_Bp_010_529	RXN-16418
S_NS1_Bp_010_529	RXN-16415
S_NS1_Bp_010_530	RXN-13290
S_NS1_Bp_010_530	RXN-16389
S_NS1_Bp_010_530	RXN-9673
S_NS1_Bp_010_530	ACYLCOASYN-RXN
S_NS1_Bp_010_530	RXN-12184
S_NS1_Bp_010_530	RXN-16380
S_NS1_Bp_010_530	R223-RXN
S_NS1_Bp_010_530	LINOLENOYL-RXN
S_NS1_Bp_010_530	RXN66-469
S_NS1_Bp_010_530	RXN-16401
S_NS1_Bp_010_530	RXN-16402
S_NS1_Bp_010_530	RXN66-483
S_NS1_Bp_010_530	RXN66-480
S_NS1_Bp_010_530	RXN66-484
S_NS1_Bp_010_530	RXN-9623
S_NS1_Bp_010_530	RXN-9644
S_NS1_Bp_010_530	RXN-16393
S_NS1_Bp_010_530	RXN-13614
S_NS1_Bp_010_530	RXN-7904
S_NS1_Bp_010_530	RXN-12978
S_NS1_Bp_010_530	RXN66-477
S_NS1_Bp_010_530	RXN-16418
S_NS1_Bp_010_530	RXN-16415
S_NS1_Bp_010_531	RXN-13290
S_NS1_Bp_010_531	RXN-16389
S_NS1_Bp_010_531	RXN-9673
S_NS1_Bp_010_531	ACYLCOASYN-RXN
S_NS1_Bp_010_531	RXN-12184
S_NS1_Bp_010_531	RXN-16380
S_NS1_Bp_010_531	R223-RXN
S_NS1_Bp_010_531	LINOLENOYL-RXN
S_NS1_Bp_010_531	RXN66-469
S_NS1_Bp_010_531	RXN-16401
S_NS1_Bp_010_531	RXN-16402
S_NS1_Bp_010_531	RXN66-483
S_NS1_Bp_010_531	RXN66-480
S_NS1_Bp_010_531	RXN66-484
S_NS1_Bp_010_531	RXN-9623
S_NS1_Bp_010_531	RXN-9644
S_NS1_Bp_010_531	RXN-16393
S_NS1_Bp_010_531	RXN-13614
S_NS1_Bp_010_531	RXN-7904
S_NS1_Bp_010_531	RXN-12978
S_NS1_Bp_010_531	RXN66-477
S_NS1_Bp_010_531	RXN-16418
S_NS1_Bp_010_531	RXN-16415
S_NS1_Bp_010_532	RXN-13290
S_NS1_Bp_010_532	RXN-16389
S_NS1_Bp_010_532	RXN-9673
S_NS1_Bp_010_532	ACYLCOASYN-RXN
S_NS1_Bp_010_532	RXN-12184
S_NS1_Bp_010_532	RXN-16380
S_NS1_Bp_010_532	R223-RXN
S_NS1_Bp_010_532	LINOLENOYL-RXN
S_NS1_Bp_010_532	RXN66-469
S_NS1_Bp_010_532	RXN-16401
S_NS1_Bp_010_532	RXN-16402
S_NS1_Bp_010_532	RXN66-483
S_NS1_Bp_010_532	RXN66-480
S_NS1_Bp_010_532	RXN66-484
S_NS1_Bp_010_532	RXN-9623
S_NS1_Bp_010_532	RXN-9644
S_NS1_Bp_010_532	RXN-16393
S_NS1_Bp_010_532	RXN-13614
S_NS1_Bp_010_532	RXN-7904
S_NS1_Bp_010_532	RXN-12978
S_NS1_Bp_010_532	RXN66-477
S_NS1_Bp_010_532	RXN-16418
S_NS1_Bp_010_532	RXN-16415
S_NS1_Bp_010_533	GLYOHMETRANS-RXN
S_NS1_Bp_010_534	UDPNACETYLMURAMATEDEHYDROG-RXN
S_NS1_Bp_010_535	RXN-15138
S_NS1_Bp_010_535	2-HALOACID-DEHALOGENASE-RXN
S_NS1_Bp_010_536	RXN-15138
S_NS1_Bp_010_536	2-HALOACID-DEHALOGENASE-RXN
S_NS1_Bp_010_537	RIBOSYLHOMOCYSTEINASE-RXN
S_NS1_Bp_010_538	GLU6PDEHYDROG-RXN
S_NS1_Bp_010_540	RXN-9952
S_NS1_Bp_010_541	ADENOSYLHOMOCYSTEINE-NUCLEOSIDASE-RXN
S_NS1_Bp_010_542	BIOTIN-CARBOXYL-RXN
S_NS1_Bp_010_543	TRANSALDOL-RXN
S_NS1_Bp_010_544	CHOLOYLGLYCINE-HYDROLASE-RXN
S_NS1_Bp_010_545	RXN-3341
S_NS1_Bp_010_546	3.4.21.105-RXN
S_NS1_Bp_010_547	DCTP-DEAM-RXN
S_NS1_Bp_010_547	RXN-14118
S_NS1_Bp_010_548	GLYCOLALDREDUCT-RXN
S_NS1_Bp_010_548	LACTALDREDUCT-RXN
S_NS1_Bp_010_548	RXN-8641
S_NS1_Bp_010_549	GKI-RXN
S_NS1_Bp_010_550	OLEATE-HYDRATASE-RXN
S_NS1_Bp_010_551	ASPARAGHYD-RXN
S_NS1_Bp_010_552	PYROGLUTAMYL-PEPTIDASE-I-RXN
S_NS1_Bp_010_553	RIBAZOLEPHOSPHAT-RXN
S_NS1_Bp_010_553	RXN-8770
S_NS1_Bp_010_554	THRESYN-RXN
S_NS1_Bp_010_555	3.4.21.88-RXN
S_NS1_Bp_010_556	HISTPRATPHYD-RXN
S_NS1_Bp_010_557	HISTPRATPHYD-RXN
S_NS1_Bp_010_558	LYSOPHOSPHOLIPASE-RXN
S_NS1_Bp_010_558	RXN-15035
S_NS1_Bp_010_559	PSERTRANSAMPYR-RXN
S_NS1_Bp_010_559	PSERTRANSAM-RXN
S_NS1_Bp_010_560	GLUTRACE-RXN
S_NS1_Bp_010_561	RXN0-6515
S_NS1_Bp_010_562	THIAMIN-PYROPHOSPHOKINASE-RXN
S_NS1_Bp_010_563	GALACTURIDYLYLTRANS-RXN
S_NS1_Bp_010_564	GALACTURIDYLYLTRANS-RXN
S_NS1_Bp_010_565	RXN-2043
S_NS1_Bp_010_566	RXN-2043
S_NS1_Bp_010_567	RXN-2043
S_NS1_Bp_010_568	TRNA-CYTIDYLYLTRANSFERASE-RXN
S_NS1_Bp_010_569	HOMSUCTRAN-RXN
S_NS1_Bp_010_570	ARABISOM-RXN
S_NS1_Bp_010_571	GLUTAMATE-SYNTHASE-FERREDOXIN-RXN
S_NS1_Bp_010_572	CYTDEAM-RXN
S_NS1_Bp_010_572	RXN-14129
S_NS1_Bp_010_572	RXN-14197
S_NS1_Bp_010_573	NADPYROPHOSPHAT-RXN
S_NS1_Bp_010_574	RXN-11578
S_NS1_Bp_010_575	ACETATEKIN-RXN
S_NS1_Bp_010_576	RXN-11322
S_NS1_Bp_010_577	RXN-11322
S_NS1_Bp_010_578	NAG1P-URIDYLTRANS-RXN
S_NS1_Bp_010_579	2.3.1.157-RXN
S_NS1_Bp_010_580	DIACYLGLYKIN-RXN
S_NS1_Bp_010_581	FRUCTOSE-6-PHOSPHATE-PHOSPHOKETOLASE-RXN
S_NS1_Bp_010_582	PHOSPHOKETOLASE-RXN
S_NS1_Bp_010_583	RXN-15513
S_NS1_Bp_010_584	RXN-15513
S_NS1_Bp_010_585	RXN-15513
S_NS1_Bp_010_586	PEPCARBOX-RXN
S_NS1_Bp_010_587	ALANINE-AMINOTRANSFERASE-RXN
S_NS1_Bp_010_587	RXN-13698
S_NS1_Bp_010_588	ALANINE-AMINOTRANSFERASE-RXN
S_NS1_Bp_010_588	RXN-13698
S_NS1_Bp_010_589	ALANINE-AMINOTRANSFERASE-RXN
S_NS1_Bp_010_589	RXN-13698
S_NS1_Bp_010_590	ALANINE-AMINOTRANSFERASE-RXN
S_NS1_Bp_010_590	RXN-13698
S_NS1_Bp_010_591	RXN-6380
S_NS1_Bp_010_592	GLCNACPTRANS-RXN
S_NS1_Bp_010_593	3.2.1.58-RXN
S_NS1_Bp_010_594	3.2.1.58-RXN
S_NS1_Bp_010_595	3.2.1.58-RXN
S_NS1_Bp_010_596	HOMOSERKIN-RXN
S_NS1_Bp_010_597	3.6.3.4-RXN
S_NS1_Bp_010_598	3.6.3.4-RXN
S_NS1_Bp_010_599	TETHYDPICSUCC-RXN
S_NS1_Bp_010_600	RXN-10857
S_NS1_Bp_010_600	H2NEOPTERINALDOL-RXN
S_NS1_Bp_010_601	RXN-11843
S_NS1_Bp_010_602	RXN-11842
S_NS1_Bp_010_603	RXN-9929
S_NS1_Bp_010_604	RXN-9929
S_NS1_Bp_010_605	RXN-13028
S_NS1_Bp_010_606	NICOTINAMID-RXN
S_NS1_Bp_010_607	RXN0-742
S_NS1_Bp_010_608	GLUTCYSLIG-RXN
S_NS1_Bp_010_609	RXN-13677
S_NS1_Bp_010_609	RXN-6642
S_NS1_Bp_010_609	3.4.11.2-RXN
S_NS1_Bp_010_610	PSERPHOSPHA-RXN
S_NS1_Bp_010_610	RXN0-5114
S_NS1_Bp_010_611	RXN-11576
S_NS1_Bp_010_612	3.4.22.40-RXN
S_NS1_Bp_010_613	3.4.22.40-RXN
S_NS1_Bp_010_614	3.4.22.40-RXN
S_NS1_Bp_010_615	O-SUCCHOMOSERLYASE-RXN
S_NS1_Bp_010_616	RXN-12613
S_NS1_Bp_010_616	THIAMINASE-RXN
S_NS1_Bp_010_617	RXN-12613
S_NS1_Bp_010_617	THIAMINASE-RXN
S_NS1_Bp_010_618	RXN-9789
S_NS1_Bp_010_619	PSEUDOURIDINE-KINASE-RXN
S_NS1_Bp_010_620	PSEUDOURIDINE-KINASE-RXN
S_NS1_Bp_010_621	RXN0-4181
S_NS1_Bp_010_622	RXN-14995
S_NS1_Bp_010_622	RXN-14996
S_NS1_Bp_010_624	2.7.7.40-RXN
S_NS1_Bp_010_625	RXN0-4082
S_NS1_Bp_010_625	3.2.1.14-RXN
S_NS1_Bp_010_625	RXN-12624
S_NS1_Bp_010_625	RXN-12623
S_NS1_Bp_010_626	RIBOSYLPYRIMIDINE-NUCLEOSIDASE-RXN
S_NS1_Bp_010_627	GLUCONOKIN-RXN
S_NS1_Bp_010_628	PYRNUTRANSHYDROGEN-RXN
S_NS1_Bp_010_628	TRANS-RXN0-277
S_NS1_Bp_010_629	PYRNUTRANSHYDROGEN-RXN
S_NS1_Bp_010_629	TRANS-RXN0-277
S_NS1_Bp_010_630	PYRNUTRANSHYDROGEN-RXN
S_NS1_Bp_010_630	TRANS-RXN0-277
S_NS1_Bp_010_631	3.6.3.44-RXN
S_NS1_Bp_010_632	RXN-8852
S_NS1_Bp_010_633	RXN-8852
S_NS1_Bp_010_635	RXN0-6427
S_NS1_Bp_010_635	PPGPPSYN-RXN
S_NS1_Bp_010_636	2.1.1.34-RXN
S_NS1_Bp_010_637	3.4.21.83-RXN
S_NS1_Bp_010_638	XYLISOM-RXN
S_NS1_Bp_010_638	GLUCISOM-RXN
S_NS1_Bp_010_639	RXN0-6478
S_NS1_Bp_010_639	3.1.26.12-RXN
S_NS1_Bp_010_639	RXN0-6521
S_NS1_Bp_010_639	RXN0-6523
S_NS1_Bp_010_639	RXN0-6522
S_NS1_Bp_010_639	RXN0-6485
S_NS1_Bp_010_640	3.4.19.5-RXN
S_NS1_Bp_010_641	SUCROSE-PHOSPHORYLASE-RXN
S_NS1_Bp_010_642	URITRANS-RXN
S_NS1_Bp_010_644	GSADENYLATION-RXN
S_NS1_Bp_010_645	RXN0-1382
S_NS1_Bp_010_646	1.1.1.127-RXN
S_NS1_Bp_010_647	OXALYL-COA-DECARBOXYLASE-RXN
S_NS1_Bp_010_648	3.2.1.99-RXN
S_NS1_Bp_010_649	3.2.1.99-RXN
S_NS1_Bp_010_650	RXN-14092
S_NS1_Bp_010_651	RXN-12469
S_NS1_Bp_010_652	RXN-12466
S_NS1_Bp_010_654	RXN-14089
S_NS1_Bp_010_655	D-XYLULOSE-REDUCTASE-RXN
S_NS1_Bp_010_656	RXN-11674
S_NS1_Bp_010_657	3.4.14.5-RXN
S_NS1_Bp_010_658	RXN-11487
S_NS1_Bp_010_658	RXN-11962
S_NS1_Bp_010_658	RXN-14176
S_NS1_Bp_010_659	RXN-11023
S_NS1_Bp_010_660	3.4.11.5-RXN
S_NS1_Bp_010_661	CYSTATHIONINE-BETA-SYNTHASE-RXN
S_NS1_Bp_010_662	2.7.1.63-RXN
S_NS1_Bp_010_666	RXN-11453
S_NS1_Bp_010_667	RXN-11451
S_NS1_Bp_010_668	3.4.24.71-RXN
S_NS1_Bp_010_669	3.4.24.11-RXN
S_NS1_Bp_010_670	3.2.1.78-RXN
S_NS1_Bp_010_671	RXN66-579
S_NS1_Bp_010_671	MYO-INOSITOL-1-PHOSPHATE-SYNTHASE-RXN
S_NS1_Bp_010_672	3.2.1.156-RXN
S_NS1_Bp_010_673	STREPTOMYCIN-6-PHOSPHATASE-RXN
S_NS1_Bp_010_674	RXN-864
S_NS1_Bp_010_675	RXN-11077
S_NS1_Bp_010_676	ARYL-ALCOHOL-DEHYDROGENASE-NADP+-RXN
S_NS1_Bp_010_676	RXN0-5141
S_NS1_Bp_010_677	2.7.8.11-RXN
S_NS1_Bp_010_678	RXN-11187
