feature	EC.1.6.5.3	EC.3.6.4.12	EC.3.2.1.23	EC.3.2.1.52	EC.2.7.7.7	EC.2.1.1.72	EC.3.6.3.12	EC.5.2.1.8	EC.2.7.13.3	EC.3.5.1.28	EC.3.2.1.51	EC.3.1.3.18	EC.3.6.1.1	EC.4.1.3.27	EC.3.2.1.18	EC.2.7.11.1	EC.3.4.16.4	EC.3.1.21.3	EC.3.6.4.13	EC.6.3.5.5	EC.3.4.24.70	EC.1.8.1.2	EC.3.1.3.48	EC.2.7.7.6	EC.2.3.3.13	EC.2.1.1.191	EC.4.2.1.20	EC.6.3.5.6	EC.6.3.5.7	EC.2.7.1.11	EC.4.2.1.129	EC.3.2.2.27	EC.2.1.1.176	EC.5.4.99.17	EC.3.6.3.14	EC.3.6.1.66	EC.1.17.99.6	EC.1.5.1.20	EC.6.3.5.3	EC.3.1.26.4	EC.3.1.3.16	EC.2.7.8.12	EC.2.3.1.15	EC.2.5.1.3	EC.2.3.1.79	EC.3.2.1.35	EC.3.2.1.169	EC.2.3.1.48	EC.6.1.1.20	EC.5.4.99.2	EC.5.3.1.12	EC.4.1.3.38	EC.1.3.5.1	EC.3.6.3.34	EC.2.7.7.13	EC.6.3.2.4	EC.5.99.1.3	EC.4.2.1.33	EC.4.4.1.8	EC.2.7.1.180	EC.2.5.1.49	EC.2.5.1.47	EC.2.7.1.49	EC.2.7.4.7	EC.4.1.99.17	EC.4.1.1.3	EC.6.3.1.2	EC.2.4.2.7	EC.2.7.4.3	EC.3.4.21.89	EC.2.8.1.7	EC.3.6.3.27	EC.2.7.7.4	EC.2.3.1.1	EC.5.4.99.23	EC.5.1.3.2	EC.4.2.1.11	EC.5.3.4.1	EC.3.2.1.22	EC.1.1.98.6	EC.3.6.3.54	EC.1.2.4.1	EC.1.8.4.12	EC.1.8.4.11	EC.3.5.2.3	EC.3.6.1.55	EC.2.7.1.2	EC.3.3.1.1	EC.4.2.3.4	EC.4.2.1.35	EC.3.1.1.53	EC.1.3.5.4	EC.3.5.1.88	EC.1.97.1.4	EC.3.2.1.20	EC.6.2.1.5	EC.5.4.99.22	EC.2.7.1.90	EC.2.2.1.6	EC.4.1.1.48	EC.5.1.1.1	EC.3.1.11.6	EC.1.10.3.14	EC.3.2.1.1	EC.3.5.1.2	EC.2.1.1.63	EC.2.2.1.9	EC.3.4.23.43	EC.6.1.1.10	EC.1.1.1.40	EC.3.2.1.178	EC.5.1.3.29	EC.3.1.21.5	EC.2.4.1.52	EC.4.2.1.113	EC.1.2.7.3	EC.4.1.1.44	EC.1.1.1.133	EC.3.5.99.6	EC.2.1.1.227	EC.2.1.1.226	EC.2.7.1.51	EC.5.3.1.3	EC.5.3.1.25	EC.3.2.2.10	EC.2.7.1.25	EC.2.4.2.10	EC.3.6.1.27	EC.4.1.1.23	EC.5.1.3.15	EC.6.1.1.12	EC.2.3.1.47	EC.3.1.1.1	EC.1.8.1.9	EC.4.3.1.17	EC.1.2.1.11	EC.2.5.1.29	EC.2.5.1.10	EC.2.5.1.1	EC.2.4.2.19	EC.1.4.3.5	EC.3.1.26.5	EC.4.2.1.136	EC.1.4.1.14	EC.1.4.1.13	EC.3.5.1.104	EC.4.2.1.47	EC.1.1.1.271	EC.5.3.1.8	EC.4.6.1.12	EC.3.1.3.25	EC.2.1.1.177	EC.1.8.4.8	EC.5.1.99.6	EC.2.3.1.39	EC.1.11.1.15	EC.1.8.4.10	EC.3.6.1.40	EC.3.4.23.36	EC.6.1.1.5	EC.3.5.2.6	EC.2.3.1.31	EC.2.7.1.33	EC.2.1.2.9	EC.2.7.1.6	EC.3.1.11.2	EC.3.5.1.25	EC.3.5.1.124	EC.2.7.4.1	EC.3.6.1.11	EC.6.3.1.20	EC.3.4.11.18	EC.2.3.1.241	EC.2.7.1.23	EC.3.1.3.5	EC.6.3.2.17	EC.6.3.2.12	EC.2.4.1.182	EC.1.4.1.4	EC.2.7.1.202	EC.2.3.1.54	EC.2.1.1.45	EC.5.3.1.24	EC.4.4.1.16	EC.5.1.99.1	EC.2.1.3.15	EC.5.1.3.3	EC.2.7.4.22	EC.1.2.1.12	EC.2.3.1.179	EC.2.7.14.1	EC.3.2.1.50	EC.3.1.21.4	EC.2.7.7.60	EC.6.1.1.2	EC.2.7.1.4	EC.2.3.1.29	EC.2.1.1.228	EC.1.20.4.1	EC.2.4.1.1	EC.1.1.1.103	EC.3.6.3.8	EC.1.2.5.1	EC.1.2.3.3	EC.2.4.2.18	EC.4.2.1.46	EC.2.7.7.24	EC.6.3.4.15	EC.6.4.1.3	EC.6.1.1.21	EC.1.1.1.85	EC.2.7.2.3	EC.2.5.1.15	EC.6.3.4.4	EC.2.1.2.2	EC.1.5.5.2	EC.1.2.1.88	EC.1.11.1.6	EC.3.5.1.42	EC.2.7.1.40	EC.2.1.2.10	EC.1.4.4.2	EC.1.17.7.3	EC.1.17.7.1	EC.2.7.8.8	EC.3.1.1.29	EC.6.1.1.7	EC.2.1.1.182	EC.4.1.99.19	EC.6.3.3.1	EC.2.4.2.14	EC.4.1.1.36	EC.6.3.2.5	EC.3.1.3.100	EC.2.4.99.15	EC.2.4.99.14	EC.2.4.99.13	EC.3.4.24.3	EC.3.5.1.53	EC.3.1.3.15	EC.4.2.3.12	EC.2.7.4.8	EC.2.3.1.180	EC.1.1.1.267	EC.2.7.7.3	EC.2.7.7.9	EC.2.1.1.197	EC.2.1.1.144	EC.2.7.7.39	EC.2.5.1.74	EC.2.5.1.72	EC.3.6.5.4	EC.4.1.2.50	EC.6.1.1.11	EC.4.2.1.2	EC.6.2.1.26	EC.4.3.3.7	EC.1.17.1.8	EC.2.7.6.3	EC.2.1.2.11	EC.4.1.1.35	EC.4.2.1.24	EC.6.1.1.3	EC.2.4.1.129	EC.2.3.1.129	EC.2.4.99.12	EC.1.1.1.94	EC.6.1.1.6	EC.6.3.5.2	EC.2.6.1.42	EC.4.1.2.13	EC.4.1.1.20	EC.2.8.1.10	EC.2.4.99.17	EC.4.3.99.3	EC.1.1.1.95	EC.1.1.1.399	EC.5.5.1.16	EC.6.1.1.22	EC.1.1.1.205	EC.4.2.1.10	EC.1.2.7.1	EC.2.5.1.54	EC.4.1.1.11	EC.2.7.7.2	EC.2.7.1.26	EC.5.4.99.25	EC.3.1.3.7	EC.3.1.13.3	EC.5.1.3.20	EC.3.1.22.4	EC.6.3.4.19	EC.2.3.1.8	EC.1.1.1.262	EC.4.2.1.19	EC.2.7.6.1	EC.1.1.3.15	EC.3.5.4.26	EC.1.1.1.193	EC.2.7.7.15	EC.4.3.1.12	EC.4.1.1.81	EC.2.7.7.74	EC.2.6.1.9	EC.2.4.1.18	EC.2.1.3.3	EC.2.7.3.9	EC.6.3.3.2	EC.6.1.1.14	EC.1.1.1.22	EC.1.1.1.37	EC.1.5.1.34	EC.5.4.99.19	EC.3.6.3.21	EC.1.2.1.38	EC.2.3.1.35	EC.5.3.1.16	EC.2.1.1.193	EC.2.5.1.99	EC.2.5.1.32	EC.1.5.1.3	EC.5.4.99.20	EC.2.7.1.50	EC.2.7.1.71	EC.2.3.1.51	EC.1.5.1.36	EC.3.1.26.3	EC.2.1.1.198	EC.3.5.4.19	EC.3.2.2.28	EC.2.7.1.221	EC.1.16.3.2	EC.6.3.5.1	EC.1.1.1.23	EC.2.7.7.87	EC.2.4.2.29	EC.1.3.5.2	EC.2.1.1.33	EC.2.5.1.39	EC.6.1.1.9	EC.5.4.2.12	EC.2.2.1.7	EC.2.3.1.28	EC.1.3.1.12	EC.3.5.4.12	EC.2.3.1.40	EC.4.1.3.36	EC.2.5.1.21	EC.2.7.4.25	EC.2.7.4.16	EC.4.3.1.19	EC.1.4.1.16	EC.2.6.1.59	EC.6.3.5.10	EC.2.7.8.26	EC.5.3.1.13	EC.2.4.2.21	EC.6.3.1.10	EC.2.3.1.30	EC.1.2.1.41	EC.2.7.2.11	EC.2.2.1.1	EC.6.3.2.6	EC.3.5.4.28	EC.4.2.99.18	EC.3.5.4.31	EC.6.3.4.5	EC.1.8.1.4	EC.5.3.1.1	EC.3.1.6.1	EC.2.3.1.61	EC.3.1.13.5	EC.2.7.1.130	EC.1.2.4.2	EC.2.1.1.14	EC.4.1.1.15	EC.6.2.1.20	EC.2.1.1.37	EC.4.3.2.2	EC.1.1.1.25	EC.1.17.4.1	EC.1.8.1.8	EC.2.7.2.4	EC.1.1.1.3	EC.2.1.1.13	EC.2.6.1.85	EC.5.4.4.2	EC.5.1.3.8	EC.4.1.3.3	EC.3.4.11.4	EC.1.1.1.42	EC.2.7.7.8	EC.2.4.2.8	EC.2.3.1.183	EC.2.7.4.9	EC.6.3.4.20	EC.4.2.1.59	EC.3.5.1.108	EC.1.1.1.1	EC.1.7.1.13	EC.6.1.1.17	EC.4.2.3.5	EC.2.5.1.7	EC.2.3.2.6	EC.2.7.9.1	EC.5.3.1.9	EC.1.5.1.2	EC.3.1.5.1	EC.5.4.99.12	EC.2.7.7.18	EC.2.7.7.56	EC.6.3.3.3	EC.6.3.2.1	EC.2.3.1.191	EC.1.1.1.169	EC.6.3.4.3	EC.6.3.4.13	EC.3.1.3.83	EC.3.1.3.82	EC.5.3.1.28	EC.2.7.7.70	EC.2.7.1.167	EC.5.4.3.8	EC.6.1.1.18	EC.4.1.99.12	EC.3.5.4.25	EC.2.5.1.78	EC.2.1.1.192	EC.4.1.99.1	EC.3.2.2.20	EC.2.3.1.57	EC.2.6.1.62	EC.2.8.1.6	EC.2.1.1.190	EC.3.4.11.10	EC.2.5.1.9	EC.6.1.1.15	EC.2.1.1.297	EC.5.1.1.7	EC.2.1.1.201	EC.2.1.1.163	EC.4.3.2.1	EC.2.4.1.25	EC.3.1.21.2	EC.2.8.4.3	EC.2.8.4.4	EC.6.1.1.16	EC.3.4.13.22	EC.3.4.21.102	EC.3.1.3.1	EC.2.6.1.17	EC.2.6.1.11	EC.2.7.7.41	EC.3.1.4.55	EC.2.3.1.12	EC.2.7.7.19	EC.2.6.1.66	EC.2.1.1.107	EC.3.4.11.6	EC.2.7.8.5	EC.6.5.1.2	EC.4.2.1.51	EC.2.3.3.1	EC.2.1.1.207	EC.2.5.1.19	EC.2.7.4.6	EC.4.1.2.48	EC.1.1.1.86	EC.2.6.1.1	EC.2.5.1.31	EC.2.7.1.148	EC.2.7.2.8	EC.3.5.4.10	EC.2.1.2.3	EC.2.6.99.2	EC.2.7.8.7	EC.4.1.1.32	EC.1.15.1.1	EC.6.1.1.19	EC.6.3.5.9	EC.6.3.5.11	EC.4.99.1.12	EC.3.6.1.13	EC.2.5.1.90	EC.5.4.99.5	EC.5.99.1.2	EC.4.2.1.3	EC.1.5.1.5	EC.2.1.1.185	EC.6.1.1.4	EC.2.5.1.6	EC.1.14.11.27	EC.3.4.21.92	EC.2.3.1.234	EC.2.5.1.75	EC.6.3.2.45	EC.2.5.1.55	EC.4.99.1.3	EC.4.1.1.96	EC.4.1.1.19	EC.2.3.1.181	EC.2.7.1.156	EC.2.7.7.62	EC.2.4.1.227	EC.6.3.2.9	EC.2.7.8.13	EC.6.3.2.10	EC.6.3.2.13	EC.2.1.1.199	EC.2.8.1.13	EC.1.1.1.100	EC.4.2.99.20	EC.1.4.3.16	EC.5.1.3.1	EC.3.5.4.9	EC.1.11.1.5	EC.6.3.4.2	EC.2.7.7.38	EC.5.4.2.2	EC.1.5.1.7	EC.6.1.1.1	EC.3.4.21.116	EC.3.5.3.12	EC.5.4.99.18	EC.2.4.2.9	EC.2.1.3.2	EC.1.3.1.10	EC.1.3.1.9	EC.2.1.1.178	EC.3.5.4.16	EC.1.2.1.70	EC.2.5.1.61	EC.1.17.7.4	EC.4.2.1.9	EC.2.4.2.17	EC.3.4.11.9	EC.4.1.1.65	EC.3.5.4.33	EC.2.8.1.8	EC.4.2.1.75	EC.3.6.3.17	EC.3.2.1.180	EC.3.2.1.21	EC.3.2.1.86	EC.2.8.2.22	EC.3.1.4.46	EC.2.7.1.15	EC.2.4.2.3	EC.1.12.1.3	EC.2.7.1.194	EC.3.6.3.30	EC.4.4.1.5	EC.1.2.5.3	EC.2.4.2.1	EC.4.1.2.4	EC.4.1.2.17	EC.3.4.22.70	EC.3.2.1.10	EC.3.2.1.24	EC.3.5.4.40	EC.3.2.2.1	EC.2.7.6.5	EC.3.1.3.97	EC.3.1.1.31	EC.3.2.1.31	EC.2.7.1.121	EC.3.5.1.18	EC.3.2.1.37	EC.3.2.1.172	EC.1.17.1.4	EC.3.5.2.10	EC.4.99.1.4	EC.1.3.1.76	EC.5.1.3.31	EC.3.5.99.10	EC.3.5.1.44	EC.2.7.1.17	EC.3.2.1.40	EC.3.4.13.9	EC.5.4.99.16	EC.4.2.1.7	EC.5.1.3.30	EC.1.3.1.14	EC.3.2.1.55	EC.5.1.3.13	EC.5.4.2.6	EC.3.6.3.31	EC.2.7.1.211	EC.3.1.11.5	EC.1.1.1.14	EC.2.4.1.230	EC.2.6.1.16	EC.3.6.3.3	EC.6.5.1.3	EC.2.4.1.64	EC.3.5.4.5	EC.2.7.1.5	EC.3.2.1.177	EC.3.6.3.5	EC.3.2.1.25	EC.5.1.3.4	EC.5.1.3.22	EC.2.7.1.30	EC.5.4.2.10	EC.5.4.99.9	EC.2.4.1.83	EC.3.6.3.40	EC.5.4.2.8	EC.3.5.4.2	EC.3.5.4.3	EC.2.3.1.19	EC.3.4.21.107	EC.3.1.6.6	EC.2.7.2.7	EC.3.2.1.68	EC.1.17.1.11	EC.5.3.1.6	EC.3.2.1.26	EC.3.2.1.93	EC.3.2.1.139	EC.1.1.1.69	EC.2.7.1.24	EC.1.1.1.57	EC.3.2.2.21	EC.4.2.2.1	EC.2.5.1.17	EC.1.1.1.27	EC.1.2.1.10	EC.2.7.1.48	EC.2.7.2.2	EC.3.1.26.11	EC.2.7.7.76	EC.2.7.8.41	EC.4.1.2.14	EC.2.1.1.80	EC.2.7.1.45	EC.3.1.1.61	EC.3.5.4.4	EC.4.1.3.42	EC.2.7.1.219	EC.1.1.1.408	EC.3.5.2.2	EC.4.2.1.126	EC.2.7.1.35	EC.4.2.1.8	EC.1.1.1.409	EC.3.11.1.1	EC.2.4.1.4	EC.2.7.1.220	EC.5.3.1.23	EC.6.4.1.2	EC.2.6.1.102	EC.4.4.1.15	EC.2.6.1.83	EC.2.3.1.18	EC.4.2.1.85	EC.2.3.1.128	EC.3.1.12.1	EC.2.7.7.27	EC.4.2.3.3	EC.1.1.1.38	EC.5.1.1.20	EC.3.2.1.54	EC.3.2.1.135	EC.1.3.1.31	EC.3.2.1.133	EC.3.1.3.41	EC.1.15.1.2	EC.2.8.1.11	EC.5.1.2.1	EC.2.7.1.199	EC.3.2.1.122	EC.4.2.1.1	EC.2.10.1.1	EC.4.2.1.6	EC.1.7.99.1	EC.2.7.1.201	EC.6.3.2.8	EC.6.3.4.21	EC.3.6.1.3	EC.2.7.1.208	EC.4.2.1.5	EC.1.16.1.1	EC.2.8.1.2	EC.2.7.7.85	EC.4.4.1.24	EC.2.8.1.1	EC.2.7.1.205	EC.1.21.98.3	EC.2.4.2.22	EC.3.2.1.70	EC.3.2.1.41	EC.2.7.9.3	EC.2.7.1.100	EC.3.2.1.8	EC.5.3.1.17	EC.1.6.5.2	EC.2.7.1.196	EC.3.6.1.45	EC.3.6.3.28	EC.2.1.1.265	EC.3.1.4.16	EC.3.1.3.6	EC.3.4.17.14	EC.4.3.1.15	EC.2.9.1.1	EC.3.6.3.2	EC.3.6.3.29	EC.4.1.99.22	EC.4.6.1.17	EC.6.3.1.1	EC.1.97.1.9	EC.2.7.1.191	EC.2.5.1.30	EC.4.4.1.11	EC.1.16.3.1	EC.3.6.1.23	EC.3.2.1.45	EC.3.2.1.136	EC.2.7.1.218	EC.4.1.99.14	EC.1.19.1.1	EC.1.18.1.2	EC.1.3.8.1	EC.6.2.1.3	EC.4.2.2.23	EC.2.4.1.319	EC.2.1.2.1	EC.1.3.1.98	EC.1.1.1.58	EC.3.8.1.2	EC.4.4.1.21	EC.1.1.5.3	EC.5.4.2.7	EC.1.1.1.396	EC.1.1.1.369	EC.1.1.1.18	EC.1.1.1.49	EC.1.1.1.363	EC.1.1.1.44	EC.6.1.1.24	EC.3.2.2.9	EC.6.3.4.14	EC.3.1.2.21	EC.5.1.1.13	EC.3.2.2.23	EC.2.2.1.2	EC.3.5.1.16	EC.4.1.2.21	EC.2.7.1.197	EC.4.2.1.32	EC.3.5.1.24	EC.2.1.1.223	EC.1.1.1.343	EC.2.4.1.320	EC.3.4.21.105	EC.2.4.1.340	EC.3.5.4.13	EC.1.1.1.77	EC.3.5.1.4	EC.1.17.1.10	EC.2.4.1.339	EC.2.7.1.165	EC.2.3.1.82	EC.1.1.1.140	EC.3.6.3.25	EC.4.1.2.19	EC.5.3.1.14	EC.5.1.3.32	EC.1.18.1.1	EC.1.4.1.26	EC.1.4.1.12	EC.4.2.1.53	EC.3.5.1.1	EC.1.1.1.130	EC.1.1.1.6	EC.1.12.7.2	EC.2.7.8.6	EC.3.4.19.3	EC.2.8.1.4	EC.2.8.4.5	EC.4.1.1.49	EC.3.1.3.73	EC.1.7.1.15	EC.1.6.3.4	EC.6.3.5.4	EC.4.2.3.1	EC.2.7.9.2	EC.3.4.21.88	EC.3.5.1.81	EC.1.1.1.60	EC.1.1.1.31	EC.3.6.1.31	EC.4.1.1.37	EC.3.1.1.5	EC.5.4.99.24	EC.3.1.1.83	EC.3.4.19.11	EC.3.4.11.19	EC.2.4.1.315	EC.3.1.3.11	EC.2.6.1.52	EC.2.4.1.329	EC.5.1.3.9	EC.5.1.1.3	EC.1.17.1.1	EC.4.2.1.45	EC.2.7.7.33	EC.2.7.1.168	EC.2.7.7.71	EC.2.1.1.171	EC.3.6.3.24	EC.1.8.99.2	EC.4.1.3.17	EC.2.7.6.2	EC.2.4.1.280	EC.3.2.2.24	EC.3.4.17.19	EC.2.4.2.4	EC.2.4.2.2	EC.2.1.1.217	EC.2.7.1.193	EC.2.7.7.12	EC.2.4.1.247	EC.1.5.1.28	EC.1.1.1.29	EC.2.5.1.129	EC.4.1.1.98	EC.3.2.1.82	EC.1.4.1.21	EC.2.4.1.21	EC.3.4.11.21	EC.2.6.1.37	EC.3.2.1.4	EC.5.1.3.11	EC.5.4.99.61	EC.5.4.99.60	EC.3.4.21.53	EC.5.1.3.6	EC.2.7.7.72	EC.2.4.1.211	EC.1.5.1.38	EC.1.11.1.1	EC.3.4.13.19	EC.2.3.1.46	EC.5.4.99.21	EC.6.1.1.23	EC.5.3.1.4	EC.2.1.1.151	EC.1.4.7.1	EC.2.1.1.79	EC.2.7.1.56	EC.2.4.1.332	EC.2.1.1.195	EC.2.1.1.130	EC.2.1.1.271	EC.2.1.1.133	EC.3.7.1.12	EC.2.1.1.272	EC.2.1.1.131	EC.1.3.1.54	EC.1.3.1.106	EC.2.3.1.247	EC.2.4.1.20	EC.3.5.4.1	EC.3.4.17.13	EC.1.2.1.99	EC.1.2.1.79	EC.1.2.1.3	EC.1.2.1.20	EC.1.2.1.16	EC.1.1.1.335	EC.3.6.3.15	EC.2.6.1.55	EC.2.7.7.49	EC.1.2.7.12	EC.1.4.1.3	EC.3.6.1.22	EC.2.1.1.170	EC.2.6.1.77	EC.3.2.1.170	EC.2.3.1.204	EC.3.1.1.3	EC.2.6.1.113	EC.4.3.99.4	EC.3.4.24.78	EC.3.5.3.11	EC.3.6.1.7	EC.2.7.2.1	EC.2.4.1.337	EC.3.6.1.15	EC.2.7.1.207	EC.3.5.1.5	EC.2.7.1.200	EC.4.3.3.6	EC.5.3.1.26	EC.2.7.1.144	EC.3.5.3.6	EC.3.1.1.41	EC.2.7.4.28	EC.2.7.11.33	EC.1.3.1.34	EC.2.7.7.23	EC.2.3.1.157	EC.2.1.1.74	EC.1.8.5.5	EC.3.4.23.51	EC.1.17.99.7	EC.1.17.1.9	EC.2.7.1.107	EC.4.1.2.22	EC.4.1.2.9	EC.5.4.2.11	EC.4.1.1.31	EC.2.5.1.16	EC.1.2.1.27	EC.1.2.1.18	EC.2.6.1.2	EC.2.7.8.35	EC.2.7.8.33	EC.3.2.1.58	EC.3.5.3.18	EC.1.3.7.1	EC.2.7.1.39	EC.4.6.1.13	EC.3.6.3.4	EC.2.1.1.64	EC.2.1.1.222	EC.1.1.1.41	EC.2.3.1.117	EC.5.1.99.8	EC.4.1.2.25	EC.1.13.11.81	EC.6.3.1.12	EC.4.1.2.40	EC.2.1.1.303	EC.2.1.1.187	EC.2.1.1.242	EC.2.1.3.6	EC.1.1.1.157	EC.2.3.1.81	EC.5.3.3.2	EC.2.1.1.173	EC.2.1.1.264	EC.2.4.1.5	EC.2.3.2.3	EC.5.4.99.29	EC.5.4.99.28	EC.1.3.98.1	EC.6.1.1.13	EC.1.11.1.9	EC.1.13.11.2	EC.4.1.2.29	EC.2.4.1.12	EC.3.2.1.85	EC.4.1.1.101	EC.1.1.1.346	EC.1.8.1.7	EC.5.3.3.18	EC.5.3.3.14	EC.2.1.1.35	EC.2.1.1.104	EC.3.5.1.3	EC.1.8.4.14	EC.2.4.99.16	EC.3.5.1.19	EC.2.3.1.89	EC.3.2.1.17	EC.3.2.1.96	EC.2.7.8.20	EC.6.3.4.18	EC.3.4.11.7	EC.2.4.1.208	EC.2.3.3.10	EC.2.3.1.9	EC.1.1.1.88	EC.2.7.4.2	EC.4.1.1.33	EC.2.7.1.36	EC.1.4.1.1	EC.3.2.1.80	EC.2.7.1.66	EC.3.1.26.8	EC.2.1.1.10	EC.2.4.2.28	EC.5.3.2.6	EC.6.3.2.2	EC.3.4.11.2	EC.1.1.1.76	EC.1.1.1.304	EC.4.1.1.5	EC.4.99.1.9	EC.4.99.1.1	EC.4.2.99.21	EC.1.1.1.4	EC.1.1.1.303	EC.3.4.14.11	EC.5.1.1.5	EC.3.1.3.3	EC.3.6.3.35	EC.3.2.1.11	EC.3.1.3.90	EC.1.11.1.10	EC.1.4.5.1	EC.3.1.3.81	EC.2.6.1.14	EC.2.7.1.21	EC.2.1.1.172	EC.3.1.2.6	EC.3.1.3.4	EC.3.1.3.27	EC.6.3.1.5	EC.3.4.22.40	EC.3.5.1.9	EC.3.1.3.104	EC.6.3.2.7	EC.2.5.1.48	EC.4.2.1.28	EC.4.2.1.30	EC.4.3.1.7	EC.3.2.1.97	EC.4.2.1.17	EC.2.4.1.187	EC.2.7.7.77	EC.4.1.1.12	EC.2.1.1.132	EC.1.1.1.159	EC.2.5.1.105	EC.4.1.1.22	EC.2.7.1.89	EC.4.6.1.1	EC.4.1.1.17	EC.2.1.1.196	EC.2.1.1.289	EC.3.4.11.1	EC.2.7.1.92	EC.5.3.1.30	EC.3.7.1.22	EC.4.2.1.44	EC.2.8.3.1	EC.4.6.1.15	EC.2.7.1.29	EC.2.7.1.28	EC.4.1.1.50	EC.1.8.7.1	EC.1.7.7.1	EC.1.1.1.61	EC.1.1.1.28	EC.2.5.1.134	EC.3.5.99.2	EC.3.1.3.71	EC.2.7.7.73	EC.5.4.99.62	EC.1.2.99.10	EC.1.3.1.108	EC.1.14.12.17	EC.5.1.3.25	EC.2.4.2.52	EC.6.2.1.22	EC.4.1.3.34	EC.2.8.3.10	EC.2.7.7.61	EC.4.1.1.18	EC.5.1.3.14	EC.2.7.1.83	EC.3.1.4.52	EC.6.2.1.30	EC.2.7.8.37	EC.1.2.7.8	EC.6.2.1.1	EC.2.7.7.43	EC.1.8.5.3	EC.2.8.3.21	EC.1.2.7.5	EC.1.2.7.11	EC.1.3.99.33	EC.1.12.99.6	EC.2.5.1.56	EC.1.1.1.336	EC.4.2.1.149	EC.1.3.8.13	EC.1.1.1.47	EC.6.2.1.48	EC.1.2.1.22	EC.2.4.1.15	EC.2.4.1.347	EC.1.2.1.21	EC.3.1.3.12	EC.2.7.8.14	EC.4.7.1.1	EC.3.6.1.63	EC.2.7.8.47	EC.3.1.4.57	EC.1.1.1.405	EC.2.7.7.40	EC.3.1.2.28	EC.2.7.1.176	EC.2.7.7.82	EC.3.6.1.57	EC.2.5.1.97	EC.2.3.1.202	EC.1.7.2.2	EC.3.6.3.41	EC.2.3.1.243	EC.1.1.99.1	EC.3.1.4.58	EC.2.7.7.65	EC.1.7.2.3	EC.1.7.5.1	EC.6.3.2.14	EC.3.1.3.23	EC.2.5.1.18	EC.2.8.3.8	EC.1.17.5.3	EC.2.3.1.16	EC.4.1.1.104	EC.3.2.1.14	EC.1.12.5.1	EC.3.1.3.102	EC.3.2.1.28	EC.3.1.3.10	EC.1.3.1.74	EC.2.3.1.242	EC.1.1.1.79	EC.1.1.1.81	EC.2.7.7.58	EC.1.10.3.10	EC.2.7.7.80	EC.3.2.2.8	EC.2.6.1.19	EC.2.6.1.22	EC.3.4.23.49	EC.3.1.1.45	EC.4.2.1.40	EC.5.3.1.22	EC.5.3.1.35	EC.1.1.1.411	EC.2.7.1.198	EC.2.7.1.19	EC.1.3.1.1	EC.3.1.2.12	EC.2.7.2.15	EC.2.8.3.9	EC.1.1.1.35	EC.5.1.2.3	EC.2.7.7.75	EC.2.7.1.12	EC.2.6.1.81	EC.4.1.1.85	EC.3.1.3.2	EC.2.6.1.57	EC.4.1.2.53	EC.4.1.2.52	EC.1.6.1.2	EC.2.3.3.9	EC.1.3.8.7	EC.2.7.8.43	EC.2.7.1.206	EC.2.7.8.42	EC.2.5.1.141	EC.3.6.1.54	EC.2.7.1.73	EC.3.6.3.44	EC.1.3.1.28	EC.4.3.2.3	EC.4.1.1.47	EC.3.5.2.5	EC.3.5.3.26	EC.3.5.3.9	EC.1.1.1.350	EC.3.3.2.1	EC.2.6.1.88	EC.1.3.99.8	EC.1.3.99.16	EC.3.1.27.1	EC.2.8.3.18	EC.1.2.1.72	EC.3.5.3.8	EC.1.1.1.93	EC.4.1.1.73	EC.3.1.27.6	EC.2.3.1.251	EC.3.1.3.85	EC.3.4.19.13	EC.3.2.1.196	EC.3.5.3.23	EC.1.2.1.71	EC.6.5.1.4	EC.3.1.1.85	EC.2.3.1.109	EC.1.1.1.17	EC.1.1.2.3	EC.2.3.2.2	EC.3.6.3.20	EC.3.6.3.33	EC.2.3.1.193	EC.3.5.1.105	EC.1.3.3.3	EC.2.7.1.192	EC.2.4.2.44	EC.2.1.1.266	EC.3.5.1.96	EC.2.7.1.58	EC.3.6.1.65	EC.3.1.4.14	EC.1.3.1.83	EC.1.3.1.111	EC.2.4.1.58	EC.2.4.1.44	EC.2.7.8.39	EC.3.1.7.2	EC.2.1.1.34	EC.3.1.21.1	EC.6.3.2.3	EC.3.5.1.110	EC.1.14.99.46	EC.3.1.2.23	EC.2.7.1.195	EC.3.5.1.54	EC.6.3.4.6	EC.4.1.99.3	EC.2.3.1.118	EC.1.6.1.1	EC.2.7.1.184	EC.2.7.1.3	EC.1.1.1.373	EC.4.1.2.57	EC.3.2.1.199	EC.4.2.1.82	EC.4.1.2.28	EC.5.1.3.24	EC.1.11.1.21	EC.1.1.1.261	EC.3.4.21.83	EC.3.4.25.2	EC.3.4.21.72	EC.1.3.98.3	EC.1.14.13.195	EC.1.14.13.196	EC.1.14.13.59	EC.6.3.2.39	EC.2.3.1.102	EC.6.3.2.38	EC.3.6.1.26	EC.3.1.1.11	EC.3.1.11.3	EC.1.2.1.19	EC.3.1.21.7	EC.3.2.1.183	EC.2.3.1.210	EC.2.4.1.325	EC.2.4.1.180	EC.3.1.1.32	EC.3.1.1.4	EC.1.14.11.17	EC.3.6.3.36	EC.3.5.1.38	EC.1.2.1.8	EC.1.1.1.83	EC.4.1.3.30	EC.2.3.3.5	EC.4.2.1.79	EC.6.2.1.17	EC.1.14.13.127	EC.1.13.11.16	EC.1.13.11.57	EC.3.7.1.14	EC.3.7.1.8	EC.4.2.1.80	EC.4.1.3.39	EC.1.1.1.284	EC.1.16.1.3	EC.1.1.1.381	EC.4.1.2.43	EC.1.2.1.39	EC.1.1.1.65	EC.2.7.1.189	EC.2.3.1.245	EC.1.2.1.24	EC.3.4.15.5	EC.2.7.1.53	EC.5.3.1.5	EC.1.1.1.43	EC.1.5.1.41	EC.5.3.3.8	EC.1.3.5.3	EC.2.7.1.31	EC.3.1.3.70	EC.4.2.1.130	EC.3.5.2.17	EC.3.2.2.4	EC.3.5.1.78	EC.6.3.1.8	EC.1.1.1.215	EC.3.1.26.12	EC.3.1.3.26	EC.3.5.1.10	EC.1.6.99.3	EC.1.14.11.47	EC.2.7.1.59	EC.1.14.14.5	EC.2.1.3.9	EC.2.1.1.181	EC.2.7.1.60	EC.3.1.3.45	EC.2.1.1.166	EC.2.8.1.12	EC.4.1.2.49	EC.2.1.1.189	EC.3.4.19.5	EC.1.7.1.7	EC.4.2.1.99	EC.1.3.3.5	EC.1.1.5.2	EC.3.6.1.41	EC.2.7.7.1	EC.2.7.1.16	EC.2.7.1.22	EC.2.4.1.7	EC.1.5.1.40	EC.3.1.13.1	EC.1.14.14.9	EC.1.2.1.60	EC.4.1.1.68	EC.2.7.7.59	EC.5.5.1.1	EC.4.1.1.77	EC.3.6.3.32	EC.2.6.1.48	EC.3.1.11.1	EC.2.4.1.348	EC.1.5.1.33	EC.3.6.1.9	EC.2.5.1.26	EC.1.1.1.380	EC.5.4.99.27	EC.2.1.1.77	EC.2.7.1.217	EC.1.5.1.50	EC.1.1.1.371	EC.5.4.99.26	EC.1.1.1.282	EC.2.1.1.200	EC.3.4.11.23	EC.1.1.1.251	EC.2.7.1.170	EC.1.1.5.12	EC.4.2.1.70	EC.2.7.4.29	EC.4.1.3.1	EC.2.8.3.5	EC.3.1.4.53	EC.1.1.5.4	EC.1.14.11.33	EC.2.7.4.23	EC.2.7.7.89	EC.2.7.1.55	EC.2.6.1.87	EC.2.4.2.53	EC.1.1.1.305	EC.2.1.2.13	EC.3.6.1.67	EC.2.4.2.43	EC.2.7.7.42	EC.5.4.3.2	EC.4.3.1.1	EC.4.2.1.42	EC.4.1.2.20	EC.1.8.5.7	EC.2.1.1.174	EC.3.6.1.25	EC.2.6.1.82	EC.1.16.1.9	EC.3.4.24.55	EC.2.8.3.16	EC.1.1.1.127	EC.3.4.13.21	EC.2.8.3.19	EC.2.1.1.186	EC.4.2.1.12	EC.2.7.11.5	EC.4.1.1.8	EC.4.3.1.18	EC.3.1.3.89	EC.5.1.99.7	EC.1.6.5.5	EC.1.1.1.290	EC.2.3.1.41	EC.2.1.1.61	EC.2.1.1.298	EC.4.1.3.40	EC.3.2.1.99	EC.3.2.1.187	EC.2.1.1.219	EC.2.1.1.220	EC.2.4.1.342	EC.3.2.1.185	EC.1.1.1.9	EC.1.1.1.287	EC.1.2.1.81	EC.2.7.1.162	EC.3.4.14.5	EC.4.3.1.3	EC.2.5.1.88	EC.2.5.1.86	EC.2.7.7.53	EC.5.3.1.27	EC.3.4.11.5	EC.4.2.1.22	EC.2.7.1.63	EC.3.5.4.21	EC.6.3.1.19	EC.3.5.1.119	EC.1.2.98.1	EC.1.1.99.37	EC.3.2.1.89	EC.3.4.24.71	EC.3.4.24.11	EC.1.21.4.3	EC.1.21.4.2	EC.1.13.12.16	EC.4.2.1.156	EC.1.18.6.1	EC.1.21.4.4	EC.3.4.17.11	EC.1.1.1.30	EC.3.5.1.26	EC.4.1.3.4	EC.1.1.1.90	EC.1.2.1.85	EC.1.2.1.32	EC.2.4.1.212	EC.3.4.14.13	EC.2.3.1.201	EC.4.2.1.18	EC.3.6.3.16	EC.5.3.3.17	EC.4.2.1.83	EC.2.6.1.21	EC.1.3.1.104	EC.4.1.1.82	EC.4.2.1.109	EC.3.5.1.87	EC.1.1.1.291	EC.3.5.1.6	EC.5.4.3.9	EC.3.5.4.43	EC.1.6.5.8	EC.3.2.1.3	EC.3.2.1.78	EC.2.4.1.11	EC.2.4.1.8	EC.6.4.1.1	EC.3.1.1.17	EC.2.1.1.184	EC.3.1.2.1	EC.6.2.1.32	EC.4.1.2.27	EC.2.3.1.182	EC.3.4.14.4	EC.2.1.3.11	EC.1.3.1.22	EC.5.4.2.9	EC.2.4.1.281	EC.2.4.1.346	EC.4.2.2.21	EC.4.2.2.20	EC.4.2.1.115	EC.1.1.1.219	EC.5.1.3.26	EC.6.6.1.2	EC.5.5.1.4	EC.1.5.1.39	EC.3.5.2.7	EC.4.3.1.4	EC.2.1.2.5	EC.4.2.1.49	EC.4.2.1.41	EC.5.1.3.7	EC.1.1.1.136	EC.1.1.1.108	EC.3.7.1.18	EC.6.6.1.1	EC.4.2.1.55	EC.1.4.1.11	EC.5.4.3.3	EC.5.4.3.5	EC.2.3.1.263	EC.5.1.1.12	EC.4.3.1.14	EC.4.2.1.120	EC.5.3.3.3	EC.1.2.1.87	EC.4.1.1.7	EC.5.1.1.18	EC.6.3.2.35	EC.3.4.24.40	EC.2.4.1.109	EC.3.5.3.1	EC.1.1.1.367	EC.2.1.1.113	EC.1.8.5.2	EC.2.7.1.1	EC.1.2.4.4	EC.1.1.1.122	EC.1.2.7.4	EC.5.3.1.33	EC.5.3.2.5	EC.5.3.1.15	EC.1.8.98.5	EC.1.8.98.4	EC.1.8.7.3	EC.1.8.98.6	EC.2.3.2.5	EC.1.21.98.1	EC.2.5.1.120	EC.1.14.13.22	EC.3.2.2.26	EC.3.4.21.26	EC.4.2.1.151	EC.1.1.1.67	EC.2.5.1.76	EC.1.1.1.36	EC.4.3.1.23	EC.3.2.1.156	EC.2.4.1.80	EC.4.1.1.83	EC.1.13.12.4	EC.2.5.1.83	EC.2.5.1.101	EC.3.2.1.184	EC.4.4.1.1	EC.4.4.1.2	EC.2.3.1.200	EC.1.1.3.21	EC.4.1.1.61	EC.2.1.1.342	EC.3.5.1.32	EC.5.1.1.4	EC.4.1.99.11	EC.3.4.21.50	EC.1.1.1.26	EC.2.6.1.13	EC.1.8.5.4	EC.4.1.1.52	EC.3.4.14.12	EC.3.4.11.14	EC.5.1.3.37	EC.1.12.98.1	EC.3.2.1.81	EC.2.7.8.40	EC.2.7.7.47	EC.2.4.1.144	EC.1.16.3.3	EC.2.4.1.291	EC.2.7.1.52	EC.4.2.1.118	EC.1.1.1.2	EC.3.1.2.29	EC.3.2.1.165	EC.5.1.3.35	EC.1.3.4.1	EC.3.4.21.81	EC.4.2.2.6	EC.2.7.1.181	EC.2.1.1.294	EC.2.8.3.17	EC.1.5.3.1	EC.4.2.2.3	EC.2.6.1.98	EC.1.1.1.281	EC.1.5.1.51	EC.4.2.1.90	EC.1.2.1.67	EC.1.11.2.4	EC.1.3.7.8	EC.4.2.1.167	EC.1.1.1.308	EC.3.3.2.9	EC.3.7.1.3	EC.1.5.1.24	EC.3.1.4.17	EC.2.3.1.222	EC.1.21.4.1	EC.1.3.3.11	EC.1.1.1.307	EC.6.2.1.9	EC.2.7.1.101	EC.1.14.13.208	EC.3.4.24.75	EC.1.1.1.91	EC.2.4.1.288	EC.3.4.21.66	EC.3.4.21.62	EC.3.1.3.87	EC.3.13.1.6	EC.2.4.99.18	EC.2.7.7.83	EC.2.7.1.95	EC.2.8.3.24	EC.6.3.3.6	EC.2.4.2.30	EC.3.4.23.52	EC.2.5.1.140	EC.1.1.1.102	EC.3.4.24.89	EC.2.1.1.248	EC.2.3.1.178	EC.1.14.19.3
Plate1_1136R_RL_F_S5_week10_S58_L001	-6.46024796081508	-6.26277327358796	-6.41352142672616	-6.77835557448467	-6.60076688415151	-7.14477498385568	-7.80770744374666	-7.07470006778002	-6.56189720667589	-7.61049066226535	-7.29707226064079	-8.24433824038058	-8.55105001699553	-8.19061560144092	-8.69877595005058	-7.83928482654899	-7.47495851740331	-7.41098767198361	-8.12382606554191	-8.15520920714581	-9.44452569699297	-9.32469461431983	-8.55887562863378	-7.96824700776852	-8.82065179989516	-8.49404401416278	-8.38579377535879	-8.92962992595152	-8.92962992595152	-8.0685852409085	-9.80974793040955	-9.21890326349802	-9.69816186322383	-9.80974793040955	-8.43905509105245	-8.91925333083867	-9.27714433265763	-9.07700877672693	-9.26251346784799	-8.86439931731591	-9.34991846690759	-9.53061958645181	-8.87390042735726	-9.05309102843395	-8.93960212047693	-9.56959501264758	-9.9300120886449	-9.92889290810398	-8.83891553359112	-9.07496737704455	-9.87335465126373	-9.39752766064132	-9.05502800476067	-8.66980224520528	-8.66484162114112	-9.00912531273402	-8.64752008919568	-8.83391334755182	-8.76209027124562	-8.97038119974633	-8.90961682853802	-9.19082866033316	-8.69764826978755	-8.69764826978755	-9.43308936328438	-8.57605405686262	-8.6179264751719	-11.0196429160728	-9.36379831735664	-8.80635580807393	-8.98599219365315	-9.36905415700495	-9.05553226598786	-9.42683116926982	-8.62105826610932	-8.74165554291196	-9.09088520551478	-10.8995863205454	-8.23766232484977	-9.02876727645954	-9.27903568387103	-9.86165263957745	-9.28611937672687	-9.28611937672687	-9.25162074261969	-9.01083516042304	-8.19655747386008	-9.56421525304937	-9.28491165560158	-8.83391334755182	-8.73990490364378	-9.02423600444802	-9.05497274676188	-8.1773515924035	-8.22310101057928	-9.86581385414674	-9.2836839780224	-8.88134793953655	-8.51616418777199	-9.39906258444221	-8.79878528550692	-8.84034338588521	-9.04376189513495	-8.44425686014073	-9.24547552196377	-8.94402881510203	-9.77317476975372	-9.90375240915599	-9.72687592292469	-10.0649412523767	-10.9300120886449	-10.5831180396414	-14.8967464282322	-10.926541599734	-10.8995863205454	-8.40565243880216	-9.67576327368764	-9.01874863150167	-9.24185578575714	-10.5229002208837	-10.5229002208837	-10.0576670634828	-10.0185361792421	-10.0185361792421	-9.84123254105193	-9.75852454824058	-9.65499159242968	-8.96074380419785	-9.38798297575863	-10.8955283481957	-9.55594209859076	-9.56781880239192	-10.8940439078524	-9.33081280416207	-9.63912109519797	-9.82738239175821	-9.83891553359112	-9.83891553359112	-9.83891553359112	-10.0233687303064	-10.8995863205454	-9.83891553359112	-9.9927158859945	-8.90071088734134	-8.90071088734134	-9.87947954171796	-9.39203695542425	-9.39298122160701	-9.82650442430191	-9.98006192339965	-9.56830922058935	-9.85208344059706	-10.6277649426009	-9.9927158859945	-9.84478100456951	-8.91964185788204	-10.6277649426009	-10.1497310128841	-9.68269968164091	-9.80681344976529	-9.47144992503611	-10.6535652728393	-9.44883806239591	-9.2836839780224	-9.74091710329315	-9.82586672773905	-9.46458790206961	-9.40217482840256	-9.72984361890922	-10.1497310128841	-10.3212923103296	-9.52603786689163	-10.0649412523767	-9.83891553359112	-8.94918394599367	-9.74091710329315	-9.74091710329315	-10.0819225272921	-9.36788874969321	-10.1537074546485	-8.93253535753192	-9.57998036299725	-9.59695826741188	-9.84969965605387	-9.81847031938219	-9.57196971207864	-8.97450876256916	-9.83891553359112	-9.79366935978165	-9.84478100456951	-10.8295368881437	-10.0933734623182	-10.3814794270995	-9.48243324065971	-9.80681344976529	-9.07176346251944	-9.24308973415341	-9.83891553359112	-9.5974410645098	-9.34880002030652	-10.1103611364036	-9.34077757518673	-10.6727827090355	-10.8379209518956	-10.0096147995395	-9.18950629574512	-9.31092462797826	-9.84282622533965	-9.51087789196995	-9.83891553359112	-9.82974216043013	-9.83891553359112	-9.92730535469319	-9.80681344976529	-9.3809542329777	-10.2581551066317	-10.2581551066317	-10.4320576573632	-9.7051368668399	-9.824553601698	-9.87254750396681	-9.69522821432127	-9.85900489882303	-9.85900489882303	-10.062261361747	-9.83891553359112	-9.68269968164091	-9.83891553359112	-9.993638555807	-9.72956135802072	-9.04827643501879	-9.96034503619997	-9.95148430693452	-9.69074199762843	-10.0819225272921	-10.0819225272921	-10.0819225272921	-10.9300120886449	-10.2485289121029	-9.6631163232109	-10.0819225272921	-9.62016878142607	-9.61342361525868	-9.85900489882303	-9.84177265274167	-10.801655340031	-9.8250426306418	-10.8995863205454	-10.4538972972863	-10.020455542578	-10.0405806110844	-9.83891553359112	-10.0819225272921	-9.95822735085963	-9.50584321757251	-10.2619769879278	-8.70759595152572	-9.84177265274167	-9.58536537710071	-10.0349052367448	-9.9372362177243	-10.6176466260984	-9.68898505678764	-9.20544822474203	-9.68651996044273	-10.0819225272921	-9.69994318876172	-9.81971711441318	-8.9517615767386	-9.84177265274167	-8.80315239682782	-9.49146821816833	-10.3861313778001	-9.39083623641176	-10.0819225272921	-9.52121689691892	-9.52121689691892	-10.9300120886449	-9.84086501762867	-9.57445468722836	-9.81857752822042	-9.61407322090218	-10.1998946887939	-10.0546228285772	-9.6906610496212	-9.6906610496212	-9.82586672773905	-9.39083623641176	-9.85539107484503	-10.6785570249322	-10.0285802128466	-9.82192018357512	-9.81022752408851	-9.80156262572791	-9.84177265274167	-9.6711047599647	-10.8995863205454	-10.0181052128003	-10.0181052128003	-10.6677040065656	-12.9578032025956	-9.28659694006337	-9.9300120886449	-8.85609835234768	-9.68673032063509	-10.3000682290694	-10.0822903933451	-10.125797986199	-9.80577610077384	-9.206574245393	-9.55586241367424	-9.91471899791745	-10.4388645221001	-9.64453547820008	-9.84177265274167	-10.3497486756843	-9.8434078362942	-9.85314457271743	-10.9300120886449	-10.9300120886449	-9.76200393081948	-10.8995863205454	-10.5207720245103	-9.52266731918047	-9.6653384431676	-10.9300120886449	-9.83891553359112	-9.38940890071306	-9.84177265274167	-10.5748847350631	-10.9300120886449	-9.18135273052542	-9.73053690455169	-9.84177265274167	-9.83891553359112	-9.83891553359112	-10.6250357150854	-9.83891553359112	-10.628399112517	-9.99907764526136	-9.11339060292998	-9.58330550036113	-9.32375657965693	-9.84177265274167	-9.84939112105567	-10.8995863205454	-10.2619769879278	-10.9300120886449	-9.66512153942995	-9.92186676404344	-9.93421192522085	-10.2269736128092	-9.6635936939662	-10.0118532574817	-9.87467117717215	-9.89182574710444	-10.151990826602	-9.99858767125489	-9.71027471342546	-9.84177265274167	-9.82474380977179	-8.72241991305827	-9.70793021457647	-10.3416144045358	-9.14209257528656	-10.3416144045358	-9.84177265274167	-9.64555343638684	-9.55978560074346	-9.39928571494783	-10.6472820450609	-10.8913877861569	-10.0819225272921	-10.8697889871729	-10.6670088908014	-10.0414238885766	-10.8995863205454	-10.3954032287419	-9.67213034496616	-9.77463778120124	-9.23857797774855	-10.0649412523767	-9.14712240304398	-9.82576526118316	-9.66268000813372	-9.80522628055279	-10.223782646884	-10.0694758833115	-9.60912715682653	-9.82362266171486	-9.97932166403481	-9.7257294229036	-9.82126660741373	-9.83305937361516	-10.5560188087897	-10.2619769879278	-9.4530607178675	-10.0819225272921	-9.66112270186369	-10.2619769879278	-9.84181895743948	-9.84177265274167	-9.65728431066507	-10.4299691572751	-9.85539107484503	-9.54448373266885	-9.70996476599938	-9.91051735755866	-9.65223271153774	-9.67152184544642	-10.8300645328782	-10.1728737441178	-10.0349052367448	-10.007064152811	-9.89765216962903	-10.0056557408849	-9.84177265274167	-10.3561033014326	-10.3561033014326	-10.3729902712515	-10.8995863205454	-10.8995863205454	-10.5809628536427	-9.86300735770807	-9.74447983309757	-9.73102366405368	-10.0181052128003	-9.78089111592163	-10.6181612793275	-9.97156930374386	-9.70326416328883	-10.2190966599452	-9.59839870685518	-9.46531578958024	-10.9023541696811	-10.0181052128003	-9.69895603309811	-9.83891553359112	-9.55668255955503	-10.0174097813695	-10.0174097813695	-9.82869809623603	-9.66476893962124	-9.79212464778539	-9.85286183280459	-9.8609817378276	-9.83891553359112	-10.2302025512773	-9.04136028680968	-9.4605168317984	-9.67906305446216	-9.67906305446216	-9.83891553359112	-9.79463828155662	-10.7787836677016	-9.85500435032957	-10.0535404613143	-10.4135431870041	-10.9023541696811	-10.4059440447068	-9.7179201299967	-9.84177265274167	-10.0289781396651	-10.4953898752957	-9.84177265274167	-10.2392355748312	-9.97807277570721	-9.84087409115385	-9.45263637050568	-9.80136926935273	-9.83891553359112	-9.84177265274167	-9.59711151882837	-9.59711151882837	-10.0819225272921	-10.5717761888391	-10.8752165224194	-9.81957852841037	-9.72872162246142	-9.99582304607506	-9.99582304607506	-10.5929610954693	-9.6907403622702	-10.0819225272921	-9.64325553423286	-8.18749040519997	-10.0609121838715	-9.83891553359112	-9.83891553359112	-9.80681344976529	-9.78649782194954	-10.9300120886449	-9.50790194541451	-9.8090235134233	-9.49814690121603	-10.6727827090355	-10.0785485446487	-9.74425239646712	-10.0699713950049	-9.79558938873149	-9.9176978756924	-10.0148576120483	-10.0148576120483	-9.83696868029664	-9.82262512422101	-9.72872162246142	-9.6011732452667	-9.81337904255574	-9.6648404164452	-9.37777153271276	-8.66704870609898	-10.8995863205454	-10.0360547321384	-9.72302601878203	-9.83891553359112	-10.6727827090355	-9.83891553359112	-9.78311496973414	-9.75685091474089	-9.78725122814356	-9.95822735085963	-10.5571006334256	-10.2179496321637	-9.84177265274167	-9.8171371285014	-9.84177265274167	-10.0618308834728	-9.28571175043746	-10.8995863205454	-9.94160407934127	-10.6176466260984	-10.5231244242886	-9.69445412849669	-9.37876644285492	-9.84177265274167	-8.70632166373507	-10.062261361747	-9.72800403596062	-10.0819225272921	-9.79914973536845	-9.69641392829904	-9.86476735094355	-8.41971270940923	-11.0059863499485	-11.2659418036407	-8.93167267982029	-10.4146569417423	-10.4785183651947	-10.165583641409	-11.3211986371354	-11.1587972393471	-9.78749166675287	-11.748316010481	-10.3839972062988	-10.4224868981438	-11.6720770708317	-10.9837779449462	-10.9736708640396	-10.0284686063323	-11.9758512103282	-12.5842112711519	-9.31382138652644	-10.8917749894539	-10.3276166389782	-13.1981280603189	-10.682065576419	-10.8190779414986	-9.86253384456502	-9.9581456606402	-12.4447697615164	-11.1148863306393	-11.0409839468543	-11.0665742849397	-12.0978759624806	-10.3890274106116	-11.2257160460785	-10.0914949929706	-9.27911375000497	-10.3124065636327	-12.4546052308679	-10.2848715390713	-12.0978759624806	-10.7686470273468	-9.22596782723109	-9.57826242362665	-13.0719657952282	-10.7675220516079	-12.3148960178769	-10.1999936094979	-10.9588229434458	-13.7278278412296	-10.7888589940015	-11.0039530330397	-12.2729784786724	-13.2687879991079	-10.5224126259863	-10.5279327923868	-9.09029293316943	-11.0039530330397	-9.42100757131561	-10.8213749194316	-13.9756957889409	-10.6756232830028	-11.6094509572369	-10.2511021636785	-10.9014114074115	-12.3972621023036	-10.0766369125787	-12.4769593330603	-11.4620526044212	-10.8219604822067	-10.3598325599093	-13.3532919613935	-11.0953106621831	-11.7249145205069	-14.4512768036547	-10.3495111306277	-10.9077765862922	-12.5521734306094	-11.5822258480247	-11.1406052451275	-10.4760754543989	-11.4428927683694	-12.0890854079026	-13.6861514963552	-10.3394719617618	-11.6603787058967	-12.1100188466368	-9.83096359410759	-11.8819056170108	-10.4785423634684	-13.2077280569227	-11.6242452819747	-10.6837750455984	-11.718795286251	-10.2874820548589	-12.2484783604425	-13.3429232441709	-10.7037137535232	-11.8044696243859	-12.2433073877144	-13.2595698422719	-10.9059833021079	-10.705964635054	-10.0493763515457	-12.2433073877144	-10.9009629597078	-13.888470188873	-11.8044696243859	-11.8545490280509	-11.3797290836248	-12.7056159562159	-12.6678021864763	-10.1677136583941	-11.146440428333	-11.7349868981811	-10.8908842014387	-10.7321634412888	-10.7884581970027	-10.3311938631463	-10.6619071561011	-12.6816982480814	-10.1314702485598	-9.40034438488546	-12.6894024428866	-10.1314702485598	-11.7076894380926	-11.4889300710566	-11.9195508248981	-14.5919421507551	-12.8745160655015	-13.9670504947625	-11.5702229195487	-13.5741062161759	-12.7594487048736	-11.4067967176442	-12.4540388562146	-10.5436387382116	-12.4381821140467	-10.6822281409337	-13.066082059751	-12.616951902262	-12.9300333228742	-13.7862461915312	-12.5659540324113	-15.0226614947965	-13.5791831966491	-12.0491645825662	-12.9672564887937	-11.3161064087366	-13.00021920109	-11.030293629428	-13.4415244614857	-13.9051159551081	-11.6768342876778	-10.8144646371546	-13.8051421880453	-12.0491645825662	-10.5263997250827	-12.8546882662912	-14.7820866754755	-11.3481550328402	-11.3481550328402	-11.4971376916606	-13.5504452358382	-14.1673643156548	-11.7880295199715	-12.4800649521778	-13.7692374729209	-13.7692374729209	-11.1012411618216	-12.8332507064954	-12.2863893381289	-12.2398001517816	-14.7039315870648	-11.1263707347745	-11.3705151883747	-10.1082605610014	-15.1912080235151	-14.2079620896981	-12.8120558825108	-11.3259431017419	-11.3259431017419	-11.8469589272464	-9.15476164712804	-10.6986945500225	-11.1457184249404	-10.7210765203648	-10.7494789051422	-11.0776191408696	-11.9618983388572	-11.7877041604048	-11.2038929923878	-12.5453854087841	-15.3127903419508	-11.752297234231	-11.752297234231	-11.4710938643493	-11.4710938643493	-11.4190501355014	-12.5013852833218	-11.3062386128859	-11.9519546193374	-10.831471928708	-13.5428916554454	-11.1961674157176	-10.631751531266	-11.0862366374719	-14.3949635301494	-11.7734951367958	-13.9592129190493	-9.85099293459343	-10.766096387703	-11.4190501355014	-11.1457184249404	-10.7899604463819	-15.3127903419508	-12.1381881147872	-11.3616435299475	-12.7801297136199	-12.9410320854481	-15.3127903419508	-10.3261742570745	-11.2128667802217	-13.7726952180136	-13.4099405162004	-11.0645746044253	-11.1131341602438	-10.2172710400561	-15.546841104613	-14.0994642268722	-14.0994642268722	-11.8665137921656	-10.304145525846	-13.9884239090691	-12.3934136624148	-12.2724350344604	-9.554722730883	-13.8406998894401	-12.4500361567372	-10.8114209831121	-10.7873876174909	-11.079908970429	-13.7479824684883	-10.8289590414576	-10.5498518320897	-10.9446273487042	-12.5259809700307	-11.475352683512	-14.9667811623249	-12.4924406849611	-13.8425300573706	-10.7267225006054	-10.9581909341663	-13.1185642502429	-12.5907514933758	-12.7126321604428	-13.9808695489352	-14.9105449725099	-14.6316761809388	-10.9925707326678	-10.7340344589569	-12.3637670277701	-11.4836786991372	-10.7844423783083	-13.9251845969091	-11.4370239950995	-11.5041243441108	-12.1985232994907	-10.9090145684292	-10.758620536961	-13.4865347777753	-14.8621534884076	-15.9383890742347	-11.0854860844997	-13.0768559588809	-15.3127903419508	-13.1658814044818	-14.3419983276346	-13.8139355415149	-12.554064343588	-12.6127069079192	-12.545622007317	-13.1340551319957	-10.8242423246639	-10.9259004733777	-11.9171419763802	-11.9171419763802	-15.2567102842023	-12.021480453761	-10.705032809835	-12.6838320085525	-11.2503137984671	-11.5690320088176	-12.9581810919746	-11.1194664861921	-11.1194664861921	-10.4971048023077	-13.4539278284293	-10.7420715050048	-12.5536359952496	-10.8489266173727	-14.7024272262979	-10.2543989149753	-11.0582692975964	-11.4805172360366	-12.1487119370471	-10.8617446943346	-11.491155600707	-11.0970348040637	-12.7675944929421	-12.4463813476194	-16.8707835578166	-11.1163440730415	-11.491155600707	-11.1163440730415	-11.1163440730415	-12.6138972248539	-12.8148620318338	-12.7306293678144	-12.782804661373	-12.782804661373	-12.2946720658888	-13.1825813978902	-12.8437223673896	-11.1313048937034	-12.992998170388	-14.1564646388017	-11.5090210809928	-14.1564646388017	-14.1564646388017	-11.9837158325761	-10.7842207679087	-15.2287070817108	-10.0216820264818	-13.0108045367387	-12.4741587211591	-11.1352563954177	-10.7532310710533	-15.3127903419508	-15.6633922964523	-16.2378920050157	-14.7618518811393	-15.3127903419508	-11.9906286963598	-12.6914036521092	-11.0724280721967	-12.5845940979786	-10.2843988652042	-12.0783656111965	-14.7832858421566	-14.8997375353454	-10.6234287476926	-12.5270375751897	-12.1863578475136	-15.19691976516	-15.1315312903767	-16.0883915382529	-14.0281555341386	-14.8561840926262	-14.8561840926262	-15.8498886435038	-13.7674703100248	-14.141867868883	-15.2020573613109	-19.3381816175756	-16.380689069392	-15.3857633288263	-12.6445869530047	-11.5153935405403	-14.4566504719612	-14.4566504719612	-10.2323445195347	-15.9883917473338	-15.0094169452916	-13.3974275701008	-13.3974275701008	-11.2259079882001	-13.9524682188166	-13.9524682188166	-18.7488539242931	-19.3381816175756	-20.2615603359727	-12.5969475404224	-13.1732746908999	-10.8647728860004	-11.6198262190905	-11.6198262190905	-18.6196954440171	-12.8612992038839	-11.2489357971077	-10.968554531446	-11.2489357971077	-15.5386703842619	-13.5186063224056	-20.2615603359727	-14.6432507870186	-13.3111401905196	-15.9988498473905	-11.6245201661141	-13.4941178594226	-14.9779131237355	-16.380689069392	-16.380689069392	-12.4941178594226	-14.8113729768734	-10.4230287926796	-10.4230287926796	-10.1086941962092	-15.8707835578166	-12.1160761243519	-15.5199073873335	-16.2378920050157	-15.4821013470781	-16.8707835578166	-16.8707835578166	-14.0225626947298	-15.1443023748278	-16.4821013470781	-16.4821013470781	-15.3548355769114	-11.2446608142991	-11.2517317186046	-11.6333442273219	-19.3713484815108	-16.2994421659716	-16.2378920050157	-10.439130982274	-13.0661499428968	-14.1574225376658	-12.8698648985629	-16.2378920050157	-13.3428821241755	-16.8707835578166	-11.4589269867702	-15.7405421003774	-16.8707835578166	-15.6633922964523	-16.8707835578166	-10.8359465027188	-11.3537994111021	-11.6843008177047	-15.2865326791294	-15.5499230276537	-14.8932495686335	-16.2378920050157	-15.5570126862571	-11.68686894683	-14.897138846357	-14.897138846357	-16.8707835578166	-16.4821013470781	-16.4821013470781	-14.7820866754755	-13.2578340445144	-13.2578340445144	-15.7405421003774	-16.2378920050157	-10.8278525980851	-16.8707835578166	-12.4941178594226	-15.6263363417707	-16.2378920050157	-15.3548355769114	-16.4821013470781	-16.2378920050157	-11.1622057232011	-14.4523854263912	-14.8110600864563	-16.4821013470781	-14.897138846357	-15.3548355769114	-9.97691569899141	-16.2378920050157	-9.92772352046902	-16.8707835578166	-15.2683388686038	-14.0919981267399	-14.9211576822325	-13.3159348749452	-19.3713484815108	-12.5945834198968	-10.6619295982484	-15.4821013470781	-11.6666083859017	-11.2258084594679	-13.3047185695422	-12.306411503415	-12.2776232323192	-16.4821013470781	-11.6725549940037	-15.4821013470781	-12.8551867027656	-16.8707835578166	-12.3963123640494	-13.4211079546974	-13.33776157577	-13.4941178594226	-11.9091553587014	-13.5412747935415	-13.4539500333028	-13.4539500333028	-13.4539500333028	-12.2014188202083	-18.7886244529857	-18.7886244529857	-13.9614208284619	-10.7400783489804	-16.2378920050157	-16.4651738191921	-17.1394017534611	-15.133414866921	-14.4630717753599	-13.2800324200706	-12.7684157490478	-16.4821013470781	-16.8707835578166	-15.0126839931356	-15.3878404607468	-14.2850505291286	-14.6034719973498	-14.5678811280762	-14.9419972134261	-10.0572516579298	-14.5156136834609	-13.6747464250205	-9.90145304253967	-14.4821013470781	-10.2103724947855	-11.2517317186046	-11.0417888709558	-13.6747464250205	-16.4821013470781	-15.7736371600805	-9.27286585629977	-16.7908664037723	-9.6472820450609	-11.0153951286451	-12.2262966899671	-15.9845375350386	-15.4821013470781	-13.4941178594226	-15.9845375350386	-11.6938992399498	-11.6938992399498	-16.4821013470781	-11.6938992399498	-11.6938992399498	-15.8967464282322	-16.4821013470781	-16.4821013470781	-15.8967464282322	-15.2287070817108	-16.6360278260809	-15.7724736739344	-11.6938992399498	-16.8707835578166	-13.0925424861692	-12.4738941557193	-11.8822529326582	-13.4539500333028	-12.3681280326353	-16.4821013470781	-16.4821013470781	-16.4821013470781	-16.4821013470781	-11.9668880971271	-13.6747464250205	-13.897138846357	-13.6019949610898	-14.4821013470781	-14.4821013470781	-13.1745639586078	-14.4821013470781	-13.6802168814479	-14.7115566469644	-11.2608584948847	-14.897138846357	-11.5930787711175	-12.7917290814064	-10.4094358098401	-15.4821013470781	-15.4821013470781	-12.927518276498	-12.927518276498	-14.3570970012027	-15.4821013470781	-12.017975947968	-14.7174619265988	-13.3228527366361	-13.3228527366361	-16.4821013470781	-15.4821013470781	-14.3558309967123	-12.849056188821	-15.4821013470781	-15.4821013470781	-13.6049875305264	-15.4821013470781	-10.9345652881223	-11.2138041314252	-15.4821013470781	-13.6953487926112	-15.4821013470781	-15.4821013470781	-15.4821013470781	-13.1241186453543	-15.4821013470781	-15.4821013470781	-11.196418155274	-15.4821013470781	-15.2679874726705	-15.2679874726705	-15.2161113395331	-15.4821013470781	-15.4821013470781	-12.908048432965	-15.4821013470781	-15.4821013470781	-16.4821013470781	-11.2517317186046	-16.4821013470781	-15.6633922964523	-16.4821013470781	-16.4821013470781	-16.4821013470781	-15.6152685461431	-15.9845375350386	-15.4493719630692	-15.4821013470781	-16.4821013470781	-16.4821013470781	-16.4821013470781	-13.2871259657442	-16.4821013470781	-11.6518943907311	-16.4821013470781	-15.3548355769114	-19.9697942115956	-19.9697942115956	-16.4821013470781	-16.4821013470781	-18.3713484815108	-16.4821013470781	-16.2994421659716	-16.4821013470781	-16.4821013470781	-16.4821013470781	-10.9564381148492	-16.4821013470781	-11.532083160054	-16.4821013470781	-16.4821013470781	-14.7348115347099	-16.4821013470781	-16.4821013470781	-13.0382409877516	-16.4821013470781	-16.4821013470781	-16.4821013470781	-16.4821013470781	-16.4821013470781	-14.3949635301494	-16.4821013470781	-16.4821013470781	-16.4821013470781	-16.4821013470781	-16.4821013470781	-16.4821013470781	-16.4821013470781	-11.2465539007625	-13.0168356364061	-16.4821013470781	-16.4821013470781	-15.4821013470781	-16.4821013470781	-16.4821013470781	-16.4821013470781	-16.4821013470781	-15.5499230276537	-16.4821013470781	-16.4821013470781	-16.4821013470781	-13.3228527366361	-16.4821013470781	-16.4821013470781	-16.4821013470781	-16.4173686457347	-13.2871259657442	-13.03139907154	-15.4821013470781	-16.4821013470781	-11.9843170323385	-16.2994421659716	-15.3548355769114	-14.897138846357	-16.4821013470781	-16.4821013470781	-16.4821013470781	-16.4821013470781	-16.4821013470781	-16.4821013470781	-16.4821013470781	-16.4821013470781	-9.6417625144921	-16.4821013470781	-16.4821013470781	-16.4821013470781	-16.4821013470781	-16.2994421659716	-16.4821013470781	-13.0345751986641	-13.2871259657442	-13.2871259657442	-16.4821013470781	-16.4821013470781	-16.4821013470781	-13.3228527366361	-19.9697942115956	-16.4821013470781	-11.6545585246717	-16.4821013470781	-16.4821013470781	-16.4821013470781	-16.4821013470781	-16.4821013470781	-16.4821013470781	-16.4821013470781	-15.5499230276537	-11.5149823108678	-14.6729232319878	-16.4821013470781	-16.4821013470781	-14.922232475578	-13.3154607405747	-16.4821013470781	-17.4792963948779	-13.3679658912249	-16.4821013470781	-9.82801806085182	-15.6771679782632	-11.1809495327515	-16.4821013470781	-16.4821013470781	-16.4821013470781	-15.6633922964523	-16.4821013470781	-16.4821013470781	-16.4821013470781	-16.4821013470781	-11.6938992399498	-16.4821013470781	-16.4821013470781	-16.4821013470781	-16.2994421659716	-16.4821013470781	-12.2014188202083	-12.9552157466727	-16.4821013470781	-16.4821013470781	-16.4821013470781	-11.2517317186046	-16.4821013470781	-15.4821013470781	-10.9688717881342	-16.4821013470781	-16.4821013470781	-16.4821013470781	-16.4821013470781	-11.629066466275	-15.3548355769114	-16.4821013470781	-16.4821013470781	-16.4821013470781	-16.4821013470781	-13.223928183205	-11.8211171322814	-13.3228527366361	-12.9796622760252	-13.2871259657442	-16.4821013470781	-11.8078249407586	-13.3154607405747	-17.7619893264822	-16.2994421659716	-16.4821013470781	-16.621090989664	-11.6333442273219	-16.4821013470781	-16.4821013470781	-13.3314041896365	-16.4821013470781	-16.4821013470781	-16.4821013470781	-15.0126839931356	-16.4821013470781	-16.4821013470781	-16.4821013470781	-16.4821013470781	-16.4821013470781	-16.4821013470781	-16.4821013470781	-16.4821013470781	-16.4821013470781	-16.4821013470781	-16.4821013470781	-16.4821013470781	-15.5499230276537	-16.4821013470781	-16.4821013470781	-13.1701705489993	-15.0154340423817	-16.4821013470781	-16.4821013470781	-16.4821013470781	-16.2994421659716	-15.6152685461431	-13.2871259657442	-13.3228527366361	-16.4821013470781	-16.4821013470781	-16.4821013470781	-16.4821013470781	-16.2994421659716	-11.1785258298514	-11.1199904821076	-11.919807648493	-16.4821013470781	-16.4821013470781	-16.4821013470781	-16.4821013470781	-16.4821013470781	-16.4821013470781	-16.4821013470781	-16.4821013470781	-14.142798224366	-12.936945237977	-16.4821013470781	-16.4821013470781	-16.4821013470781	-16.4821013470781	-16.4821013470781	-13.2578340445144	-15.5499230276537	-16.4821013470781	-14.4150540513217	-11.2517317186046	-10.0533543633482	-16.4821013470781	-16.4821013470781	-16.4821013470781	-10.6164361269337	-19.3713484815108	-19.3713484815108	-19.3713484815108	-19.3713484815108	-19.3713484815108	-16.2994421659716	-16.421183925143	-19.3713484815108	-19.3713484815108	-9.98945044599891	-10.4584466158985	-19.3713484815108	-19.3713484815108	-19.3713484815108	-14.3623596982836	-16.6360278260809	-13.3159046063932	-19.3713484815108	-19.3713484815108	-19.3713484815108	-19.3713484815108	-19.3713484815108	-19.3713484815108	-11.4787258928781	-12.2931467739175	-19.3713484815108	-13.8766649639339	-13.6867384747484	-16.1770268257611	-16.1770268257611	-13.3905898371834	-14.0864625249697	-17.7619893264822	-14.8625955582873	-16.2993623686851	-15.3262631728344	-16.8707835578166	-13.3154607405747	-13.3154607405747	-16.4173686457347	-17.7619893264822	-11.6740446755379	-17.7619893264822	-12.2190565634295	-13.06911445853	-17.7619893264822	-13.1367081439693	-17.7619893264822	-17.7619893264822	-16.2486372430546	-16.4173686457347	-17.7619893264822	-15.133699394097	-15.5156368583542	-16.2693544934545	-8.6991554663554	-10.701354348531	-11.2605671732686	-9.99342876045703	-10.4835696166104	-10.1319764187926	-12.4738941557193	-11.2906833822257	-11.747080929708	-11.2906833822257	-11.2029340677661	-11.2906833822257	-11.2906833822257	-11.2906833822257	-11.6551615053423	-13.4539500333028	-11.6622213779359	-11.747080929708	-24.0605203755451	-24.0605203755451	-12.4738941557193	-11.7612781882469	-11.747080929708	-12.0495755685637	-12.2776232323192	-11.2906833822257	-11.2906833822257	-11.2906833822257	-11.2906833822257	-11.2906833822257	-10.9444967029226	-10.9514705917903	-10.5009092059707	-13.4234322899696	-15.0361284889428	-15.621090989664	-13.1967060951824	-15.621090989664	-15.621090989664	-14.7405421003774	-14.7405421003774	-15.621090989664	-15.621090989664	-11.8551317197045	-11.8551317197045	-12.8567490971634	-16.621090989664	-16.621090989664	-16.621090989664	-15.3127903419508	-16.621090989664	-12.3697137944115	-12.8048518852698	-10.9285515379104	-13.4539500333028	-13.4539500333028	-13.4539500333028	-12.2776232323192	-16.740162964029	-17.1394017534611	-17.1394017534611	-12.3343596491076	-11.5883121901788	-11.5883121901788	-11.5883121901788	-11.5883121901788	-13.1732746908999	-13.1732746908999	-13.1732746908999	-13.1732746908999	-13.1732746908999	-13.144768263211	-13.1732746908999	-13.1732746908999	-13.1732746908999	-11.6551615053423	-11.6551615053423	-13.2442239314913	-13.1732746908999	-11.361568027459	-15.5199073873335	-16.2378920050157	-11.6358483442975	-15.8967464282322	-16.2378920050157	-16.2378920050157	-16.2378920050157	-16.2378920050157	-16.2378920050157	-16.4821013470781	-16.4821013470781	-16.8707835578166	-22.0605203755451	-12.4539500333028	-13.2583574730508	-11.747080929708	-13.4539500333028	-24.0605203755451	-13.4539500333028	-16.2378920050157	-13.4539500333028	-13.4539500333028	-13.4539500333028	-13.4539500333028	-12.9467310089881	-13.4941178594226	-13.4941178594226	-11.7612781882469	-13.4737140538156	-13.4941178594226	-19.6276882347706	-13.2442239314913	-12.4941178594226	-13.4941178594226	-13.4941178594226	-13.4539500333028	-12.2776232323192	-12.2776232323192	-12.2776232323192	-19.9697942115956	-15.8967464282322	-15.3127903419508	-20.2615603359727	-19.9697942115956	-15.8967464282322	-16.4821013470781	-16.8707835578166	-16.8707835578166	-21.7385922806577	-22.0605203755451	-16.8707835578166	-24.0605203755451	-16.2378920050157	-15.3127903419508	-16.8707835578166	-16.8707835578166	-16.8707835578166	-17.1394017534611	-15.4821013470781	-16.4821013470781	-16.4821013470781	-20.2615603359727	-18.820333312713	-15.2567102842023	-19.3713484815108	-13.1732746908999	-13.1732746908999	-16.8707835578166	-15.8967464282322	-13.4941178594226	-15.8967464282322	-15.8967464282322	-19.9697942115956	-19.9697942115956	-15.3127903419508	-15.3127903419508	-17.1394017534611	-13.4941178594226	-13.4941178594226	-24.0605203755451	-19.6276882347706	-16.4821013470781
Plate1_1136R_R_F_S5_week10_S57_L001	-6.47249002147575	-6.24475596675704	-6.3912586860132	-6.78123793054939	-6.61271274738522	-7.15580086488371	-7.78971234805356	-7.10655355531494	-6.42904195636873	-7.60677473682513	-7.25890081717687	-8.26089557880593	-8.55468183745238	-8.18762775602302	-8.70571107592702	-7.83933230205261	-7.44293581331696	-7.45807815448995	-8.13844566931773	-8.14817022095986	-9.47742674022324	-9.35157633619705	-8.5731395256002	-7.98286853213462	-8.83478697708409	-8.53025378920813	-8.38461785328909	-8.93334930157149	-8.93334930157149	-8.05446586438166	-9.85196677155325	-9.26360562549789	-9.70784872901055	-9.85196677155325	-8.41686684323119	-8.93881962062647	-9.29778906994835	-9.07329750479029	-9.28588578136358	-8.88339253463545	-9.33835837780606	-9.50904369614863	-8.90556356964057	-9.05061330811742	-8.92846289255814	-9.58217984031653	-9.95449103024622	-9.95357652761469	-8.85688654976749	-9.1096389588307	-9.82853914054953	-9.39826474371312	-9.10574319358335	-8.68982896328867	-8.63344028275769	-9.01208596416969	-8.65113765816917	-8.8602754311219	-8.75205850924547	-8.99230201761084	-8.90653435770666	-9.21567034719236	-8.73025087159461	-8.73025087159461	-9.44717854719614	-8.58193863908619	-8.61464872556071	-10.8740029358937	-9.39490407516725	-8.76045914481713	-8.99601041551552	-9.3738163731802	-9.0598377224676	-9.41577115345786	-8.63168127013394	-8.75367462611537	-9.11068813831949	-10.9276458218383	-8.18069162987887	-9.00818927764477	-9.30336219353306	-9.89580630240825	-9.30322548535803	-9.30322548535803	-9.27948132691366	-8.97297101127487	-8.24454216583704	-9.60949102168081	-9.30487278939503	-8.8602754311219	-8.72794335940049	-9.07758068517144	-9.06565758891581	-8.1466355928071	-8.23102106344694	-9.89841496349407	-9.30373077576201	-8.86393395394587	-8.51689197300671	-9.40194126664732	-8.77298707885047	-8.8581520817671	-9.08567822344079	-8.42711472014545	-9.25700493437042	-8.97238823088875	-9.75783403296421	-9.82300065220201	-9.73090587124008	-10.1044127614248	-10.9544910302462	-10.5756790071881	-15.5438774479555	-10.9499429133356	-10.9276458218383	-8.44864969316874	-9.70976422035467	-9.01950477777881	-9.26017141264832	-10.5189466607156	-10.5189466607156	-10.0367763926299	-10.0120645917446	-10.0120645917446	-9.81737553933192	-9.77894097433812	-9.63506902861547	-8.94509234739757	-9.41491228268671	-10.9247167881637	-9.54573186756402	-9.5452263915235	-10.9239196564337	-9.27653943003549	-9.64218045339456	-9.84678993225814	-9.85688654976749	-9.85688654976749	-9.85688654976749	-10.0695718142504	-10.9276458218383	-9.85688654976749	-9.98359866633684	-8.87544616895513	-8.87544616895513	-9.8512435886804	-9.37933763487855	-9.38032792910237	-9.84677260608443	-10.0114886269934	-9.52870611126566	-9.87155962253983	-10.6512745814374	-9.98359866633684	-9.86167522945602	-8.95976069977619	-10.6512745814374	-10.1172897613715	-9.67738462022443	-9.80772359807426	-9.47174492728806	-10.7203756805102	-9.44198078860118	-9.30373077576201	-9.74620339849861	-9.84236120966563	-9.45987744677047	-9.39869395095128	-9.70252188955678	-10.1172897613715	-10.3347326482351	-9.51838976442055	-10.1044127614248	-9.85688654976749	-8.94138195699556	-9.74620339849861	-9.74620339849861	-10.1195235458136	-9.38138101892084	-10.1626479917312	-8.90836171590753	-9.57832617061623	-9.59356384520258	-9.87038442566202	-9.79234131400782	-9.55993769976097	-8.94052425755174	-9.85688654976749	-9.81766247236498	-9.86167522945602	-10.8327067904379	-10.0426010223127	-10.3675820196825	-9.48563716455311	-9.80772359807426	-9.09446057943017	-9.2614838346143	-9.85688654976749	-9.55493798435096	-9.34594642529951	-10.0408428381504	-9.27309993903439	-10.7328210224588	-10.8679067890938	-10.001843169937	-9.21325706169977	-9.35115354500611	-9.8602754311219	-9.52778496758744	-9.85688654976749	-9.8457161027743	-9.85688654976749	-9.95022675096984	-9.80772359807426	-9.40849562936421	-10.266190425938	-10.266190425938	-10.4358950236725	-9.7450855999371	-9.84427980691795	-9.88210867188458	-9.68262160193525	-9.87395526494542	-9.87395526494542	-10.1074339071317	-9.85688654976749	-9.67738462022443	-9.85688654976749	-9.94564750330225	-9.73378676168958	-9.05997530089039	-9.99425817296966	-9.98655440007705	-9.68033802127713	-10.1195235458136	-10.1195235458136	-10.1195235458136	-10.9544910302462	-10.2644119380809	-9.69501001853215	-10.1195235458136	-9.60972401073398	-9.6638999684304	-9.87395526494542	-9.85941872486602	-10.8358896701523	-9.79055300439772	-10.9276458218383	-10.5400930940237	-10.0657795902947	-10.0882270784391	-9.85688654976749	-10.1195235458136	-9.99272370918619	-9.53375016633702	-10.2695542371109	-8.71579258327301	-9.85941872486602	-9.59438905940008	-10.0833094039126	-9.99752722277639	-10.6285263249154	-9.67910348910513	-9.24781406713592	-9.70798169988512	-10.1195235458136	-9.74041058110363	-9.83796326107135	-8.95116148328661	-9.85941872486602	-8.80118531906753	-9.47881360807339	-10.3865793140097	-9.41696877278877	-10.1195235458136	-9.52868734907931	-9.52868734907931	-10.9544910302462	-9.85828306225313	-9.58350373982723	-9.83904339668734	-9.60787289652848	-10.17292013221	-10.100300745535	-9.72932063591212	-9.72932063591212	-9.84236120966563	-9.41696877278877	-9.87101331001813	-10.6781990933672	-10.0684621933708	-9.84252013159942	-9.82301854737816	-9.82177152931362	-9.85941872486602	-9.66774917392075	-10.9276458218383	-10.0748628245465	-10.0748628245465	-10.7281855147324	-13.2938225882809	-9.26677389078743	-9.95449103024622	-8.87214890267379	-9.68150408075493	-10.2988161711263	-10.1073322008684	-10.1896045814503	-9.82806958939935	-9.24738115845666	-9.59841647287836	-9.94100598606039	-10.4419245148893	-9.60913168962714	-9.85941872486602	-10.3271482077207	-9.86155269286634	-9.87242357093562	-10.9544910302462	-10.9544910302462	-9.77327478482938	-10.9276458218383	-10.5220144763637	-9.5205108461456	-9.66727482389505	-10.9544910302462	-9.85688654976749	-9.41594016130971	-9.85941872486602	-10.5693038213655	-10.9544910302462	-9.18450308350772	-9.76720111444994	-9.85941872486602	-9.85688654976749	-9.85688654976749	-10.6950224954361	-9.85688654976749	-10.6975200476059	-10.0349354693416	-9.08484731476609	-9.5801210125316	-9.26888258825484	-9.85941872486602	-9.87101331001813	-10.9276458218383	-10.2695542371109	-10.9544910302462	-9.66629601370991	-9.98363581378688	-9.93081036222986	-10.2410721386148	-9.71224483018669	-9.99972259114022	-9.85196590212544	-9.91859876383225	-10.1543320789908	-9.98519973166516	-9.72456659895411	-9.85941872486602	-9.84502719451091	-8.63411892145784	-9.71479611907696	-10.4148358634653	-9.13187262497189	-10.4148358634653	-9.85941872486602	-9.66655518082776	-9.55417109459866	-9.46157716464415	-10.7097689472762	-10.9205166933095	-10.1195235458136	-10.9012910288894	-10.6163043775698	-10.0830542652129	-10.9276458218383	-10.4478439580165	-9.66575795103913	-9.78388787266159	-9.2003262776487	-10.1044127614248	-9.13551476864162	-9.84467767341344	-9.65449716221373	-9.80566520292961	-10.2362321647997	-10.1172019865584	-9.63760421220371	-9.84333228866704	-9.97225733855722	-9.76085087525426	-9.84250285662815	-9.82873076816766	-10.6362170211715	-10.2695542371109	-9.46636688799653	-10.1195235458136	-9.61169011332782	-10.2695542371109	-9.85585400012648	-9.85941872486602	-9.6538179661487	-10.4089809741518	-9.87101331001813	-9.56147874586556	-9.72117429828841	-9.87008153158683	-9.65488238420988	-9.67208675670536	-10.8610661502707	-10.1709383647078	-10.0833094039126	-10.0042615392985	-9.87380520002213	-9.99470347291663	-9.85941872486602	-10.3462562410592	-10.3462562410592	-10.3917294181303	-10.9276458218383	-10.9276458218383	-10.6048178808672	-9.87740222443358	-9.76504251365745	-9.75321014197338	-10.0748628245465	-9.78162551141479	-10.6975200476059	-9.93784578681785	-9.67696253881565	-10.2044736225969	-9.57484218084115	-9.4616216069077	-10.9235833843302	-10.0748628245465	-9.68757351989896	-9.85688654976749	-9.54021847228145	-10.0422815537896	-10.0422815537896	-9.84486799618352	-9.71541289670586	-9.8000207611543	-9.86902014330238	-9.87536840602245	-9.85688654976749	-10.2413328984977	-9.07150507727618	-9.54655338021422	-9.72183829727733	-9.72183829727733	-9.85688654976749	-9.7550250777753	-10.8105433828694	-9.87598709077396	-10.0954303274078	-10.4268880604101	-10.9235833843302	-10.3820550485103	-9.68844422334788	-9.85941872486602	-10.0313679672493	-10.4951059157268	-9.85941872486602	-10.2504618098121	-9.97172255177532	-9.85887698964848	-9.4528011621456	-9.83370229590035	-9.85688654976749	-9.85941872486602	-9.588802826752	-9.588802826752	-10.1195235458136	-10.6029057405182	-10.8933240255037	-9.83703536940256	-9.73274577640237	-9.99120428097103	-9.99120428097103	-10.5712921477162	-9.65133661725082	-10.1195235458136	-9.64606025874936	-8.15490525587317	-10.0811910800918	-9.85688654976749	-9.85688654976749	-9.80772359807426	-9.8090032542943	-10.9544910302462	-9.48772613596818	-9.82813800264204	-9.50620306628442	-10.7328210224588	-10.1164916250771	-9.77911455291586	-10.1137203829888	-9.82218282392724	-9.91865977029908	-10.0016849828641	-10.0016849828641	-9.85549138778298	-9.84754728935203	-9.73274577640237	-9.65552869620889	-9.83084292395802	-9.66693828298471	-9.34990555902641	-8.65909544269604	-10.9276458218383	-10.0842384900029	-9.74487166934387	-9.85688654976749	-10.7328210224588	-9.85688654976749	-9.78883431557309	-9.77293563533039	-9.79630851098599	-9.99272370918619	-10.5474563175754	-10.2446334749996	-9.85941872486602	-9.83803558938777	-9.85941872486602	-10.1023056473001	-9.33782681282724	-10.9276458218383	-9.96287824695331	-10.6285263249154	-10.5113549751579	-9.68642580157459	-9.37728963292768	-9.85941872486602	-8.64314378498744	-10.1074339071317	-9.72816636423102	-10.1195235458136	-9.82691560494961	-9.62758758525162	-9.55964090532215	-8.40370148050144	-10.8446707530585	-10.9243273086915	-9.02694819701755	-10.3143122847665	-10.3913085952939	-10.2562136804075	-11.2218257629925	-11.0514392025383	-9.73056614546884	-11.7530956679795	-10.413704818688	-10.3917066678115	-11.5556330649863	-10.8299658369384	-10.8696589949374	-9.8944070338496	-11.998890633703	-12.2471661820778	-9.27030811008485	-10.7716530213601	-10.2475950231274	-12.8370973250189	-10.6845425760268	-10.6803001980444	-9.70448604653474	-9.7813282705339	-12.3317736213077	-10.9186506646925	-10.94381263896	-10.9642487591331	-12.0558766771214	-10.3684112973364	-11.0578548375751	-10.0403265988767	-9.18803761077896	-10.1633145633631	-12.2922928390417	-10.1410207775356	-12.0558766771214	-10.7790500784348	-9.10552810681103	-9.56613318022588	-13.161248977509	-10.6665322438068	-12.0333926423222	-10.1348598577938	-10.8184692466898	-13.1223237947758	-10.7223690808058	-10.9516859060926	-12.0399937670883	-12.8452435247392	-10.5061804896627	-10.4426051814687	-9.0033984741102	-10.9516859060926	-9.33992254583898	-10.7970272648574	-13.8269104781896	-10.6052853204269	-11.5208377091905	-10.0941186222327	-10.8904209226607	-12.2363853673156	-10.0681359372327	-12.6239344785823	-11.4273738034548	-10.8124454802988	-10.4227768113262	-12.8973056164104	-11.0447180478335	-11.622248920584	-14.7683837744578	-10.3734793660557	-10.721404598249	-12.3298204472984	-11.4542351589996	-11.0952378693353	-10.448832459177	-11.3936898201539	-11.7974575170554	-13.0981985930257	-10.3735991817921	-11.5299616473948	-12.0174575558002	-9.82272458332631	-11.8662269522342	-10.4574367785786	-13.0417895915782	-11.5198870404448	-10.5860626314147	-11.5061367057065	-10.1912282509318	-11.98379870236	-13.1677186471433	-10.6019857126661	-11.6720522191419	-12.1955232302371	-13.0775329057505	-10.8669260609109	-10.6231137100769	-9.93970633482584	-12.1955232302371	-10.7665552436423	-13.4591137563061	-11.6720522191419	-11.8054395731952	-11.4921421552062	-12.4331270614835	-12.6236078962996	-10.1482508253817	-11.043214362013	-11.5717345295026	-10.7882144580608	-10.6034999017011	-10.7206042654889	-10.3290771912614	-10.6531656023041	-12.422479817284	-10.0570628469819	-9.39810541080602	-12.424567818725	-10.0570628469819	-11.461873693412	-11.3248501000694	-11.7863323896136	-14.4934218613303	-12.938971062375	-13.8883829477604	-11.4983615325113	-13.4126798132872	-12.7902355923011	-11.3769368012256	-12.2566647858521	-10.5878338269788	-12.3696990519528	-10.7414184590017	-13.1143094523808	-12.8156076614712	-12.7537095496738	-13.7402126303256	-12.4746710541099	-14.6680606465776	-13.5645073704557	-12.2324458604064	-12.7729002432537	-11.2956424572697	-12.7555560164919	-11.079078915034	-13.4540055181242	-13.784396356175	-11.5630207282056	-10.676906321962	-13.6810630295641	-12.2324458604064	-10.5247519929516	-12.6942023686093	-14.3816834774217	-11.3311141900097	-11.3311141900097	-11.3911607677578	-13.5091636625506	-14.4421980518985	-11.6716562475004	-12.633527336944	-13.780604881535	-13.780604881535	-11.0478436530454	-12.8643245633013	-12.4574354557667	-12.2182103862082	-14.4591137563061	-11.1504218986971	-11.3494525713843	-10.205966323238	-14.6360882568393	-13.6179963073285	-12.6957869115831	-11.4320972671145	-11.4320972671145	-11.8206523458756	-9.17775626894499	-10.5297544016944	-11.166818585421	-10.737347801117	-10.7617073398896	-11.0230988266169	-11.9678865957507	-11.696258243356	-11.3229255513571	-12.4762784005071	-14.707286295497	-11.5707983865278	-11.5707983865278	-11.4341367653698	-11.4341367653698	-11.3916839178513	-12.4222474298038	-11.3094415485174	-12.1017876196709	-10.8387814713595	-13.5539914579653	-11.2285215965463	-10.7461597687304	-11.1168561639699	-14.1162044458356	-11.8021433438715	-13.8171005446593	-9.87074287376522	-10.7766483914164	-11.3916839178513	-11.166818585421	-10.8045003898041	-14.707286295497	-12.1057338638532	-11.2616616863344	-12.7095846088135	-12.7996157355115	-14.707286295497	-10.2635894344521	-11.1320267487944	-13.6511021056336	-13.2289054139326	-11.0265389525904	-11.0652442725034	-10.1140508577911	-16.5438774479555	-13.930595504262	-13.930595504262	-11.7674815189411	-10.2711216660585	-13.967042658838	-12.387922473009	-12.2085733656177	-9.46310689834976	-13.4306837975207	-12.377687610519	-10.8153940341159	-10.8006692065995	-11.0208705565278	-13.6218693482721	-10.8872100089566	-10.5344337156845	-10.98739646174	-12.4860682101326	-11.3760863561167	-14.6360882568393	-12.4419101196411	-13.8497575083924	-10.7367151549176	-10.7990473819661	-13.3738825356748	-12.4909123215322	-12.5949447998981	-14.0657725320826	-14.4595376108933	-14.1961323254862	-10.9680260435641	-10.7429896405802	-12.2572081408686	-11.4706338057887	-10.7831656862373	-13.9244388390171	-11.4314942945363	-11.4738145343702	-12.1798985700559	-10.9016635390727	-10.7702261272456	-13.4220357315731	-15.5004915107939	-17.3530312418682	-11.0360689789705	-12.8624036616957	-14.707286295497	-13.0932653683181	-14.165728877758	-13.7547560241804	-12.4644262269652	-12.5002571136984	-12.4785316982411	-12.8624036616957	-10.8224587891434	-10.8896782096271	-11.9378965391669	-11.9378965391669	-14.6680606465776	-11.8634023515498	-10.7319455293007	-12.5661324670624	-11.1562374712981	-11.9024250547623	-13.3286972375719	-11.0639546801845	-11.0639546801845	-10.5706481449196	-13.3025409505831	-10.7654690625071	-12.3560860257197	-10.8291953997086	-14.3413645200129	-10.2363876371049	-11.0133056883677	-11.5818387813225	-11.9709537888482	-10.7970992436415	-11.4366380432655	-11.0463784907313	-12.6286276053453	-12.3895722621515	-17.0955198754766	-11.0607759261519	-11.4366380432655	-11.0607759261519	-11.0607759261519	-12.5103432920611	-12.6345978228912	-12.57053225494	-12.6155794500586	-12.6155794500586	-12.1331314327833	-13.1851201384824	-12.6526339280507	-11.1973181503962	-12.7996157355115	-13.9439664591209	-11.3401713115937	-13.9439664591209	-13.9439664591209	-12.0356660268381	-10.7848079193983	-14.6675708918276	-10.0882414163308	-12.7496867229244	-12.2759170100878	-11.0842170428089	-10.7654690625071	-14.707286295497	-15.8779916832166	-16.4996195282706	-14.4934218613303	-14.707286295497	-11.8882081942978	-12.5717345295026	-11.1115215786408	-12.5083686427171	-10.2469798189071	-12.0630929080875	-14.3073204553176	-15.3479215687618	-10.6281748773954	-12.7452551523741	-12.1306106959026	-15.4269489312415	-15.3292103197283	-16.8204583856272	-13.7530144862549	-15.0786881878381	-15.0786881878381	-16.4767877670893	-14.1104520324022	-14.4058020259459	-15.2821919856897	-19.3467449790208	-16.5947411005175	-15.5789980752488	-12.8815299528547	-11.5125597619773	-14.7337258834113	-14.7337258834113	-10.2491708218031	-16.2254412120699	-15.3960331473552	-13.3109298445511	-13.3109298445511	-11.285327997495	-14.1478067562988	-14.1478067562988	-19.1810077745419	-19.3467449790208	-20.5775251858499	-12.8766750261364	-13.459325668034	-10.9069646740224	-11.8964768555418	-11.8964768555418	-18.592322187778	-13.1407371710488	-11.3035702525713	-10.9844447223427	-11.3035702525713	-15.5293886648057	-13.6903232248354	-20.5775251858499	-14.9402201394698	-13.1900001618901	-16.2185376636598	-11.486313808552	-13.3330885345392	-15.1923054757788	-16.5947411005175	-16.5947411005175	-12.3330885345392	-15.7670191266658	-10.4510709191219	-10.4510709191219	-10.1825758709995	-16.0955198754766	-12.0105236973162	-15.7670191266658	-16.4996195282706	-15.6890055701514	-17.0955198754766	-17.0955198754766	-14.3368603900889	-15.3619575188519	-16.6890055701514	-16.6890055701514	-15.591207132944	-11.3010612790658	-11.3059025660733	-11.6232487411553	-19.8703069350778	-16.5381360846627	-16.4996195282706	-10.4632861924193	-13.347725403823	-14.3793758551442	-13.1490880965303	-16.4996195282706	-13.208617895304	-17.0955198754766	-11.3937353837409	-15.7573983354484	-17.0955198754766	-15.8779916832166	-17.0955198754766	-10.8930323787569	-11.3108270717261	-11.6669803463055	-15.3710988442211	-15.5826868909657	-15.591207132944	-16.4996195282706	-15.7900756630585	-11.6683147723626	-15.1040430694303	-15.1040430694303	-17.0955198754766	-16.6890055701514	-16.6890055701514	-14.3816834774217	-13.1986420371963	-13.1986420371963	-15.7573983354484	-16.4996195282706	-10.9327234574602	-17.0955198754766	-12.3330885345392	-16.2185376636598	-16.4996195282706	-15.591207132944	-16.6890055701514	-16.4996195282706	-11.2167206431616	-14.687217474437	-15.0381131259519	-16.6890055701514	-15.1040430694303	-15.591207132944	-9.9828682941335	-16.4996195282706	-9.93978117627432	-17.0955198754766	-15.5187492726274	-14.0900624623014	-14.7648698013404	-13.3068055646462	-19.8703069350778	-12.6774839967626	-10.5648407936403	-15.6890055701514	-11.6507057920068	-11.2049554716936	-13.1772207818708	-12.2356773673946	-12.1364442153992	-16.6890055701514	-11.6732223516934	-15.6890055701514	-12.865285974063	-17.0955198754766	-12.2530507009431	-13.3330885345392	-13.1791392132177	-13.3330885345392	-11.748126033818	-13.6458469523165	-13.7176544932438	-13.7176544932438	-13.7176544932438	-12.0762404121846	-18.5411833387862	-18.5411833387862	-13.8889679909335	-10.7260517982978	-16.4996195282706	-16.6424503620173	-17.3530312418682	-15.611599582881	-14.5720610341259	-13.1236750533592	-12.8529556501054	-16.6890055701514	-17.0955198754766	-15.4434551564895	-15.8899388297903	-14.4634216738289	-14.8717729167986	-14.9357904334917	-15.0323006397115	-10.0874888695882	-14.6348670644595	-13.8816506480938	-9.91490766854938	-14.6890055701514	-10.2968656587162	-11.3059025660733	-11.0526197297354	-13.8816506480938	-16.6890055701514	-15.9831472583849	-9.32061851417228	-18.0123259399502	-9.70976894727616	-11.029682414149	-12.4979478861632	-16.6890055701514	-15.6890055701514	-13.3330885345392	-16.6890055701514	-11.6732223516934	-11.6732223516934	-16.6890055701514	-11.6732223516934	-11.6732223516934	-16.5438774479555	-16.6890055701514	-16.6890055701514	-16.5438774479555	-14.6675708918276	-16.898763381127	-16.4067825618066	-11.6732223516934	-17.0955198754766	-13.1070115617307	-12.512595495077	-11.9928003936261	-13.7176544932438	-12.6284905805788	-16.6890055701514	-16.6890055701514	-16.6890055701514	-16.6890055701514	-11.9088644758785	-13.8816506480938	-14.1040430694303	-13.5003279739203	-14.6890055701514	-14.6890055701514	-13.2461877582378	-14.6890055701514	-13.4550405106579	-15.1040430694303	-11.1361435087839	-15.1040430694303	-11.586683170617	-13.0589964698218	-10.4444118134807	-15.6890055701514	-15.6890055701514	-12.8266234087029	-12.8266234087029	-14.0760047991708	-15.6890055701514	-11.9511531015214	-14.9296116065448	-13.1986420371963	-13.1986420371963	-16.6890055701514	-15.6890055701514	-14.7690665827178	-12.9032103949142	-15.6890055701514	-15.6890055701514	-13.8248475820622	-15.6890055701514	-11.0267195161565	-11.271740275573	-15.6890055701514	-13.7118992130612	-15.6890055701514	-15.6890055701514	-15.6890055701514	-13.0464302238367	-15.6890055701514	-15.6890055701514	-11.0729939675446	-15.6890055701514	-15.5826868909657	-15.5826868909657	-15.4682328615609	-15.6890055701514	-15.6890055701514	-13.1805011029106	-15.6890055701514	-15.6890055701514	-16.6890055701514	-11.3059025660733	-16.6890055701514	-15.8779916832166	-16.6890055701514	-16.6890055701514	-16.6890055701514	-16.6890055701514	-16.6890055701514	-15.9831472583849	-15.6890055701514	-16.6890055701514	-16.6890055701514	-16.6890055701514	-13.5445180388863	-16.6890055701514	-11.6161316021079	-16.6890055701514	-15.591207132944	-19.888454281788	-19.888454281788	-16.6890055701514	-16.6890055701514	-18.8703069350778	-16.6890055701514	-16.5381360846627	-16.6890055701514	-16.6890055701514	-16.6890055701514	-10.886321136032	-16.6890055701514	-11.5433775351291	-16.6890055701514	-16.6890055701514	-14.9357904334917	-16.6890055701514	-16.6890055701514	-12.973868565854	-16.6890055701514	-16.6890055701514	-16.6890055701514	-16.6890055701514	-16.6890055701514	-14.1162044458356	-16.6890055701514	-16.6890055701514	-16.6890055701514	-16.6890055701514	-16.6890055701514	-16.6890055701514	-16.6890055701514	-11.3020966522024	-13.2979477667701	-16.6890055701514	-16.6890055701514	-15.6890055701514	-16.6890055701514	-16.6890055701514	-16.6890055701514	-16.6890055701514	-15.5826868909657	-16.6890055701514	-16.6890055701514	-16.6890055701514	-13.1986420371963	-16.6890055701514	-16.6890055701514	-16.6890055701514	-17.3530312418682	-13.5445180388863	-12.9623497406327	-15.6890055701514	-16.6890055701514	-12.0067439773112	-16.5381360846627	-15.591207132944	-15.1040430694303	-16.6890055701514	-16.6890055701514	-16.6890055701514	-16.6890055701514	-16.6890055701514	-16.6890055701514	-16.6890055701514	-16.6890055701514	-9.49433149509324	-16.6890055701514	-16.6890055701514	-16.6890055701514	-16.6890055701514	-16.5381360846627	-16.6890055701514	-13.3131879131479	-13.5445180388863	-13.5445180388863	-16.6890055701514	-16.6890055701514	-16.6890055701514	-13.1986420371963	-19.888454281788	-16.6890055701514	-11.6399652021602	-16.6890055701514	-16.6890055701514	-16.6890055701514	-16.6890055701514	-16.6890055701514	-16.6890055701514	-16.6890055701514	-15.5826868909657	-11.4384228531442	-14.9695004921692	-16.6890055701514	-16.6890055701514	-15.1555805991966	-13.2467911935872	-16.6890055701514	-19.888454281788	-13.6977669156084	-16.6890055701514	-9.85843064784848	-15.8416272865733	-11.2569617638716	-16.6890055701514	-16.6890055701514	-16.6890055701514	-15.8779916832166	-16.6890055701514	-16.6890055701514	-16.6890055701514	-16.6890055701514	-11.6732223516934	-16.6890055701514	-16.6890055701514	-16.6890055701514	-16.5381360846627	-16.6890055701514	-12.0762404121846	-13.2134977618591	-16.6890055701514	-16.6890055701514	-16.6890055701514	-11.3059025660733	-16.6890055701514	-15.6890055701514	-10.9838349023183	-16.6890055701514	-16.6890055701514	-16.6890055701514	-16.6890055701514	-11.6357978306588	-15.591207132944	-16.6890055701514	-16.6890055701514	-16.6890055701514	-16.6890055701514	-13.1198176673756	-12.0175862753926	-13.1986420371963	-12.9655669561166	-13.5445180388863	-16.6890055701514	-11.6949632311035	-13.2467911935872	-21.2327013509278	-16.5381360846627	-16.6890055701514	-16.483668405103	-11.6232487411553	-16.6890055701514	-16.6890055701514	-13.5875775636807	-16.6890055701514	-16.6890055701514	-16.6890055701514	-15.4434551564895	-16.6890055701514	-16.6890055701514	-16.6890055701514	-16.6890055701514	-16.6890055701514	-16.6890055701514	-16.6890055701514	-16.6890055701514	-16.6890055701514	-16.6890055701514	-16.6890055701514	-16.6890055701514	-15.5826868909657	-16.6890055701514	-16.6890055701514	-13.045125524517	-15.2272444458632	-16.6890055701514	-16.6890055701514	-16.6890055701514	-16.5381360846627	-16.6890055701514	-13.5445180388863	-13.1986420371963	-16.6890055701514	-16.6890055701514	-16.6890055701514	-16.6890055701514	-16.5381360846627	-11.2455091950283	-11.2057463194189	-11.920764706898	-16.6890055701514	-16.6890055701514	-16.6890055701514	-16.6890055701514	-16.6890055701514	-16.6890055701514	-16.6890055701514	-16.6890055701514	-14.4766161708903	-13.2119704717832	-16.6890055701514	-16.6890055701514	-16.6890055701514	-16.6890055701514	-16.6890055701514	-13.1986420371963	-15.5826868909657	-16.6890055701514	-14.6435575908599	-11.3059025660733	-10.0499225149629	-16.6890055701514	-16.6890055701514	-16.6890055701514	-10.5068565731343	-19.8703069350778	-19.8703069350778	-19.8703069350778	-19.8703069350778	-19.8703069350778	-16.5381360846627	-16.3519291667029	-19.8703069350778	-19.8703069350778	-9.99252530711424	-10.4847720892704	-19.8703069350778	-19.8703069350778	-19.8703069350778	-14.5913000212704	-16.898763381127	-13.1652448273162	-19.8703069350778	-19.8703069350778	-19.8703069350778	-19.8703069350778	-19.8703069350778	-19.8703069350778	-11.6216380953546	-12.5699944183873	-19.8703069350778	-14.5456763198106	-14.1831062404259	-19.6477388502066	-21.9967639438519	-13.5034055731745	-14.5456763198106	-23.5817264445731	-14.707286295497	-17.1234567519797	-15.483668405103	-17.0955198754766	-13.2467911935872	-13.2467911935872	-17.3530312418682	-21.2327013509278	-11.9531474711051	-21.4436916310881	-12.0907927559343	-13.0135390599017	-21.2327013509278	-13.1028673125266	-21.2327013509278	-21.2327013509278	-17.0955198754766	-17.3530312418682	-21.2327013509278	-15.8924546271066	-15.8538329011768	-17.0123259399502	-8.75003989303653	-10.6845131580282	-11.3506387428137	-9.99640244098654	-10.5023653304914	-10.1961389474997	-12.512595495077	-11.3408934630106	-11.7185197689383	-11.3408934630106	-11.2628772082682	-11.3408934630106	-11.3408934630106	-11.3408934630106	-11.649432879513	-13.7176544932438	-11.6610576813695	-11.7185197689383	-24.0605203755451	-24.0605203755451	-12.512595495077	-11.6140982465504	-11.7185197689383	-11.8525972446497	-12.1364442153992	-11.3408934630106	-11.3408934630106	-11.3408934630106	-11.3408934630106	-11.3408934630106	-11.0418867804917	-10.9745158325748	-10.5173862377618	-13.1656337836028	-14.8987059043819	-15.483668405103	-13.040045271748	-15.483668405103	-15.483668405103	-14.7573983354484	-14.7573983354484	-15.483668405103	-15.483668405103	-11.6949632311035	-11.6949632311035	-12.8262270732954	-16.483668405103	-16.483668405103	-16.483668405103	-14.707286295497	-16.483668405103	-12.6095520214877	-12.885639266181	-10.9891011833648	-13.7176544932438	-13.7176544932438	-13.7176544932438	-12.1364442153992	-16.8281003749571	-17.3530312418682	-17.3530312418682	-12.3879880249586	-11.8743631673128	-11.8743631673128	-11.8743631673128	-11.8743631673128	-13.459325668034	-13.459325668034	-13.459325668034	-13.459325668034	-13.459325668034	-13.4289189057311	-13.459325668034	-13.459325668034	-13.459325668034	-11.649432879513	-11.649432879513	-13.1851201384824	-13.459325668034	-11.3964185773902	-15.7670191266658	-16.4996195282706	-11.6407280244029	-16.5438774479555	-16.4996195282706	-16.4996195282706	-16.4996195282706	-16.4996195282706	-16.4996195282706	-16.6890055701514	-16.6890055701514	-17.0955198754766	-22.0605203755451	-12.7176544932438	-13.5218111354146	-11.7185197689383	-13.7176544932438	-24.0605203755451	-13.7176544932438	-16.4996195282706	-13.7176544932438	-13.7176544932438	-13.7176544932438	-13.7176544932438	-12.764143162763	-13.3330885345392	-13.3330885345392	-11.6140982465504	-13.3095919806033	-13.3330885345392	-19.2614976924023	-13.1851201384824	-12.3330885345392	-13.3330885345392	-13.3330885345392	-13.7176544932438	-12.1364442153992	-12.1364442153992	-12.1364442153992	-19.888454281788	-16.5438774479555	-14.707286295497	-20.5775251858499	-19.888454281788	-16.5438774479555	-16.6890055701514	-17.0955198754766	-17.0955198754766	-21.7385922806577	-22.0605203755451	-17.0955198754766	-24.0605203755451	-16.4996195282706	-14.707286295497	-17.0955198754766	-17.0955198754766	-17.0955198754766	-17.3530312418682	-15.6890055701514	-16.6890055701514	-16.6890055701514	-20.5775251858499	-19.0123259399502	-14.6680606465776	-19.8703069350778	-13.459325668034	-13.459325668034	-17.0955198754766	-16.5438774479555	-13.3330885345392	-16.5438774479555	-16.5438774479555	-19.888454281788	-19.888454281788	-14.707286295497	-14.707286295497	-17.3530312418682	-13.3330885345392	-13.3330885345392	-24.0605203755451	-19.2614976924023	-16.6890055701514
Plate1_2518R_L_M_S5_week10_S61_L001	-6.48510578956746	-6.26450413331923	-6.40403721918434	-6.78802940005743	-6.59760315969693	-7.1999467412812	-7.85343531198188	-7.05329309940841	-6.57785824598589	-7.61059836524734	-7.27395078974745	-8.28146454889417	-8.61331955901187	-8.21883941058183	-8.76634727794494	-7.82043679091411	-7.49237974364015	-7.40955639471656	-8.14899465852907	-8.1486598949093	-9.47508943472265	-9.42834222685807	-8.60666367617013	-7.97778324013248	-8.8707637501623	-8.54779377293401	-8.39921587649257	-9.02813921516655	-9.02813921516655	-8.05618034460014	-9.89501201576406	-9.25155135518371	-9.79662558922625	-9.89501201576406	-8.4416495194562	-8.9242366816247	-9.31404515998564	-9.08223829594359	-9.30306593097553	-8.87229123213095	-9.43126896193247	-9.58218414841017	-8.95053605896971	-9.06403499728771	-8.90418460771384	-9.61015166609958	-10.0295631438457	-10.028680206882	-8.84398652101593	-9.06903241153876	-9.89815153887968	-9.44150048445847	-9.06310529127415	-8.69425086372742	-8.62170874547329	-9.01601544265292	-8.65866674092666	-8.84703142291811	-8.79847896656329	-8.97268671128844	-8.9200721496918	-9.23545731189204	-8.67318900512978	-8.67318900512978	-9.47622373344301	-8.55589322449919	-8.60543237284316	-10.9657151563551	-9.39922330581255	-8.76212235138259	-9.0275189560822	-9.41995980639442	-9.0313439970389	-9.51654120132141	-8.60964304127529	-8.73698166974272	-9.11922639395711	-11.0052437161371	-8.24382419034193	-9.04604316636111	-9.3171237759593	-9.97687398632775	-9.32943866886744	-9.32943866886744	-9.29973363546285	-9.06046450390481	-8.18086832488133	-9.62791527592203	-9.3193039219515	-8.84703142291811	-8.6980810118711	-9.03904177046524	-9.08432095062645	-8.17462754000527	-8.16548436371821	-9.97599876928966	-9.31826962754945	-8.8932238155487	-8.52178534695958	-9.44381762260301	-8.83929571344667	-8.84511951027883	-9.04756406540076	-8.43324319943928	-9.25040044095667	-8.94682919815113	-9.74278190328203	-9.96912283149275	-9.73323351783131	-10.0629367461387	-11.0295631438457	-10.6945243432061	-14.5192411429112	-11.0257776835914	-11.0052437161371	-8.30853170590723	-9.67255314788565	-9.00319437849097	-9.21128346353144	-10.6141222776726	-10.6141222776726	-10.0763537157391	-10.0369790314786	-10.0369790314786	-9.81521425475923	-9.70759935310897	-9.6660404557093	-8.92695460805772	-9.35210685507752	-10.9998261271034	-9.56565703100227	-9.51277592472663	-11.0022236094467	-9.36169875229461	-9.68099440242046	-9.83549402233667	-9.84398652101593	-9.84398652101593	-9.84398652101593	-10.0155871442112	-11.0052437161371	-9.84398652101593	-10.0112702592901	-8.87754565235515	-8.87754565235515	-9.88322654212427	-9.34172536706245	-9.34251373564189	-9.85428159285718	-9.97773375878845	-9.54553645871485	-9.85497593010225	-10.7169501405448	-10.0112702592901	-9.84946548365219	-8.87783962176602	-10.7169501405448	-10.1731610473167	-9.69573045903878	-9.810028729085	-9.43824880789944	-10.7128949245227	-9.42341644513865	-9.31826962754945	-9.74506880978215	-9.83308018889119	-9.44904375406161	-9.38840642481319	-9.69942219496335	-10.1731610473167	-10.4135868364643	-9.50424648100701	-10.0629367461387	-9.84398652101593	-8.91570661576529	-9.74506880978215	-9.74506880978215	-10.0755414080244	-9.33116232853911	-10.3296555712491	-8.93488247509472	-9.56177484091054	-9.57243053111588	-9.85262289337478	-9.80568475592021	-9.56182207314751	-8.91092838009085	-9.84398652101593	-9.81067441923721	-9.84946548365219	-10.9388986598894	-10.0616511782652	-10.4161643990481	-9.46662233527048	-9.810028729085	-9.06427670593026	-9.17932428634537	-9.84398652101593	-9.59929942207658	-9.32706393805312	-10.1790298608156	-9.32557670150602	-10.7515757218875	-10.9545223170398	-10.0256336281059	-9.15196120792617	-9.27263215145406	-9.84703142291811	-9.47359865615296	-9.84398652101593	-9.83610213502247	-9.84398652101593	-9.92855008162818	-9.810028729085	-9.34778228512995	-10.2679930110945	-10.2679930110945	-10.4981356439049	-9.69818886023374	-9.83324398324437	-9.88425518394613	-9.71927804666687	-9.85845835752871	-9.85845835752871	-10.066961781176	-9.84398652101593	-9.69573045903878	-9.84398652101593	-9.96951107851452	-9.73473266021	-9.00360139275919	-9.96465756843049	-9.95855771773899	-9.69842652067576	-10.0755414080244	-10.0755414080244	-10.0755414080244	-11.0295631438457	-10.2447690685893	-9.66350269269149	-10.0755414080244	-9.62982896708804	-9.6106036982636	-9.85845835752871	-9.84625339000964	-10.9225144135914	-9.79785359682871	-11.0052437161371	-10.5195382901466	-10.0302054520418	-10.0307301852566	-9.84398652101593	-10.0755414080244	-9.96202137514015	-9.52898841881946	-10.2710351689876	-8.69314325518759	-9.84625339000964	-9.54695270972746	-10.0270151344589	-9.91471860567414	-10.6990563273445	-9.69623421781801	-9.18539865648693	-9.64439204759408	-10.0755414080244	-9.69409992525852	-9.82829021076206	-8.96092087233679	-9.84625339000964	-8.80522123007411	-9.47542273827931	-10.4035059837396	-9.35556249096556	-10.0755414080244	-9.56457752249554	-9.56457752249554	-11.0295631438457	-9.84641544560123	-9.57925954992631	-9.82943415953404	-9.62550482476621	-10.3029330472441	-10.0408570869789	-9.68629528731067	-9.68629528731067	-9.83308018889119	-9.35556249096556	-9.85725688038201	-10.7717275494749	-10.0330606483737	-9.83190286216991	-9.86538531016864	-9.8413105365965	-9.84625339000964	-9.68645338944635	-11.0052437161371	-10.0212225915112	-10.0212225915112	-10.7473328680333	-12.9477764272492	-9.32928238344944	-10.0295631438457	-8.90086489702094	-9.69928242258067	-10.4082098305225	-10.1569611761346	-10.184342832315	-9.8194987739894	-9.20889372983345	-9.50869596492619	-10.0173521866981	-10.5460272507586	-9.7238885867925	-9.84625339000964	-10.4327330382044	-9.84792343509715	-9.85575868252993	-11.0295631438457	-11.0295631438457	-9.78153656352227	-11.0052437161371	-10.6144037487229	-9.52964470506719	-9.67132390026254	-11.0295631438457	-9.84398652101593	-9.35383363837664	-9.84625339000964	-10.6573156311145	-11.0295631438457	-9.12539846674417	-9.71626656851221	-9.84625339000964	-9.84398652101593	-9.84398652101593	-10.6889701252813	-9.84398652101593	-10.6933359959518	-10.0475477632172	-9.07045802113965	-9.5498098411847	-9.27606770515411	-9.84625339000964	-9.85725688038201	-11.0052437161371	-10.2710351689876	-11.0295631438457	-9.6726307290124	-9.90343836584364	-9.96706774579716	-10.2505017660652	-9.64792631632948	-10.0269334005922	-9.89365244658588	-9.90328073474342	-10.1647736241543	-10.0158158579843	-9.71697236392293	-9.84625339000964	-9.83415080898096	-8.74677464991566	-9.71975224331102	-10.4067429351705	-9.15617954123755	-10.4067429351705	-9.84625339000964	-9.6718536694649	-9.58622659397208	-9.35215115001533	-10.7314889792559	-10.9958661184662	-10.0755414080244	-10.9813274528972	-10.7334223240178	-10.0461055163724	-11.0052437161371	-10.3698107885163	-9.68688644593567	-9.78997354379545	-9.21608321498126	-10.0629367461387	-9.10715263160682	-9.83383829535639	-9.67959696509798	-9.77415101351204	-10.2423285979242	-10.075347661817	-9.62172816219534	-9.83515548865732	-10.0013220567188	-9.72502564926912	-9.83060386209869	-9.84318425545166	-10.6409922081153	-10.2710351689876	-9.42673598874654	-10.0755414080244	-9.7288574474617	-10.2710351689876	-9.8432319583672	-9.84625339000964	-9.67653456244454	-10.4494141701673	-9.85725688038201	-9.53980800350499	-9.72491987284762	-9.93133029832746	-9.66203080775698	-9.67550704670577	-10.9454676685744	-10.1756093391663	-10.0270151344589	-9.99703139213559	-9.93442160974218	-10.0208668154999	-9.84625339000964	-10.431397799384	-10.431397799384	-10.4620428929567	-11.0052437161371	-11.0052437161371	-10.6488707702836	-9.86271362989573	-9.71364932859016	-9.70383160392128	-10.0212225915112	-9.79010290238445	-10.6933359959518	-9.99833354762159	-9.711956349466	-10.2255622591674	-9.5642942769786	-9.4744481046975	-11.0048746747227	-10.0212225915112	-9.70337141656988	-9.84398652101593	-9.53711641726841	-10.0020006505832	-10.0020006505832	-9.83532997234368	-9.6610912421865	-9.80450831324307	-9.85417486406505	-9.86091179037625	-9.84398652101593	-10.2287992051621	-8.98437051172718	-9.43290033417378	-9.67882696714875	-9.67882696714875	-9.84398652101593	-9.79659819026507	-10.9055237512825	-9.86025713355239	-10.0496284782701	-10.5082305275168	-11.0048746747227	-10.5015208353803	-9.72325380035404	-9.84625339000964	-10.0501164636056	-10.5920401603012	-9.84625339000964	-10.2548122548558	-10.0017271893938	-9.84460146192367	-9.42790381918523	-9.80939280527701	-9.84398652101593	-9.84625339000964	-9.57066907699661	-9.57066907699661	-10.0755414080244	-10.673174632379	-10.9806015945433	-9.84617966074061	-9.7348826601624	-10.0012390591658	-10.0012390591658	-10.6926234571593	-9.70488170350739	-10.0755414080244	-9.65385899951066	-8.13494809021213	-10.1028136783899	-9.84398652101593	-9.84398652101593	-9.810028729085	-9.80842484338242	-11.0295631438457	-9.52181608196227	-9.82108715717817	-9.4691873221617	-10.7515757218875	-10.0728844159606	-9.74085405900523	-10.0519794162081	-9.79990940185672	-9.91178703256243	-10.0284687501162	-10.0284687501162	-9.84156167890117	-9.83722331068093	-9.7348826601624	-9.5895498317258	-9.82362934191073	-9.67195562569681	-9.33179632816242	-8.67220982965057	-11.0052437161371	-10.0259502020806	-9.74247424014319	-9.84398652101593	-10.7515757218875	-9.84398652101593	-9.74726024207256	-9.76608551582149	-9.73844975045476	-9.96202137514015	-10.6422633955915	-10.229946750717	-9.84625339000964	-9.82789736276898	-9.84625339000964	-10.0613642934995	-9.26368035192506	-11.0052437161371	-9.93919935276644	-10.6990563273445	-10.6377980941579	-9.6878828968552	-9.39963465266251	-9.84625339000964	-8.64393846027116	-10.066961781176	-9.75350579977352	-10.0755414080244	-9.80411165731845	-9.93653936019285	-9.79582105932106	-8.36078842454457	-11.2138140949243	-11.1631134804196	-8.86131578000277	-10.4633608294473	-10.4317272380174	-10.1568395829969	-11.5115624178559	-11.3100201824083	-9.71144854770804	-11.9068818840817	-10.3558727510653	-10.4491754193241	-11.8373601972484	-10.9944575382608	-10.9644570485172	-10.0282168811992	-12.1022891580767	-12.689746284328	-9.26180953127063	-10.9329495499972	-10.2813719802245	-13.3178409500413	-10.8555311513246	-10.9566671781762	-9.83414598820534	-9.86978132721777	-12.7987243297292	-11.0466788905481	-11.0997602029821	-11.1187188717332	-12.1140913878172	-10.3652895057164	-11.2463366887824	-10.0764820166717	-9.20526821310619	-10.2472489790553	-12.4266227104086	-10.3112800673426	-12.1140913878172	-10.6928230491084	-9.14976965951508	-9.47771220782383	-13.1295481138705	-10.7418101226174	-12.5097440692707	-10.1385291567881	-10.9918004340588	-13.6508917312155	-10.7503015550379	-10.9541014106567	-12.400108560233	-13.3201797169555	-10.4751188776128	-10.5041557135899	-9.02797930064574	-10.9541014106567	-9.37175890842196	-10.7915437746236	-14.239663419764	-10.6559373812237	-11.6693737581596	-10.1913232268253	-10.8107076204221	-12.4466438926525	-9.98452076002119	-12.6389345286073	-11.394484048064	-10.7198494765884	-10.3561946155033	-13.3768323865815	-11.028023872739	-11.7563258311472	-15.1906811692836	-10.3243257174268	-10.9516447907746	-12.6493131879556	-11.521925439176	-11.225951194937	-10.4282057786558	-11.517761486018	-12.0789933086822	-13.6195336473702	-10.2983402427363	-11.7307528630137	-12.3213820585845	-9.74213799714894	-12.0971971061302	-10.4352487826281	-13.3037271956091	-11.6698526220563	-10.6712471070513	-11.7442328760821	-10.2379127503062	-12.2449388919735	-13.3893865941626	-10.6853100777768	-11.9502543285616	-12.5280055236454	-13.5542626775497	-10.8299195510949	-10.6660132825809	-10.023001872969	-12.5280055236454	-10.8209971869662	-13.9308379178287	-11.9502543285616	-11.9234714502028	-11.4685473626914	-12.7607143695122	-12.669603134205	-10.0641188604161	-11.1325863090618	-11.7288275712569	-10.9536404756789	-10.6892985611051	-10.8298057978273	-10.2736990606202	-10.6039037955038	-12.7389551127538	-10.0877915525577	-9.32949812972232	-12.743167328852	-10.0877915525577	-11.5930758381047	-11.5810470363195	-11.8295222547826	-15.0157684720734	-13.2774533974667	-14.2961107323823	-11.4416749212071	-13.8964852809738	-13.0373471284527	-11.3066026861384	-12.5706938430007	-10.4699524025291	-12.5266129356782	-10.7612123156455	-13.4747418034744	-13.074441958566	-13.0084677951039	-14.1344946191112	-12.6364831925903	-15.1897268426288	-13.9375618539391	-12.5307426517523	-13.0518271147649	-11.2402978437577	-13.0264146362703	-10.9313294388783	-13.6013471110697	-14.2166727866899	-11.538050572254	-10.7145194888831	-14.0492059398176	-12.5307426517523	-10.4625346492712	-12.9603209517207	-14.8420996419989	-11.318319638858	-11.318319638858	-11.5069747241215	-13.9429858380007	-14.7478337841115	-11.935622752047	-12.5293474204922	-13.8815956904268	-13.8815956904268	-11.0247686801747	-13.190878695018	-12.7560670225477	-12.4072771571199	-14.9308379178287	-11.0252510792213	-11.2808593997245	-10.0026596974251	-15.1437535381707	-14.1345421118565	-12.8339853049016	-11.3276622032612	-11.3276622032612	-12.0004643449573	-9.05739515358465	-10.5761164434804	-10.9987648588388	-10.6608796035929	-10.6764106745206	-11.0093311869251	-12.0240884598439	-11.6898189797801	-11.2940537361993	-12.6273429163137	-15.2358542319367	-11.7872394674706	-11.7872394674706	-11.3920525276866	-11.3920525276866	-11.3569978592856	-12.5880403524311	-11.2046339432651	-11.9805144449366	-10.7386858649723	-13.6821133276888	-11.1920170524388	-10.5471765940924	-11.0035114873855	-14.5330936471451	-11.817809654538	-14.2277929483498	-9.75632430860791	-10.6911790598805	-11.3569978592856	-10.9987648588388	-10.7086212660043	-15.2358542319367	-12.1445862557049	-11.3028085146064	-12.9852923107599	-13.0777713615417	-15.2358542319367	-10.3023149373975	-11.0920384174756	-14.024059131409	-13.4495606399805	-11.0050664197541	-11.0369660850536	-10.0960290115434	-15.5192411429112	-14.3623642772564	-14.3623642772564	-11.9433740468631	-10.2246235536129	-14.4228284856951	-12.5219927400432	-12.306863567891	-9.4073578454139	-13.8613325641875	-12.5422788349412	-10.7218891740979	-10.7077671680848	-10.9996440884546	-13.9941630601305	-10.7116721651206	-10.4880767721189	-10.8680290446596	-12.5279275447662	-11.6014018106151	-15.1437535381707	-12.7280032320963	-14.2616598623101	-10.656762752135	-10.9080772199229	-13.1291300979907	-12.6513050403169	-12.7495300177896	-13.8335033623413	-14.9760785543178	-14.6655599958728	-10.9600228383626	-10.664170994484	-12.3447303301033	-11.5714839007942	-10.6917321863628	-14.0138160682944	-11.3007330713234	-11.3803877207287	-12.2171169571703	-10.8175268706575	-10.6836311903444	-13.8307176783117	-14.4995341313178	-17.8370413521759	-11.0122225932603	-13.1320508538862	-15.2358542319367	-13.3081753807009	-14.6250501854287	-14.1587440435723	-12.6262072252225	-12.7698882204709	-12.6046327601723	-13.1320508538862	-10.9300219502604	-10.8805150106076	-11.9375653066223	-11.9375653066223	-15.1897268426288	-11.9014401706133	-10.6283861457672	-12.7231027727359	-11.1497706594628	-11.4649971924295	-12.9735276193962	-11.0391427158367	-11.0391427158367	-10.4350111457946	-13.4696702865274	-10.6795832501998	-12.5568803936993	-10.7612703696322	-14.7995336184027	-10.1654699584805	-10.9932064211155	-11.4447067545584	-12.2156676227158	-10.7993547829946	-11.4029898412812	-11.0213415079411	-12.8918216086987	-12.546290478811	-17.3589940553713	-11.036588840259	-11.4029898412812	-11.036588840259	-11.036588840259	-12.6717151067005	-12.7797891469609	-12.720664712502	-12.9013256867737	-12.9013256867737	-12.4580046676318	-13.1931851624012	-12.8946407924081	-11.045344472194	-13.0777713615417	-14.3427537594404	-11.4203584124866	-14.3427537594404	-14.3427537594404	-11.8904675477096	-10.7326432832688	-15.1373945414694	-9.90776856950611	-13.0288916946457	-12.4950403609974	-11.049504408893	-10.6795832501998	-15.2358542319367	-16.1158874651676	-16.737505678625	-15.0157684720734	-15.2358542319367	-12.1389896048923	-12.7288275712569	-11.0678117831231	-12.6503031117212	-10.2498896349012	-12.0384168072991	-14.801719082696	-15.5960728876957	-10.5641116964062	-12.9883719172109	-12.1345421118565	-15.6823100243829	-15.5899818863162	-17.0654575611401	-14.2272019809019	-15.3124403131055	-15.3124403131055	-16.6875032499102	-13.7415750033166	-14.2390505501538	-15.5768866210128	-19.5068927504836	-16.8075632248104	-15.7934968618478	-12.765051962056	-11.4336226670821	-14.4960112139387	-14.4960112139387	-10.1180056080972	-16.2161868699918	-14.926610196804	-13.4916044225944	-13.4916044225944	-11.0954222070324	-14.0670429819469	-14.0670429819469	-18.6588958439286	-19.5068927504836	-20.7032899632871	-12.5439862318304	-13.05605641331	-10.7729175953872	-11.5319515544712	-11.5319515544712	-18.804436686744	-12.8322895806604	-11.1211499422393	-10.8647770413327	-11.1211499422393	-15.8607824721098	-13.9546777865501	-20.7032899632871	-15.2241160010282	-13.3739701181921	-16.5783070837757	-11.7054077749374	-13.5140831286901	-15.4206648290954	-16.8075632248104	-16.8075632248104	-12.5140831286901	-16.0150396541539	-10.30350136385	-10.30350136385	-9.98338692804552	-16.3589940553713	-11.9893450384007	-16.0150396541539	-16.737505678625	-15.9078996321644	-17.3589940553713	-17.3589940553713	-14.1814278339126	-15.6074973745164	-16.9078996321644	-16.9078996321644	-15.8201885031686	-11.1197566198853	-11.1230333589595	-11.5218555531366	-19.0594337735124	-16.6150317374494	-16.737505678625	-10.3145797586009	-12.9847570872179	-14.6244942464297	-12.8384654280255	-16.737505678625	-13.3973232411129	-17.3589940553713	-11.6165897773044	-16.1031912187686	-17.3589940553713	-16.1158874651676	-17.3589940553713	-10.7419276966386	-11.2581888756731	-11.556774320981	-15.6747852711783	-15.8969014552709	-15.8201885031686	-16.737505678625	-15.9395796288991	-11.5532544817588	-15.3229371314433	-15.3229371314433	-17.3589940553713	-16.9078996321644	-16.9078996321644	-14.8420996419989	-13.3829688884369	-13.3829688884369	-16.1031912187686	-16.737505678625	-10.7278927586566	-17.3589940553713	-12.5140831286901	-16.5783070837757	-16.737505678625	-15.8201885031686	-16.9078996321644	-16.737505678625	-11.0589229094789	-14.8786493824337	-15.2638746020738	-16.9078996321644	-15.3229371314433	-15.8201885031686	-9.83429061848174	-16.737505678625	-9.80310162168179	-17.3589940553713	-15.6749694587296	-14.4355474074783	-15.1615802521483	-13.65167315495	-19.0594337735124	-12.7646905079512	-10.5953809175627	-15.9078996321644	-11.5448906571424	-11.1365362386264	-13.3637275633105	-12.433676232703	-12.0944691724457	-16.9078996321644	-11.5612121644771	-15.9078996321644	-12.9389504990178	-17.3589940553713	-12.4369475021897	-13.5140831286901	-13.3810519476781	-13.5140831286901	-11.9291206279689	-13.9844859830599	-13.384304734695	-13.384304734695	-13.384304734695	-12.0440521753116	-18.8619877093061	-18.8619877093061	-14.2556212347073	-10.6540951413419	-16.737505678625	-16.7558965387194	-17.8370413521759	-15.7540468670347	-14.925431938474	-13.3156944228326	-12.9365816261648	-16.9078996321644	-17.3589940553713	-15.8009651002872	-16.2041749079425	-14.8428495708767	-15.2437900368426	-15.2507741460765	-15.3155957055302	-9.94041312987547	-14.9023900633668	-14.1005447101068	-9.79483088274164	-14.9078996321644	-10.1217166705106	-11.1230333589595	-10.953303597434	-14.1005447101068	-16.9078996321644	-16.2989289297574	-9.1359745547047	-18.1589694470633	-9.7314889792559	-10.9006608499497	-12.1521745362734	-16.9078996321644	-15.9078996321644	-13.5140831286901	-16.9078996321644	-11.5612121644771	-11.5612121644771	-16.9078996321644	-11.5612121644771	-11.5612121644771	-15.5192411429112	-16.9078996321644	-16.9078996321644	-15.5192411429112	-15.1373945414694	-16.971970932262	-15.4002703309498	-11.5612121644771	-17.3589940553713	-13.1366016340348	-12.4477351379568	-11.841317803766	-13.384304734695	-12.3229055625747	-16.9078996321644	-16.9078996321644	-16.9078996321644	-16.9078996321644	-12.0994202535788	-14.1005447101068	-14.3229371314433	-13.8476427972598	-14.9078996321644	-14.9078996321644	-13.5699657661072	-14.9078996321644	-13.8665557792358	-15.3229371314433	-11.2035810789575	-15.3229371314433	-11.4919922687167	-12.7837003450291	-10.3012361032658	-15.9078996321644	-15.9078996321644	-13.045792862843	-13.045792862843	-14.4907327831229	-15.9078996321644	-11.8651858091302	-15.2045072266137	-13.3829688884369	-13.3829688884369	-16.9078996321644	-15.9078996321644	-15.0839564361453	-12.8472535634679	-15.9078996321644	-15.9078996321644	-14.0759384790979	-15.9078996321644	-10.8266850891852	-11.0971006928836	-15.9078996321644	-14.0777333112709	-15.9078996321644	-15.9078996321644	-15.9078996321644	-13.2229288990621	-15.9078996321644	-15.9078996321644	-11.0384871599988	-15.9078996321644	-15.8969014552709	-15.8969014552709	-15.4882423925638	-15.9078996321644	-15.9078996321644	-12.8688979239571	-15.9078996321644	-15.9078996321644	-16.9078996321644	-11.1230333589595	-16.9078996321644	-16.1158874651676	-16.9078996321644	-16.9078996321644	-16.9078996321644	-16.9078996321644	-16.9078996321644	-16.2989289297574	-15.9078996321644	-16.9078996321644	-16.9078996321644	-16.9078996321644	-13.2640131362626	-16.9078996321644	-11.525128296868	-16.9078996321644	-15.8201885031686	-20.1797280072301	-20.1797280072301	-16.9078996321644	-16.9078996321644	-18.0594337735124	-16.9078996321644	-16.6150317374494	-16.9078996321644	-16.9078996321644	-16.9078996321644	-10.8033414804494	-16.9078996321644	-11.4129542652596	-16.9078996321644	-16.9078996321644	-15.2507741460765	-16.9078996321644	-16.9078996321644	-13.1672127721845	-16.9078996321644	-16.9078996321644	-16.9078996321644	-16.9078996321644	-16.9078996321644	-14.5330936471451	-16.9078996321644	-16.9078996321644	-16.9078996321644	-16.9078996321644	-16.9078996321644	-16.9078996321644	-16.9078996321644	-11.1171558269972	-12.9385634784873	-16.9078996321644	-16.9078996321644	-15.9078996321644	-16.9078996321644	-16.9078996321644	-16.9078996321644	-16.9078996321644	-15.8969014552709	-16.9078996321644	-16.9078996321644	-16.9078996321644	-13.3829688884369	-16.9078996321644	-16.9078996321644	-16.9078996321644	-17.8370413521759	-13.2640131362626	-13.1518460437613	-15.9078996321644	-16.9078996321644	-11.9190163819542	-16.6150317374494	-15.8201885031686	-15.3229371314433	-16.9078996321644	-16.9078996321644	-16.9078996321644	-16.9078996321644	-16.9078996321644	-16.9078996321644	-16.9078996321644	-16.9078996321644	-9.4689053557156	-16.9078996321644	-16.9078996321644	-16.9078996321644	-16.9078996321644	-16.6150317374494	-16.9078996321644	-12.959444323518	-13.2640131362626	-13.2640131362626	-16.9078996321644	-16.9078996321644	-16.9078996321644	-13.3829688884369	-20.1797280072301	-16.9078996321644	-11.5355085758495	-16.9078996321644	-16.9078996321644	-16.9078996321644	-16.9078996321644	-16.9078996321644	-16.9078996321644	-16.9078996321644	-15.8969014552709	-11.3880719859926	-15.2568269398702	-16.9078996321644	-16.9078996321644	-15.3934725870969	-13.4437428378661	-16.9078996321644	-20.1797280072301	-13.3713746705739	-16.9078996321644	-9.6891176215015	-16.1596780873888	-11.0881987172197	-16.9078996321644	-16.9078996321644	-16.9078996321644	-16.1158874651676	-16.9078996321644	-16.9078996321644	-16.9078996321644	-16.9078996321644	-11.5612121644771	-16.9078996321644	-16.9078996321644	-16.9078996321644	-16.6150317374494	-16.9078996321644	-12.0440521753116	-13.0251593559572	-16.9078996321644	-16.9078996321644	-16.9078996321644	-11.1230333589595	-16.9078996321644	-15.9078996321644	-10.8666823289095	-16.9078996321644	-16.9078996321644	-16.9078996321644	-16.9078996321644	-11.5312557905915	-15.8201885031686	-16.9078996321644	-16.9078996321644	-16.9078996321644	-16.9078996321644	-13.3186051298573	-11.7904505136403	-13.3829688884369	-12.9927776650624	-13.2640131362626	-16.9078996321644	-11.8834002870374	-13.4437428378661	-21.2327013509278	-16.6150317374494	-16.9078996321644	-16.8859864874551	-11.5218555531366	-16.9078996321644	-16.9078996321644	-13.3075148632543	-16.9078996321644	-16.9078996321644	-16.9078996321644	-15.8009651002872	-16.9078996321644	-16.9078996321644	-16.9078996321644	-16.9078996321644	-16.9078996321644	-16.9078996321644	-16.9078996321644	-16.9078996321644	-16.9078996321644	-16.9078996321644	-16.9078996321644	-16.9078996321644	-15.8969014552709	-16.9078996321644	-16.9078996321644	-13.2491449218591	-15.4582126879274	-16.9078996321644	-16.9078996321644	-16.9078996321644	-16.6150317374494	-16.9078996321644	-13.2640131362626	-13.3829688884369	-16.9078996321644	-16.9078996321644	-16.9078996321644	-16.9078996321644	-16.6150317374494	-11.0832763827525	-11.0126517124418	-11.9233722990767	-16.9078996321644	-16.9078996321644	-16.9078996321644	-16.9078996321644	-16.9078996321644	-16.9078996321644	-16.9078996321644	-16.9078996321644	-14.7874354758848	-12.8926580836301	-16.9078996321644	-16.9078996321644	-16.9078996321644	-16.9078996321644	-16.9078996321644	-13.3829688884369	-15.8969014552709	-16.9078996321644	-14.8544323301737	-11.1230333589595	-9.89778286568601	-16.9078996321644	-16.9078996321644	-16.9078996321644	-10.4226146318272	-19.0594337735124	-19.0594337735124	-19.0594337735124	-19.0594337735124	-19.0594337735124	-16.6150317374494	-16.5971196463419	-19.0594337735124	-19.0594337735124	-9.84290615460226	-10.3080983791435	-19.0594337735124	-19.0594337735124	-19.0594337735124	-14.8675290180988	-16.971970932262	-13.3531518876613	-19.0594337735124	-19.0594337735124	-19.0594337735124	-19.0594337735124	-19.0594337735124	-19.0594337735124	-11.2100036504286	-12.1941624039466	-19.0594337735124	-15.0296864301183	-14.6671163507336	-19.6477388502066	-21.9967639438519	-13.4512060620099	-15.0296864301183	-23.5817264445731	-15.2358542319367	-17.5774460303089	-15.8859864874551	-17.3589940553713	-13.4437428378661	-13.4437428378661	-17.8370413521759	-21.2327013509278	-11.5696848052806	-21.4436916310881	-12.0574176640393	-13.2317586869185	-21.2327013509278	-13.3036559936033	-21.2327013509278	-21.2327013509278	-17.3589940553713	-17.8370413521759	-21.2327013509278	-15.2555179354215	-16.2845237497113	-17.464885223962	-8.56004328401031	-10.5459206570603	-11.1871323751771	-9.84700223911056	-10.3447761161374	-10.0134766706904	-12.4477351379568	-11.1494407143401	-11.5971087386907	-11.1494407143401	-11.09211143429	-11.1494407143401	-11.1494407143401	-11.1494407143401	-11.4939813008912	-13.384304734695	-11.4996870536789	-11.5971087386907	-24.0605203755451	-24.0605203755451	-12.4477351379568	-11.6362842394007	-11.5971087386907	-11.8935385790453	-12.0944691724457	-11.1494407143401	-11.1494407143401	-11.1494407143401	-11.1494407143401	-11.1494407143401	-10.8083459191754	-10.8293124367696	-10.3559800312328	-13.6145790059887	-15.3010239867339	-15.8859864874551	-13.2592586378736	-15.8859864874551	-15.8859864874551	-15.1031912187686	-15.1031912187686	-15.8859864874551	-15.8859864874551	-11.8834002870374	-11.8834002870374	-13.0597869764682	-16.8859864874551	-16.8859864874551	-16.8859864874551	-15.2358542319367	-16.8859864874551	-12.3176656952685	-12.7259802224895	-10.8756693863848	-13.384304734695	-13.384304734695	-13.384304734695	-12.0944691724457	-17.2603464674384	-17.8370413521759	-17.8370413521759	-12.351080973728	-11.4710939125889	-11.4710939125889	-11.4710939125889	-11.4710939125889	-13.05605641331	-13.05605641331	-13.05605641331	-13.05605641331	-13.05605641331	-13.0352175360915	-13.05605641331	-13.05605641331	-13.05605641331	-11.4939813008912	-11.4939813008912	-13.1931851624012	-13.05605641331	-11.2300344920327	-16.0150396541539	-16.737505678625	-11.487150406862	-15.5192411429112	-16.737505678625	-16.737505678625	-16.737505678625	-16.737505678625	-16.737505678625	-16.9078996321644	-16.9078996321644	-17.3589940553713	-22.0605203755451	-12.384304734695	-13.2496163502147	-11.5971087386907	-13.384304734695	-24.0605203755451	-13.384304734695	-16.737505678625	-13.384304734695	-13.384304734695	-13.384304734695	-13.384304734695	-13.0303932293686	-13.5140831286901	-13.5140831286901	-11.6362842394007	-13.4930244979796	-13.5140831286901	-19.601751936825	-13.1931851624012	-12.5140831286901	-13.5140831286901	-13.5140831286901	-13.384304734695	-12.0944691724457	-12.0944691724457	-12.0944691724457	-20.1797280072301	-15.5192411429112	-15.2358542319367	-20.7032899632871	-20.1797280072301	-15.5192411429112	-16.9078996321644	-17.3589940553713	-17.3589940553713	-21.7385922806577	-22.0605203755451	-17.3589940553713	-24.0605203755451	-16.737505678625	-15.2358542319367	-17.3589940553713	-17.3589940553713	-17.3589940553713	-17.8370413521759	-15.9078996321644	-16.9078996321644	-16.9078996321644	-20.7032899632871	-19.1589694470633	-15.1897268426288	-19.0594337735124	-13.05605641331	-13.05605641331	-17.3589940553713	-15.5192411429112	-13.5140831286901	-15.5192411429112	-15.5192411429112	-20.1797280072301	-20.1797280072301	-15.2358542319367	-15.2358542319367	-17.8370413521759	-13.5140831286901	-13.5140831286901	-24.0605203755451	-19.601751936825	-16.9078996321644
Plate1_2518R_R_M_S5_week10_S62_L001	-6.56094765578325	-6.27203814465641	-6.42669293508655	-6.86711305311119	-6.60664119562466	-7.26565179782195	-7.92155802446472	-7.086606767623	-6.45080069376302	-7.59955560327439	-7.31231150471023	-8.33426519680325	-8.71500086377612	-8.25205582525098	-8.88181889818195	-7.8143384405696	-7.45057586556812	-7.45304798913251	-8.20582407515182	-8.16770016722171	-9.57593508736992	-9.56284065383903	-8.61426819115303	-8.0181003855956	-8.93200694363046	-8.63244394265139	-8.42628031028484	-9.05956555877617	-9.05956555877617	-8.07781232129298	-10.0160997409637	-9.30115854450686	-9.87057325194633	-10.0160997409637	-8.41174486018576	-8.97305158863739	-9.37244960351184	-9.12969919928811	-9.35500164314267	-8.90708841419368	-9.45150845492152	-9.66472286793576	-9.01157872800102	-9.08714981149898	-8.86218956729365	-9.71318149976815	-10.1710873788174	-10.1702299613857	-8.86982481811292	-9.15014588166059	-9.90480087207632	-9.50056592651839	-9.13804705530439	-8.7165898531981	-8.67025781096464	-9.06216259968335	-8.6501553965865	-8.87375453155528	-8.79214307791469	-9.01489967180927	-8.94653144169985	-9.26532272923429	-8.7056510257924	-8.7056510257924	-9.53870121999995	-8.57147910525764	-8.6132240746015	-10.8365570489989	-9.48150620429235	-8.74602449564887	-9.02173704292765	-9.47059696514938	-9.07988113153317	-9.52473364372033	-8.62502007470265	-8.76649846841789	-9.14591995263963	-11.1363004652712	-8.17498658828232	-9.09744943518403	-9.37711859613009	-10.0884674857693	-9.39143712800593	-9.39143712800593	-9.3505831208486	-9.03964747827689	-8.18610313749796	-9.71669733057967	-9.38026576537534	-8.87375453155528	-8.75580007590484	-9.10565537022411	-9.12591704919943	-8.15078779468159	-8.19860664264408	-10.0962660353911	-9.37846328494946	-8.9210307986556	-8.49311316419105	-9.50053047577264	-8.79865518915467	-8.87143988645606	-9.11580005591621	-8.41282062956576	-9.33696816222733	-8.99400480559145	-9.78851880698553	-9.91480599464319	-9.73575335546419	-10.1385142365272	-11.1710873788174	-10.751582237714	-14.091185458944	-11.1672104970194	-11.1363004652712	-8.35079273315513	-9.67045521133765	-8.97348943220644	-9.2303437668247	-10.647359000761	-10.647359000761	-10.1113431296499	-10.0917824345168	-10.0917824345168	-9.85293164993598	-9.72919526474028	-9.66769804152392	-8.9081982767544	-9.37793112019854	-11.1300896421232	-9.53813639062155	-9.55620582621919	-11.1268223948433	-9.32243921468151	-9.67887801631593	-9.85880824213484	-9.86982481811292	-9.86982481811292	-9.86982481811292	-10.0773852725544	-11.1363004652712	-9.86982481811292	-10.0275864766691	-8.84415150534259	-8.84415150534259	-9.91534465538234	-9.36122224247411	-9.36187901216165	-9.88160004911819	-10.0408430574848	-9.57835007576903	-9.88168776943991	-10.7587128124678	-10.0275864766691	-9.87635116649941	-8.89226381784542	-10.7587128124678	-10.2026401606656	-9.69646777934419	-9.83650961684529	-9.4811305045519	-10.8494301532316	-9.44156659681235	-9.37846328494946	-9.74719876783081	-9.85805861809802	-9.4514481480872	-9.36939516441048	-9.71352332896313	-10.2026401606656	-10.4370923869414	-9.51692689519058	-10.1385142365272	-9.86982481811292	-8.90428536141264	-9.74719876783081	-9.74719876783081	-10.155829555288	-9.35823578245535	-10.2805871149563	-8.86783653056208	-9.58458565113022	-9.57000898281775	-9.87807257528392	-9.84102803525406	-9.56389892941568	-8.93205953421521	-9.86982481811292	-9.8237543294628	-9.87635116649941	-11.0692303352976	-10.1427063249065	-10.4960388307494	-9.46925106027726	-9.83650961684529	-9.04349955034332	-9.22475118738057	-9.86982481811292	-9.59232395051144	-9.31815539501832	-10.1302541862001	-9.32631536055363	-10.8477407596328	-11.0657516720926	-10.0416103991078	-9.14809745349936	-9.29297468085308	-9.87375453155528	-9.4879523936913	-9.86982481811292	-9.8619563691252	-9.86982481811292	-9.96957815046627	-9.83650961684529	-9.37191965199518	-10.3416327743195	-10.3416327743195	-10.5410400442454	-9.73348929410846	-9.85560802282699	-9.9221262773363	-9.72682202346047	-9.89145431114377	-9.89145431114377	-10.1439749689422	-9.86982481811292	-9.69646777934419	-9.86982481811292	-10.0296261450598	-9.73697233241843	-9.00840705282751	-10.0197410055141	-10.0101956561723	-9.6977312163313	-10.155829555288	-10.155829555288	-10.155829555288	-11.1710873788174	-10.3082059042333	-9.67085328453583	-10.155829555288	-9.61827143441483	-9.61950976332884	-9.89145431114377	-9.87305676486254	-11.0260507060307	-9.83184740516849	-11.1363004652712	-10.5831756962975	-10.0886433376929	-10.0941118255605	-9.86982481811292	-10.155829555288	-10.0168732988426	-9.50932693616158	-10.3461169326253	-8.67739532167109	-9.87305676486254	-9.58056150133642	-10.0862259205558	-10.0033287478361	-10.7387048840165	-9.69543672498299	-9.18356160143216	-9.70205721008231	-10.155829555288	-9.72762677800015	-9.85093621078343	-8.99274567599031	-9.87305676486254	-8.77785324736828	-9.47883994443661	-10.4797754403839	-9.38161535086924	-10.155829555288	-9.53616122742945	-9.53616122742945	-11.1710873788174	-9.87241438344273	-9.57154762344123	-9.84855633091686	-9.60330573882982	-10.2825242466251	-10.1075747172662	-9.71986760000709	-9.71986760000709	-9.85805861809802	-9.38161535086924	-9.88679859578849	-10.8339818610048	-10.1035414875349	-9.851699325755	-9.84477107118667	-9.87409068173774	-9.87305676486254	-9.68371275850346	-11.1363004652712	-10.0774846856161	-10.0774846856161	-10.8413961551388	-13.0028405788469	-9.36628645231132	-10.1710873788174	-8.97319817764205	-9.70073377561769	-10.3929867228685	-10.1459155166456	-10.2116305731695	-9.83697863722553	-9.16957257716797	-9.57013248989022	-10.1535890748655	-10.5563834306353	-9.66674939166053	-9.87305676486254	-10.4256521281258	-9.87463640371536	-9.88238972409189	-11.1710873788174	-11.1710873788174	-9.79924679630076	-11.1363004652712	-10.6431264092052	-9.49272773078436	-9.66394132232343	-11.1710873788174	-9.86982481811292	-9.37977205947523	-9.87305676486254	-10.6992748416723	-11.1710873788174	-9.1450563000386	-9.75975022922195	-9.87305676486254	-9.86982481811292	-9.86982481811292	-10.8165331831551	-9.86982481811292	-10.8215286542824	-10.0445163798754	-9.05499707337304	-9.56967720291925	-9.29568189643416	-9.87305676486254	-9.88679859578849	-11.1363004652712	-10.3461169326253	-11.1710873788174	-9.66481900186874	-9.98774098852234	-9.96695920115994	-10.3197188978304	-9.66653937234907	-10.046265473092	-9.88280551617745	-9.93286967140356	-10.2198098134169	-10.0340219910394	-9.7167162737834	-9.87305676486254	-9.85489087685141	-8.67331715946154	-9.7156434920225	-10.5030475152144	-9.11156348345059	-10.5030475152144	-9.87305676486254	-9.68421838420661	-9.56806699727741	-9.38498045070665	-10.8198716008037	-11.1284233199023	-10.155829555288	-11.102332638046	-10.8289876715402	-10.1112240334992	-11.1363004652712	-10.3423429499283	-9.68685162771662	-9.80944285411091	-9.21778425596193	-10.1385142365272	-9.1162106552441	-9.85724582983566	-9.68014701407114	-9.82205219009391	-10.3069034040155	-10.158847648633	-9.64213276742786	-9.85566243530041	-10.0135356728228	-9.74280090059096	-9.85006779972636	-9.87799889005652	-10.7524836657686	-10.3461169326253	-9.45378825650463	-10.155829555288	-9.67584369328694	-10.3461169326253	-9.87620949492078	-9.87305676486254	-9.67143184319127	-10.5441600016453	-9.88679859578849	-9.55115804282074	-9.72342129638237	-9.95241870338707	-9.65098537921577	-9.66968570187758	-11.058249482351	-10.230330244806	-10.0862259205558	-10.0759001803829	-9.95002431690997	-10.0399761638018	-9.87305676486254	-10.4695077889397	-10.4695077889397	-10.4915829696275	-11.1363004652712	-11.1363004652712	-10.6697558577555	-9.89479104161234	-9.76295710772565	-9.74975073203822	-10.0774846856161	-9.81247176830757	-10.8215286542824	-10.0224413482084	-9.71996665428675	-10.299976526865	-9.57256833378841	-9.42913514880607	-11.1422615673484	-10.0774846856161	-9.70598494376371	-9.86982481811292	-9.56064585651245	-10.0683714433609	-10.0683714433609	-9.86126428404104	-9.68702186174204	-9.82853103134643	-9.88499270661041	-9.89408302848001	-9.86982481811292	-10.3309537959791	-9.0099302015235	-9.47280630321257	-9.70772321897755	-9.70772321897755	-9.86982481811292	-9.83861513668325	-10.9984925230851	-9.89216103507271	-10.125269159632	-10.5044502190965	-11.1422615673484	-10.5203055686014	-9.74705576916416	-9.87305676486254	-10.0814880469021	-10.6176422873138	-9.87305676486254	-10.3209629080143	-10.013080450048	-9.87116256176973	-9.44694665124404	-9.82280638012518	-9.86982481811292	-9.87305676486254	-9.59635760124437	-9.59635760124437	-10.155829555288	-10.6989721674515	-11.1140004464695	-9.87462721476812	-9.73638776288508	-10.0112569533023	-10.0112569533023	-10.7564844236912	-9.68840626310236	-10.155829555288	-9.64395862165315	-8.10054839595184	-10.1360713443636	-9.86982481811292	-9.86982481811292	-9.83650961684529	-9.82792596098718	-11.1710873788174	-9.4904123619149	-9.84007943723043	-9.48782307478772	-10.8477407596328	-10.1518987452578	-9.73374262569367	-10.1234063902235	-9.811720321086	-9.95842454780719	-10.0507393835922	-10.0507393835922	-9.86723989259617	-9.86073178669587	-9.73638776288508	-9.61727400209963	-9.84479357313774	-9.66394132232343	-9.35553631585009	-8.62202085169955	-11.1363004652712	-10.0902813885874	-9.74048389519496	-9.86982481811292	-10.8477407596328	-9.86982481811292	-9.81182676697786	-9.77701011472949	-9.79976754155026	-10.0168732988426	-10.6847338539319	-10.2855924250747	-9.87305676486254	-9.84782915105582	-9.87305676486254	-10.1337601403783	-9.28038319740829	-11.1363004652712	-9.98421618395752	-10.7387048840165	-10.674713665372	-9.68792984683223	-9.35919715419344	-9.87305676486254	-8.63214021034634	-10.1439749689422	-9.77129771266091	-10.155829555288	-9.81266541297781	-9.732418959314	-9.74616024696794	-8.25966846621275	-10.9978318356664	-11.1768452577749	-8.89045572405933	-10.3477269945853	-10.3993432435196	-10.0773440287203	-11.2445297497528	-11.1698307592616	-9.63677499950831	-11.8008951584961	-10.3394662954907	-10.3955594608433	-11.5920353463775	-10.7423858286048	-10.747307288043	-9.85462894907054	-12.1405811352201	-12.5813118943685	-9.15853045199862	-10.7999821746908	-10.2081434654859	-13.2745136134287	-10.6838367331212	-10.7295832902506	-9.64338236323146	-9.80588662039436	-12.6677163521451	-10.9441718689706	-10.8426538583056	-10.8661213471898	-11.9525331442645	-10.2691430373782	-11.0111882634475	-9.95798541050515	-9.10762979385401	-10.1990066972292	-12.3822109272884	-10.1455739860611	-11.9525331442645	-10.6365170985838	-9.02330082205719	-9.44518382066517	-12.7913262481605	-10.6528610884792	-12.4087425549824	-10.1094971618665	-10.7393322245669	-13.7046146149672	-10.699190216678	-10.8746272147681	-12.2315147839201	-13.2442329172433	-10.4066776040982	-10.3566601589672	-8.90378597489677	-10.8746272147681	-9.23039080092034	-10.6563022862208	-14.1227918217766	-10.5279565106762	-11.4137115975604	-10.0550022797055	-10.7828133401572	-12.2256193699635	-9.93646481860603	-12.5031682617934	-11.3761100883531	-10.7195201383508	-10.2561708730688	-13.3455335216624	-11.0065975050306	-11.5055397830989	-14.9764574784182	-10.2553654681197	-10.7253348242278	-12.4482383936385	-11.4639988568087	-11.1076146745813	-10.344415764235	-11.4271688503916	-11.9038422351594	-13.6592704165221	-10.2519967401457	-11.4847698800757	-12.0959939049883	-9.69862400791009	-11.8563600036023	-10.3422400226788	-13.1404927456207	-11.4318665160336	-10.5524209062718	-11.535895267007	-10.1612722818147	-12.0660580288976	-13.2310912024217	-10.5715833733506	-11.716621560252	-12.3034630210891	-13.4505376842142	-10.8288933051884	-10.5397251729609	-9.92781733686442	-12.3034630210891	-10.7244965671607	-13.889365920347	-11.716621560252	-11.7713909520947	-11.318208505053	-12.5925793604352	-12.6196999551993	-10.033513068064	-10.985320047128	-11.4897746325927	-10.6851576435437	-10.5305009074911	-10.5496395163696	-10.1963800416918	-10.5342860173855	-12.5671704919395	-9.92736930735641	-9.22885710404516	-12.5742566979048	-9.92736930735641	-11.5896954038212	-11.353989257004	-11.8137943506105	-14.9758265162211	-12.9417574256869	-14.0219761831903	-11.4310906169798	-13.8633123609863	-12.7302582213122	-11.2660830892026	-12.3614128036709	-10.4092163281053	-12.2677835999269	-10.8598047091298	-13.1217444932073	-12.7682668656409	-12.7916385235707	-13.89344145883	-12.3778282272644	-15.250133518683	-13.6779941500732	-12.1069539011822	-12.8392265009485	-11.184812014272	-12.8058314248989	-10.9114839769051	-13.3631547721669	-14.0451202031348	-11.4462868737256	-10.6658896198656	-13.7853574507987	-12.1069539011822	-10.4209182612443	-12.7230266520811	-14.7797160702079	-11.2876720955592	-11.2876720955592	-11.2297365767573	-13.8032404902619	-14.3401233834954	-11.6729483685535	-12.3625103079291	-13.6579287042149	-13.6579287042149	-10.9348543724409	-12.9447794880523	-12.3469351243736	-12.1210597769051	-14.889365920347	-11.0394805882752	-11.2308041789904	-10.0029410116445	-15.1576083485897	-14.1918197707312	-12.5806282037918	-11.2129357676915	-11.2129357676915	-11.7462930686705	-9.03903976186877	-10.5143347209388	-11.0034975360368	-10.5945864302911	-10.6195628913276	-10.9779255330434	-11.8438712808156	-11.6391340874594	-11.1788521144838	-12.3496351333929	-15.2895771156884	-11.538440614021	-11.538440614021	-11.3577527679179	-11.3577527679179	-11.3074788400625	-12.3156813858243	-11.198298121315	-11.8850167702697	-10.6878919017923	-13.4231313795922	-11.0690747086212	-10.5266636119418	-11.0065652842157	-14.4037481356077	-11.6848224688418	-14.1172148347268	-9.70177106935638	-10.6317336509485	-11.3074788400625	-11.0034975360368	-10.6490680947058	-15.2895771156884	-11.9781703541163	-11.1891890142054	-12.7439242900728	-12.859015479675	-15.2895771156884	-10.12072080997	-11.0783109251058	-13.7517678790856	-13.2912932965834	-10.895716640554	-10.9415283309792	-10.0656331336626	-15.091185458944	-14.2407230548084	-14.2407230548084	-11.6756803767516	-10.1874907227001	-14.2809779867622	-12.2167116819201	-12.0094720791213	-9.40938271794008	-13.7947858668586	-12.2814846947396	-10.6755506973777	-10.6507115501768	-10.9004031422622	-13.728729273539	-10.744743682634	-10.4030150403191	-10.8442239317685	-12.2518511265805	-11.3496351333929	-15.1576083485897	-12.4957829910255	-14.085967379635	-10.6008965332314	-10.7694811742524	-13.0073065450806	-12.4045174244287	-12.5052836758097	-13.5693700397835	-14.9440079521011	-14.6914760543791	-10.8552516718606	-10.6063566755028	-12.0502380219703	-11.3563303562478	-10.6361665519202	-13.7826788377682	-11.2415001800356	-11.3452100722769	-12.0632864004858	-10.7360513252591	-10.6261768015763	-13.7264720538346	-14.0782601310521	-17.3309361454494	-10.9197939269463	-12.9255376472367	-15.2895771156884	-13.0379403428474	-14.5125577119494	-13.9073609823978	-12.3634951654516	-12.5125233951587	-12.3521713091749	-12.9255376472367	-11.0630602090515	-10.8256423283836	-11.8535862411602	-11.8535862411602	-15.250133518683	-11.9115782469155	-10.5532663714024	-12.4855022261306	-11.081943099369	-11.3968429334819	-12.8342070065366	-10.948707209994	-10.948707209994	-10.3625283490107	-13.201238223155	-10.6207337437796	-12.3518642765683	-10.725109474067	-14.6655270945211	-10.1207415162769	-10.8970767540506	-11.3520484882911	-11.9796164353206	-10.6739362848542	-11.3830210968533	-10.9279422379728	-12.6471957374549	-12.2692082646251	-16.7963307840588	-10.9467352504546	-11.3830210968533	-10.9467352504546	-10.9467352504546	-12.4186495814136	-12.5469674468973	-12.4730386227112	-12.6757636338517	-12.6757636338517	-12.2738348349993	-12.8848057641602	-12.6691182024785	-11.0361468360447	-12.859015479675	-14.1522518014428	-11.3488103035424	-14.1522518014428	-14.1522518014428	-11.9270881684011	-10.6915132844461	-15.1828719467186	-9.94012375561496	-12.8305019380759	-12.2961833347879	-10.9611519428401	-10.6207337437796	-15.2895771156884	-15.6557921363825	-16.175354961454	-14.9758265162211	-15.2895771156884	-11.8891802668135	-12.4897746325927	-10.9361272428873	-12.3853548356634	-10.1386345036397	-11.9704155303393	-14.8267281364933	-15.1026769977662	-10.5103573704783	-12.5022707171464	-11.8460569454876	-15.1559992951522	-15.0958053722917	-16.7140543108535	-14.1336589722399	-14.8698623679639	-14.8698623679639	-16.459110133691	-13.3621753002641	-13.8801714205976	-15.2778248089898	-20.8871396531891	-16.459110133691	-15.4930154737047	-12.5882570914429	-11.3866672590316	-14.101472098181	-14.101472098181	-10.0740863206787	-16.0311237367412	-14.5528075531878	-13.2299622593911	-13.2299622593911	-11.1143215632056	-13.7480461154101	-13.7480461154101	-18.6492378579308	-20.8871396531891	-20.8871396531891	-12.5032307698747	-13.1724422341753	-10.7196670359185	-11.5816088609287	-11.5816088609287	-19.6593337356663	-12.8563926678616	-11.1390527581665	-10.8311669359532	-11.1390527581665	-15.6669522802546	-13.5230049981811	-20.8871396531891	-14.8713284917877	-13.0902461765309	-16.0390109274518	-11.4745976611348	-13.2371271975386	-15.0022461598532	-16.459110133691	-16.459110133691	-12.2371271975386	-15.4526869999765	-10.2952347481434	-10.2952347481434	-9.99245150535862	-15.7963307840588	-11.9683744710519	-15.4526869999765	-16.175354961454	-15.5277368528831	-16.7963307840588	-16.7963307840588	-13.7821271643077	-15.1161715455111	-16.5277368528831	-16.5277368528831	-15.3408137750889	-11.1312242806766	-11.1407314099685	-11.488232858751	-18.9929601093302	-16.2876182626503	-16.175354961454	-10.3126905270596	-13.0599223225664	-14.1152679713948	-12.8619199353161	-16.175354961454	-13.1047448839887	-16.7963307840588	-11.3580661951008	-15.7991186014304	-16.7963307840588	-15.6557921363825	-16.7963307840588	-10.7234237787636	-11.1915633469671	-11.5327800619286	-15.3076847630263	-15.6583209626933	-15.3408137750889	-16.175354961454	-15.5196674229072	-11.5371106554231	-14.942774352162	-14.942774352162	-16.7963307840588	-16.5277368528831	-16.5277368528831	-14.7797160702079	-13.0967482822477	-13.0967482822477	-15.7991186014304	-16.175354961454	-10.6980401345103	-16.7963307840588	-12.2371271975386	-16.0390109274518	-16.175354961454	-15.3408137750889	-16.5277368528831	-16.175354961454	-11.0589760210895	-14.4274707686947	-14.8155079370384	-16.5277368528831	-14.942774352162	-15.3408137750889	-9.83758124785363	-16.175354961454	-9.79511976285703	-16.7963307840588	-15.2303949164767	-14.1515390954676	-15.0940925678154	-13.4197486143014	-18.9929601093302	-12.4494697007059	-10.4539756567169	-15.5277368528831	-11.5155292077236	-11.0462023405942	-13.0820746564296	-12.1473590434159	-12.1148728356038	-16.5277368528831	-11.54535165732	-15.5277368528831	-12.6307136796248	-16.7963307840588	-12.1575189096361	-13.2371271975386	-13.1200877763484	-13.2371271975386	-11.6521646968174	-13.7451669938597	-13.3114411882617	-13.3114411882617	-13.3114411882617	-12.0486862549985	-19.0370350836722	-19.0370350836722	-14.1053485762165	-10.5846029366961	-16.175354961454	-16.3623402173929	-17.3309361454494	-15.4026877202414	-14.559291586758	-13.0664987932091	-12.6481378954236	-16.5277368528831	-16.7963307840588	-15.3826865200798	-15.8153950456857	-14.5771248798453	-14.9243958228471	-14.8444722785502	-15.0285042261878	-9.92609842352222	-14.5915519504806	-13.7203819308255	-9.79631685849821	-14.5277368528831	-10.1357013028236	-11.1407314099685	-10.8843930958038	-13.7203819308255	-16.5277368528831	-15.8741476329698	-9.16109631681013	-17.6735877193466	-9.81987160080375	-10.816307248793	-12.1670619403034	-16.5277368528831	-15.5277368528831	-13.2371271975386	-16.5277368528831	-11.54535165732	-11.54535165732	-16.5277368528831	-11.54535165732	-11.54535165732	-15.091185458944	-16.5277368528831	-16.5277368528831	-15.091185458944	-15.1828719467186	-16.5116428767628	-14.9977557759318	-11.54535165732	-16.7963307840588	-12.8200945548668	-12.2738057516307	-11.7012796267213	-13.3114411882617	-12.2358424338661	-16.5277368528831	-16.5277368528831	-16.5277368528831	-16.5277368528831	-11.7959826853623	-13.7203819308255	-13.942774352162	-13.6267771804924	-14.5277368528831	-14.5277368528831	-13.2868354655389	-14.5277368528831	-13.7537946109209	-14.942774352162	-11.072517135228	-14.942774352162	-11.4568466761615	-12.8015623685692	-10.2970771269769	-15.5277368528831	-15.5277368528831	-12.779371956899	-12.779371956899	-14.367710312507	-15.5277368528831	-11.8168456663193	-14.760842740509	-13.0967482822477	-13.0967482822477	-16.5277368528831	-15.5277368528831	-14.7622021065201	-12.7565961847748	-15.5277368528831	-15.5277368528831	-13.562248536022	-15.5277368528831	-10.8220814286591	-11.1066603212326	-15.5277368528831	-13.8375776654717	-15.5277368528831	-15.5277368528831	-15.5277368528831	-12.9138501308185	-15.5277368528831	-15.5277368528831	-11.0428406472996	-15.5277368528831	-15.6583209626933	-15.6583209626933	-15.1810526589102	-15.5277368528831	-15.5277368528831	-12.9149156005298	-15.5277368528831	-15.5277368528831	-16.5277368528831	-11.1407314099685	-16.5277368528831	-15.6557921363825	-16.5277368528831	-16.5277368528831	-16.5277368528831	-16.5277368528831	-16.5277368528831	-15.8741476329698	-15.5277368528831	-16.5277368528831	-16.5277368528831	-16.5277368528831	-13.1640086639103	-16.5277368528831	-11.5158158024739	-16.5277368528831	-15.3408137750889	-20.4626418246612	-20.4626418246612	-16.5277368528831	-16.5277368528831	-17.9929601093302	-16.5277368528831	-16.2876182626503	-16.5277368528831	-16.5277368528831	-16.5277368528831	-10.802189687692	-16.5277368528831	-11.4313095566797	-16.5277368528831	-16.5277368528831	-14.8444722785502	-16.5277368528831	-16.5277368528831	-12.8393269257163	-16.5277368528831	-16.5277368528831	-16.5277368528831	-16.5277368528831	-16.5277368528831	-14.4037481356077	-16.5277368528831	-16.5277368528831	-16.5277368528831	-16.5277368528831	-16.5277368528831	-16.5277368528831	-16.5277368528831	-11.1345015234059	-13.0148697967957	-16.5277368528831	-16.5277368528831	-15.5277368528831	-16.5277368528831	-16.5277368528831	-16.5277368528831	-16.5277368528831	-15.6583209626933	-16.5277368528831	-16.5277368528831	-16.5277368528831	-13.0967482822477	-16.5277368528831	-16.5277368528831	-16.5277368528831	-17.3309361454494	-13.1640086639103	-12.8513276636582	-15.5277368528831	-16.5277368528831	-11.8225918699843	-16.2876182626503	-15.3408137750889	-14.942774352162	-16.5277368528831	-16.5277368528831	-16.5277368528831	-16.5277368528831	-16.5277368528831	-16.5277368528831	-16.5277368528831	-16.5277368528831	-9.4854783699229	-16.5277368528831	-16.5277368528831	-16.5277368528831	-16.5277368528831	-16.2876182626503	-16.5277368528831	-13.0379403428474	-13.1640086639103	-13.1640086639103	-16.5277368528831	-16.5277368528831	-16.5277368528831	-13.0967482822477	-20.4626418246612	-16.5277368528831	-11.5079551178177	-16.5277368528831	-16.5277368528831	-16.5277368528831	-16.5277368528831	-16.5277368528831	-16.5277368528831	-16.5277368528831	-15.6583209626933	-11.2674529891242	-14.8937989893034	-16.5277368528831	-16.5277368528831	-14.8923098631819	-13.1550168674391	-16.5277368528831	-20.4626418246612	-13.3013271303589	-16.5277368528831	-9.70369525521206	-15.7764159657398	-11.0940561927761	-16.5277368528831	-16.5277368528831	-16.5277368528831	-15.6557921363825	-16.5277368528831	-16.5277368528831	-16.5277368528831	-16.5277368528831	-11.54535165732	-16.5277368528831	-16.5277368528831	-16.5277368528831	-16.2876182626503	-16.5277368528831	-12.0486862549985	-12.8443427009825	-16.5277368528831	-16.5277368528831	-16.5277368528831	-11.1407314099685	-16.5277368528831	-15.5277368528831	-10.8312739347462	-16.5277368528831	-16.5277368528831	-16.5277368528831	-16.5277368528831	-11.5084255530247	-15.3408137750889	-16.5277368528831	-16.5277368528831	-16.5277368528831	-16.5277368528831	-13.0220576016864	-11.8453508334018	-13.0967482822477	-12.6694369948874	-13.1640086639103	-16.5277368528831	-11.6120872574421	-13.1550168674391	-21.2327013509278	-16.2876182626503	-16.5277368528831	-16.8019118163221	-11.488232858751	-16.5277368528831	-16.5277368528831	-13.2155892754935	-16.5277368528831	-16.5277368528831	-16.5277368528831	-15.3826865200798	-16.5277368528831	-16.5277368528831	-16.5277368528831	-16.5277368528831	-16.5277368528831	-16.5277368528831	-16.5277368528831	-16.5277368528831	-16.5277368528831	-16.5277368528831	-16.5277368528831	-16.5277368528831	-15.6583209626933	-16.5277368528831	-16.5277368528831	-12.9820693933374	-15.0268694440969	-16.5277368528831	-16.5277368528831	-16.5277368528831	-16.2876182626503	-16.5277368528831	-13.1640086639103	-13.0967482822477	-16.5277368528831	-16.5277368528831	-16.5277368528831	-16.5277368528831	-16.2876182626503	-11.0932540353647	-10.9999952115924	-11.9012265791309	-16.5277368528831	-16.5277368528831	-16.5277368528831	-16.5277368528831	-16.5277368528831	-16.5277368528831	-16.5277368528831	-16.5277368528831	-14.294485916072	-12.9350881590168	-16.5277368528831	-16.5277368528831	-16.5277368528831	-16.5277368528831	-16.5277368528831	-13.0967482822477	-15.6583209626933	-16.5277368528831	-14.357298162619	-11.1407314099685	-9.94796837607703	-16.5277368528831	-16.5277368528831	-16.5277368528831	-10.4125971396619	-18.9929601093302	-18.9929601093302	-18.9929601093302	-18.9929601093302	-18.9929601093302	-16.2876182626503	-16.5162228648661	-18.9929601093302	-18.9929601093302	-9.85022409321381	-10.346268556191	-18.9929601093302	-18.9929601093302	-18.9929601093302	-14.3546094194025	-16.5116428767628	-13.0956768413957	-18.9929601093302	-18.9929601093302	-18.9929601093302	-18.9929601093302	-18.9929601093302	-18.9929601093302	-11.0091109309739	-12.2257459503302	-18.9929601093302	-14.5235812233918	-14.1610111440071	-19.6477388502066	-21.9967639438519	-13.2059012414113	-14.5235812233918	-23.5817264445731	-15.2895771156884	-17.1750652345646	-15.8019118163221	-16.7963307840588	-13.1550168674391	-13.1550168674391	-17.3309361454494	-21.2327013509278	-11.631542642541	-21.4436916310881	-12.0597175513027	-12.9409259277696	-21.2327013509278	-12.9873375472525	-21.2327013509278	-21.2327013509278	-16.7963307840588	-17.3309361454494	-21.2327013509278	-14.8141256262982	-16.0423100257129	-17.0770754438736	-8.58478933334662	-10.5701272815471	-11.040405937773	-9.8543362625208	-10.3520638403298	-10.0018426568011	-12.2738057516307	-11.1756266332658	-11.5917271627788	-11.1756266332658	-11.0902419084612	-11.1756266332658	-11.1756266332658	-11.1756266332658	-11.5480925427015	-13.3114411882617	-11.4647234984213	-11.5917271627788	-24.0605203755451	-24.0605203755451	-12.2738057516307	-11.5695217538368	-11.5917271627788	-11.9137859255158	-12.1148728356038	-11.1756266332658	-11.1756266332658	-11.1756266332658	-11.1756266332658	-11.1756266332658	-10.8530610960091	-10.8392516064851	-10.3687271996859	-13.5470553134176	-15.216949315601	-15.8019118163221	-13.0118348856963	-15.8019118163221	-15.8019118163221	-14.7991186014304	-14.7991186014304	-15.8019118163221	-15.8019118163221	-11.6120872574421	-11.6120872574421	-12.7558918959285	-16.8019118163221	-16.8019118163221	-16.8019118163221	-15.2895771156884	-16.8019118163221	-12.2450309416248	-12.8089888454545	-10.8146843858226	-13.3114411882617	-13.3114411882617	-13.3114411882617	-12.1148728356038	-16.9452426077527	-17.3309361454494	-17.3309361454494	-12.1595057603591	-11.5874797334541	-11.5874797334541	-11.5874797334541	-11.5874797334541	-13.1724422341753	-13.1724422341753	-13.1724422341753	-13.1724422341753	-13.1724422341753	-13.1409347477813	-13.1724422341753	-13.1724422341753	-13.1724422341753	-11.5480925427015	-11.5480925427015	-12.8848057641602	-13.1724422341753	-11.2092160590549	-15.4526869999765	-16.175354961454	-11.4448863591758	-15.091185458944	-16.175354961454	-16.175354961454	-16.175354961454	-16.175354961454	-16.175354961454	-16.5277368528831	-16.5277368528831	-16.7963307840588	-22.0605203755451	-12.3114411882617	-13.1257458905967	-11.5917271627788	-13.3114411882617	-24.0605203755451	-13.3114411882617	-16.175354961454	-13.3114411882617	-13.3114411882617	-13.3114411882617	-13.3114411882617	-12.8113790434181	-13.2371271975386	-13.2371271975386	-11.5695217538368	-13.2209623781076	-13.2371271975386	-19.7088024119306	-12.8848057641602	-12.2371271975386	-13.2371271975386	-13.2371271975386	-13.3114411882617	-12.1148728356038	-12.1148728356038	-12.1148728356038	-20.4626418246612	-15.091185458944	-15.2895771156884	-20.8871396531891	-20.4626418246612	-15.091185458944	-16.5277368528831	-16.7963307840588	-16.7963307840588	-21.7385922806577	-22.0605203755451	-16.7963307840588	-24.0605203755451	-16.175354961454	-15.2895771156884	-16.7963307840588	-16.7963307840588	-16.7963307840588	-17.3309361454494	-15.5277368528831	-16.5277368528831	-16.5277368528831	-20.8871396531891	-18.6735877193466	-15.250133518683	-18.9929601093302	-13.1724422341753	-13.1724422341753	-16.7963307840588	-15.091185458944	-13.2371271975386	-15.091185458944	-15.091185458944	-20.4626418246612	-20.4626418246612	-15.2895771156884	-15.2895771156884	-17.3309361454494	-13.2371271975386	-13.2371271975386	-24.0605203755451	-19.7088024119306	-16.5277368528831
Plate1_3752R_0_F_S5_week10_S59_L001	-6.51446241869726	-6.28536617448678	-6.46276787360355	-6.83901679627548	-6.61747108661562	-7.20096266452174	-7.83723180811796	-7.05167343168125	-6.5206004856701	-7.59743491682186	-7.36880429213541	-8.30353700701072	-8.59931054516398	-8.22166237840831	-8.75994394709745	-7.85387533111296	-7.49219335734166	-7.44327321720389	-8.13801124170589	-8.17687384575553	-9.48408709905812	-9.38076128163753	-8.61123529585496	-7.99999519810639	-8.8678152717392	-8.56197488831351	-8.41643413254234	-9.02692405037262	-9.02692405037262	-8.08832558531113	-9.85725613474665	-9.24831879291784	-9.76683602429968	-9.85725613474665	-8.44869591475639	-8.95036211927554	-9.30874681471703	-9.12627383788677	-9.30797539766019	-8.87303115472071	-9.36470621390769	-9.6140344361017	-8.92838598628798	-9.09013403566051	-8.9591663259463	-9.62293807787877	-10.0168300637809	-10.0161466745015	-8.86624503046952	-9.10046632819949	-9.89078485087863	-9.44053982813236	-9.08114905263687	-8.64103780838609	-8.70505821205562	-9.02118623069277	-8.6875544418785	-8.86978569967988	-8.77733461133039	-8.9805325672065	-8.95673398671113	-9.23199055945125	-8.69688281188326	-8.69688281188326	-9.48502892694968	-8.59874694229054	-8.6281970296595	-11.0432935260116	-9.40637714819093	-8.80771927511206	-9.0227625010444	-9.41425875579853	-9.07998548228562	-9.47069715054635	-8.64889571607821	-8.76142406673429	-9.12070350357738	-10.940833888551	-8.29164853636353	-9.07072985443385	-9.32911519274567	-9.92307432060363	-9.32729777284866	-9.32729777284866	-9.30623230916952	-9.03696530227048	-8.13933337961026	-9.61849921837041	-9.33134175032207	-8.86978569967988	-8.7845021381234	-9.02649794337655	-9.09935307077034	-8.17469909012786	-8.25678836218101	-9.86556056700572	-9.32975189342003	-8.92384364729698	-8.50339178083573	-9.44248482464403	-8.85289340825433	-8.86770603347367	-9.02296590229549	-8.45615565952151	-9.27667200067876	-8.96496913579989	-9.75291886797896	-9.92558781100143	-9.76022243196159	-10.0552490612642	-11.0168300637809	-10.6400608466117	-15.4079417238143	-11.0130152670725	-10.940833888551	-8.40271050847178	-9.70278996121061	-9.02698580078117	-9.2279604863051	-10.6138998619788	-10.6138998619788	-10.0709996213689	-10.0845600657706	-10.0845600657706	-9.85927256467753	-9.76507466754036	-9.67810038787945	-8.96556467235384	-9.40250955991725	-10.9375951467125	-9.59766324643833	-9.55363395998671	-10.9787682218315	-9.35732865149549	-9.63962427381687	-9.83437071323253	-9.86624503046952	-9.86624503046952	-9.86624503046952	-10.048342672788	-10.940833888551	-9.86624503046952	-10.0138426226844	-8.8779463904984	-8.8779463904984	-9.95902725219868	-9.38205421578552	-9.38258518496303	-9.83538353970203	-10.0008692993059	-9.58522722728638	-9.87998465379935	-10.6999626797256	-10.0138426226844	-9.87132981119446	-8.89403686180434	-10.6999626797256	-10.1885331422014	-9.71493578560059	-9.82467197257149	-9.41503551247604	-10.7401558094248	-9.45020018795335	-9.32975189342003	-9.77464903748753	-9.85263502411044	-9.4258467994789	-9.36054543520619	-9.76822127631473	-10.1885331422014	-10.3151289566277	-9.56415618200274	-10.0552490612642	-9.86624503046952	-8.91916806748806	-9.77464903748753	-9.77464903748753	-10.0958857070419	-9.37541613726111	-10.0035879115407	-8.91242841663952	-9.60382731211254	-9.60543405062075	-9.85393279519506	-9.84042189425153	-9.55655795864102	-8.96709537826685	-9.86624503046952	-9.78113373718119	-9.87132981119446	-10.9107832023902	-10.1796540878181	-10.4109478316808	-9.53638480560781	-9.82467197257149	-9.03446496538394	-9.22934588307628	-9.86624503046952	-9.59406979283882	-9.35336612382954	-10.1638057632411	-9.36673986548311	-10.6516940363433	-10.8768831785517	-10.0310585535379	-9.17377109663577	-9.28910019678034	-9.86978569967988	-9.47405922607233	-9.86624503046952	-9.85614240819008	-9.86624503046952	-9.927422423578	-9.82467197257149	-9.38042626554852	-10.2628411378256	-10.2628411378256	-10.4132627619542	-9.73768925599456	-9.8315168282155	-9.8951326593977	-9.72464090195223	-9.88668247012579	-9.88668247012579	-10.086107491526	-9.86624503046952	-9.71493578560059	-9.86624503046952	-10.0582542658018	-9.76315778296553	-9.06015900940866	-9.9804267044253	-9.97163978439614	-9.71456318547499	-10.0958857070419	-10.0958857070419	-10.0958857070419	-11.0168300637809	-10.2889618058556	-9.66468440580858	-10.0958857070419	-9.64890506336335	-9.56573990536551	-9.88668247012579	-9.86916851752109	-10.8013955977847	-9.85217758235607	-10.940833888551	-10.3928374404669	-10.0347473728935	-10.0657074281828	-9.86624503046952	-10.0958857070419	-9.97876136850594	-9.49279267221975	-10.2666908464039	-8.70567140564396	-9.86916851752109	-9.58914242918711	-10.055899589039	-9.98073843374318	-10.6770968203292	-9.71317798979591	-9.16390259995314	-9.68270763043856	-10.0958857070419	-9.73235604094945	-9.82648651799073	-8.984034825843	-9.86916851752109	-8.79490514655162	-9.5388365860354	-10.4575224251949	-9.4047438954351	-10.0958857070419	-9.55969949676475	-9.55969949676475	-11.0168300637809	-9.86778535504323	-9.55629421991252	-9.84643246189227	-9.65182906055252	-10.2044680685982	-10.075850458292	-9.72258840392611	-9.72258840392611	-9.85263502411044	-9.4047438954351	-9.90340867551192	-10.7291795493506	-9.99700420616721	-9.8489759655929	-9.84865834142538	-9.82408697999351	-9.86916851752109	-9.70363194567278	-10.940833888551	-10.0494486013472	-10.0494486013472	-10.6466688941835	-13.0869926313439	-9.34226750794524	-10.0168300637809	-8.9095532046751	-9.7191208921452	-10.3817072488364	-10.0495216060116	-10.1475396307885	-9.81294451452993	-9.15265744870562	-9.55924558079002	-9.97833163211621	-10.460819715577	-9.63202249530349	-9.86916851752109	-10.4427258548449	-9.87089365930205	-9.88060648147007	-11.0168300637809	-11.0168300637809	-9.75041286553268	-10.940833888551	-10.5782850013476	-9.55300482724079	-9.70295411366009	-11.0168300637809	-9.86624503046952	-9.40362629513027	-9.86916851752109	-10.6279417447534	-11.0168300637809	-9.14991326671651	-9.78320974581643	-9.86916851752109	-9.86624503046952	-9.86624503046952	-10.6744383193918	-9.86624503046952	-10.6771365365758	-10.0216521230087	-9.12961563038982	-9.62511245257486	-9.37319906137436	-9.86916851752109	-9.90340867551192	-10.940833888551	-10.2666908464039	-11.0168300637809	-9.70243261012642	-9.9431788896547	-9.9325590794063	-10.2693911689236	-9.62920363780123	-10.0562445910337	-9.90205822087553	-9.8509494858817	-10.1642321160733	-10.0415673556665	-9.64465906811736	-9.86916851752109	-9.85186463225229	-8.7350474705029	-9.72215317719742	-10.372320386285	-9.13847979892335	-10.372320386285	-9.86916851752109	-9.62011551769309	-9.59707398544287	-9.32844196901046	-10.5923468209052	-10.933870069382	-10.0958857070419	-10.8686413989111	-10.6663343935169	-10.0555205951294	-10.940833888551	-10.314759405449	-9.70333828721787	-9.77871634901929	-9.23845972306793	-10.0552490612642	-9.11466826966527	-9.83268867145015	-9.69392522353746	-9.77420971566475	-10.1767637806634	-10.1212885868153	-9.63565319860735	-9.85305492184702	-9.97688869385664	-9.72172217805892	-9.84818874368296	-9.84523780385023	-10.6131717068002	-10.2666908464039	-9.47594218276135	-10.0958857070419	-9.67065662073463	-10.2666908464039	-9.86955331775923	-9.86916851752109	-9.68876789249103	-10.4834028349896	-9.90340867551192	-9.50093582970071	-9.72954111704558	-9.92023706136576	-9.68970268905762	-9.70699912946829	-10.8702206086058	-10.1491098687123	-10.055899589039	-10.0002182696817	-9.91978211352775	-10.0499926263062	-9.86916851752109	-10.3385433084011	-10.3385433084011	-10.3431312140694	-10.940833888551	-10.940833888551	-10.6501838753524	-9.89004813875064	-9.78505160582277	-9.75220242298638	-10.0494486013472	-9.80062006323226	-10.6771365365758	-9.97513172617327	-9.71213589592837	-10.212066921013	-9.59828132712413	-9.5153064202907	-10.9867873383607	-10.0494486013472	-9.7231623498452	-9.86624503046952	-9.59190198543117	-10.0278835047507	-10.0278835047507	-9.85553103386353	-9.71298742577622	-9.81822816484719	-9.88029736303839	-9.88824478236581	-9.86624503046952	-10.3151536791481	-9.04734025841673	-9.44023580106763	-9.67477532069537	-9.67477532069537	-9.86624503046952	-9.79032840730346	-10.8156473120057	-9.88848387347171	-10.0462338924125	-10.4442661579497	-10.9867873383607	-10.4452858241196	-9.70009099902043	-9.86916851752109	-10.0477530537516	-10.551353474896	-9.86916851752109	-10.243940495459	-10.0019642878237	-9.86824323905572	-9.4606563127271	-9.84354929189942	-9.86624503046952	-9.86916851752109	-9.63343283619175	-9.63343283619175	-10.0958857070419	-10.6470235856385	-10.957357482842	-9.8052977669464	-9.7618725687133	-10.0466556072122	-10.0466556072122	-10.6760788689956	-9.75240158577082	-10.0958857070419	-9.66244017564888	-8.19494725088597	-10.0404255555477	-9.86624503046952	-9.86624503046952	-9.82467197257149	-9.82377039121872	-11.0168300637809	-9.54345941586486	-9.83552714745815	-9.50692877927595	-10.6516940363433	-10.0924653217427	-9.72762641584264	-10.1161966544897	-9.76975523077684	-9.92948927350616	-10.0361067552153	-10.0361067552153	-9.86470634870284	-9.85887427880684	-9.7618725687133	-9.60457115991214	-9.84002611009887	-9.70259429648523	-9.41976998016471	-8.67692922980993	-10.940833888551	-10.0619065448793	-9.75502758108354	-9.86624503046952	-10.6516940363433	-9.86624503046952	-9.7898791321667	-9.78973054995648	-9.84040499338314	-9.97876136850594	-10.6490600813388	-10.269271419741	-9.86916851752109	-9.84434379699467	-9.86916851752109	-10.0756577866294	-9.28906559780457	-10.940833888551	-9.9639096110741	-10.6770968203292	-10.568590575329	-9.72440039046136	-9.40405679743504	-9.86916851752109	-8.70031740145679	-10.086107491526	-9.7576457660423	-10.0958857070419	-9.81182085905476	-9.64583229229209	-9.80957965304316	-8.3560570419196	-10.8395664252691	-11.0973422285358	-8.92214065576736	-10.2791951468513	-10.4265083022084	-10.0439817047636	-11.0983651156618	-11.0515651784852	-9.75361891718633	-11.6356269569409	-10.3001890138609	-10.4106189397441	-11.6173098999199	-11.0125722001543	-10.899248055143	-10.0355954364526	-12.0643053360169	-12.1725640010775	-9.31064450813053	-10.9007053192395	-10.3472154578367	-12.8850475309624	-10.4760458270788	-10.8810858374661	-9.93642337137633	-10.022355280013	-12.2893867324679	-11.1553017403362	-11.0980970959051	-11.124318822351	-11.8773868516889	-10.3276643156594	-11.2327906879905	-10.0917652755751	-9.24346875564416	-10.2544030251472	-12.1641853558254	-10.2928953349241	-11.8773868516889	-10.7882455688791	-9.25585380334382	-9.49411938876709	-12.6292658777632	-10.6299407005685	-12.1083877036662	-10.0891143236172	-10.9944058356872	-13.3774197790374	-10.8187091389805	-10.9279752474691	-12.1778681814199	-12.8387221249369	-10.5061926738134	-10.5247696831672	-9.11055828168339	-10.9279752474691	-9.5071808211403	-10.7128677253538	-13.3622392135937	-10.6218437090488	-11.6444462806651	-10.2450269070176	-10.9029924446899	-12.3193577184631	-10.0507395806944	-12.2508459938979	-11.371736614169	-10.8845925378637	-10.4054168453391	-12.7399699455845	-11.1863630817835	-11.7626890738611	-14.9640869521143	-10.2657301434101	-10.8663138569327	-12.4214722377351	-11.6955004013031	-11.2993023353198	-10.4698444379494	-11.1856849004892	-11.9062865528165	-13.3444993340691	-10.3047054575812	-11.6452261368345	-11.9808296125957	-9.80933674540877	-11.6878585091217	-10.4718769132095	-13.0147085948538	-11.6581440258102	-10.6380184515254	-11.6648230141088	-10.2901956529354	-12.1011780704111	-12.9052701757666	-10.6570328166233	-11.7467495306402	-12.3047533198248	-13.079246327847	-10.8146683389597	-10.6319208746161	-10.0365224625693	-12.3047533198248	-10.8656583276212	-13.7064640021814	-11.7467495306402	-11.6773081233262	-11.0741706829447	-12.697703225586	-12.2759085182679	-10.1567220618322	-11.1454808716162	-11.8009316118368	-10.9034960249015	-10.8336418827866	-10.8782084351496	-10.2819552378868	-10.5944440373716	-12.524818285085	-10.2395455327145	-9.39620377188995	-12.6662255969694	-10.2395455327145	-11.5971649143558	-11.5865985031242	-11.9007591141479	-14.7512513396771	-12.3564932958876	-13.9272986578506	-11.4311547015248	-13.3616161008133	-12.8399594155952	-11.3205136228009	-12.225230843129	-10.4745002265339	-12.4098254169502	-10.7016777746447	-12.7645243150396	-13.0763856760054	-12.8130719406567	-13.268072081382	-12.6695594408499	-14.9372031808502	-12.9374999995798	-11.9597826612454	-13.0431235800232	-11.236728340273	-12.9951443547823	-10.9825208972093	-13.2867032979069	-13.5964226210762	-11.7907924328825	-10.8531087637297	-13.1925356011516	-11.9597826612454	-10.4023670741445	-12.7414442384328	-14.0878878182786	-11.2720449651554	-11.2720449651554	-11.6104614586351	-13.4069507387055	-13.9595198654076	-11.8084533940562	-12.2367517551354	-13.5793386451548	-13.5793386451548	-11.0506860669692	-11.9181261498361	-12.0521069120011	-12.3674645302341	-14.7064640021814	-11.0590872817121	-11.2893454483938	-10.0439806804441	-14.8657923066321	-13.876697082971	-12.9299160600259	-11.2513781028058	-11.2513781028058	-12.0591618109221	-9.14537207667934	-10.771066140509	-11.1205247304555	-10.7070153485456	-10.7266765939963	-11.1119480936843	-11.7861211857928	-11.7978640592264	-11.0089305784456	-12.5124406695833	-14.9623822797585	-11.8391344372642	-11.8391344372642	-11.3638800020493	-11.3638800020493	-11.3156383260954	-12.5984129478399	-11.3366537535107	-11.6321857192676	-10.846129685891	-13.3469942895844	-11.1225589746521	-10.5979060859779	-11.0328697653618	-13.5473099331942	-11.5876582382975	-13.3648981264743	-9.86807548250021	-10.7412930873172	-11.3156383260954	-11.1205247304555	-10.7651067497752	-14.9623822797585	-11.9150166131828	-11.3938422727301	-12.9425247311263	-13.0655732922337	-14.9623822797585	-10.3164175642234	-11.2738457081072	-13.1742581417129	-12.9502138130338	-11.0172684072881	-11.0633125353812	-10.2214715164043	-16.4079417238143	-14.0973294736076	-14.0973294736076	-11.9899451489032	-10.2446713496902	-13.8088606258069	-12.3806914263038	-12.4577789445808	-9.60657049868973	-13.5996349611998	-12.4188292809636	-10.8251885466563	-10.7632842593503	-11.0164380803412	-13.1573169531403	-10.8175599733487	-10.5429664279684	-10.9054599940223	-12.5381164842472	-11.4920826074463	-14.8657923066321	-12.389874001725	-13.6385287792942	-10.7045278518816	-10.9959169374256	-12.5544187556267	-12.5544829585459	-12.8198890368372	-14.1680292034348	-14.7294743972819	-14.4003685041095	-10.9229499854203	-10.710466045329	-12.5030210622456	-11.4053549971569	-10.7434123087347	-13.7140195413227	-11.4284083875517	-11.474877150662	-12.0855201597647	-10.8424906319341	-10.7352269123961	-13.0848076688292	-15.3795380088106	-17.6280860807443	-11.0839354520043	-13.1279578807378	-14.9623822797585	-13.3475807756542	-13.9396556693283	-13.5262427623799	-12.6535605192664	-12.4112569792038	-12.5264087568381	-13.1279578807378	-10.8978774201997	-11.0352991174924	-11.8907102416565	-11.8907102416565	-14.9372031808502	-12.0937370761306	-10.6980980926173	-12.7962309242675	-11.2072389636178	-11.6742099961884	-12.8459618021032	-11.1151728881337	-11.1151728881337	-10.4616048542659	-13.5725967627532	-10.7299027753793	-12.5926839088134	-10.7538542971061	-14.4647496888659	-10.1937862353349	-11.0108613550096	-11.3950359308142	-12.2329401411854	-10.8361283276664	-11.4417957139575	-11.0948974699255	-12.6825959974705	-12.4204400043753	-16.8930479877034	-11.113409107382	-11.4417957139575	-11.113409107382	-11.113409107382	-12.7187275879313	-12.8585679798642	-12.7731107225747	-12.8486789177742	-12.8486789177742	-12.341575530267	-13.4097884581409	-12.5547514744413	-10.9854509983643	-13.0655732922337	-13.4119547863209	-11.557594385413	-13.4119547863209	-13.4119547863209	-11.8131941406648	-10.8011757052447	-14.9106617897495	-9.99456320953344	-13.0024269986539	-12.5098804996262	-11.0853156515109	-10.7299027753793	-14.9623822797585	-14.8305641359722	-16.2420344850607	-14.7512513396771	-14.9623822797585	-12.1360495471164	-12.8009316118368	-11.0321868654968	-12.5574218395977	-10.2596973771034	-12.1152374576038	-14.5381972793709	-15.2048046923665	-10.6791857891627	-11.9186294068191	-12.352240680129	-15.2555210685542	-15.1851516218185	-16.6783857732609	-13.9675800681756	-14.3304388464642	-14.3304388464642	-15.1542885542748	-13.6686620812826	-13.9027193584602	-15.2012180818433	-19.5330124894723	-15.2003045558317	-14.1893871262667	-11.8503008992035	-11.4076280139371	-14.6376010448525	-14.6376010448525	-10.1969910310872	-15.0387405731496	-14.6135653818147	-13.5792317617013	-13.5792317617013	-11.1599453853792	-13.736237827005	-13.736237827005	-19.2529045702796	-19.5330124894723	-21.0602594923372	-12.5639461293777	-13.2587888684531	-10.8942330559935	-11.5060177011162	-11.5060177011162	-19.028781260864	-12.775414983981	-11.1779963151752	-10.9283722773525	-11.1779963151752	-15.5414559372256	-12.9091160729171	-21.0602594923372	-14.2987473684478	-13.1908108013075	-16.2142529678513	-11.6967527645815	-13.6026975483525	-14.003621777224	-15.2003045558317	-15.2003045558317	-12.6026975483525	-15.5311275448382	-10.3595953905511	-10.3595953905511	-10.0574775626511	-15.8930479877034	-12.0935759252203	-15.5311275448382	-16.2420344850607	-14.2253609303396	-16.8930479877034	-16.8930479877034	-13.0746184318367	-14.5209181886553	-15.2253609303396	-15.2253609303396	-14.6459348976478	-11.2243925266347	-11.1795258067488	-11.5136061446822	-19.7383313974498	-15.1635175177082	-16.2420344850607	-10.3456869301465	-13.1470444684607	-13.81015617823	-12.7800482263418	-16.2420344850607	-13.4416364756473	-16.8930479877034	-11.4415582124116	-15.7321389958528	-16.8930479877034	-14.8305641359722	-16.8930479877034	-10.7435220943963	-11.3488405040856	-11.6281444334353	-15.2747012480501	-14.7512780986203	-14.6459348976478	-16.2420344850607	-14.7832866924246	-11.5640783267635	-13.6403984296185	-13.6403984296185	-16.8930479877034	-15.2253609303396	-15.2253609303396	-14.0878878182786	-13.1969933089434	-13.1969933089434	-15.7321389958528	-16.2420344850607	-10.6945337024502	-16.8930479877034	-12.6026975483525	-16.2142529678513	-16.2420344850607	-14.6459348976478	-15.2253609303396	-16.2420344850607	-11.0934571939618	-13.7129768396243	-13.9067521660175	-15.2253609303396	-13.6403984296185	-14.6459348976478	-9.93497138655159	-16.2420344850607	-9.82526864540224	-16.8930479877034	-14.6042554497371	-14.0817845533061	-14.8862150243855	-12.913937906627	-19.7383313974498	-12.397920979209	-10.6727315269787	-14.2253609303396	-11.6121097761279	-11.2456723143668	-13.1797846311419	-12.5059527972858	-12.3632203954807	-15.2253609303396	-11.569081343826	-14.2253609303396	-13.0609060653578	-16.8930479877034	-12.3757996254273	-13.6026975483525	-13.4310636092686	-13.6026975483525	-12.0177350476313	-12.978877879469	-13.1127772522441	-13.1127772522441	-13.1127772522441	-12.1773108196206	-19.0602594923372	-19.0602594923372	-13.6268704247283	-10.7191969487823	-16.2420344850607	-16.5204620581887	-17.6280860807443	-14.1941078723882	-14.1338588381489	-13.3732955810074	-13.0595552233259	-15.2253609303396	-16.8930479877034	-14.7406139332667	-14.9500755995823	-14.1027477009321	-14.3867113818912	-13.96272305313	-13.9689330103804	-10.0145289356475	-13.4644864433623	-12.418006008282	-9.88376914509375	-13.2253609303396	-10.2348867814027	-11.1795258067488	-10.9686218768544	-12.418006008282	-15.2253609303396	-14.9754823624826	-9.25165724283879	-17.8145669832769	-9.59234682090516	-10.9434587882051	-12.0166008913002	-15.2253609303396	-14.2253609303396	-13.6026975483525	-15.2253609303396	-11.569081343826	-11.569081343826	-15.2253609303396	-11.569081343826	-11.569081343826	-16.4079417238143	-15.2253609303396	-15.2253609303396	-16.4079417238143	-14.9106617897495	-16.7050897969039	-16.2712053870225	-11.569081343826	-16.8930479877034	-13.3342918400364	-12.3370402517556	-11.6733857964454	-13.1127772522441	-11.9549363743364	-15.2253609303396	-15.2253609303396	-15.2253609303396	-15.2253609303396	-11.5073983044104	-12.418006008282	-12.6403984296185	-12.5817575149694	-13.2253609303396	-13.2253609303396	-12.4315995286807	-13.2253609303396	-13.0986991464769	-13.6403984296185	-11.1871184988566	-13.6403984296185	-11.3566637633085	-12.4370127427519	-10.3024577213562	-14.2253609303396	-14.2253609303396	-12.6750759129793	-12.6750759129793	-13.5254073561385	-14.2253609303396	-11.9391755064645	-13.9012043903986	-13.1969933089434	-13.1969933089434	-15.2253609303396	-14.2253609303396	-13.8590292548102	-12.3137451711987	-14.2253609303396	-14.2253609303396	-13.1538374951092	-14.2253609303396	-10.7752279228922	-11.0947192134993	-14.2253609303396	-13.2492343106459	-14.2253609303396	-14.2253609303396	-14.2253609303396	-13.0182541611922	-14.2253609303396	-14.2253609303396	-11.1734959804395	-14.2253609303396	-14.7512780986203	-14.7512780986203	-14.1335623443865	-14.2253609303396	-14.2253609303396	-12.6625974412695	-14.2253609303396	-14.2253609303396	-15.2253609303396	-11.1795258067488	-15.2253609303396	-14.8305641359722	-15.2253609303396	-15.2253609303396	-15.2253609303396	-15.2253609303396	-15.2253609303396	-14.9754823624826	-14.2253609303396	-15.2253609303396	-15.2253609303396	-15.2253609303396	-12.8126739895196	-15.2253609303396	-11.5947020901458	-15.2253609303396	-14.6459348976478	-20.7901703289694	-20.7901703289694	-15.2253609303396	-15.2253609303396	-18.7383313974498	-15.2253609303396	-15.1635175177082	-15.2253609303396	-15.2253609303396	-15.2253609303396	-10.9121848570948	-15.2253609303396	-11.5448843085572	-15.2253609303396	-15.2253609303396	-13.96272305313	-15.2253609303396	-15.2253609303396	-12.9359861017601	-15.2253609303396	-15.2253609303396	-15.2253609303396	-15.2253609303396	-15.2253609303396	-13.5473099331942	-15.2253609303396	-15.2253609303396	-15.2253609303396	-15.2253609303396	-15.2253609303396	-15.2253609303396	-15.2253609303396	-11.1757051138552	-12.9172965347058	-15.2253609303396	-15.2253609303396	-14.2253609303396	-15.2253609303396	-15.2253609303396	-15.2253609303396	-15.2253609303396	-14.7512780986203	-15.2253609303396	-15.2253609303396	-15.2253609303396	-13.1969933089434	-15.2253609303396	-15.2253609303396	-15.2253609303396	-17.6280860807443	-12.8126739895196	-12.6214248413376	-14.2253609303396	-15.2253609303396	-11.9580753433506	-15.1635175177082	-14.6459348976478	-13.6403984296185	-15.2253609303396	-15.2253609303396	-15.2253609303396	-15.2253609303396	-15.2253609303396	-15.2253609303396	-15.2253609303396	-15.2253609303396	-9.70067705483865	-15.2253609303396	-15.2253609303396	-15.2253609303396	-15.2253609303396	-15.1635175177082	-15.2253609303396	-12.9301129353828	-12.8126739895196	-12.8126739895196	-15.2253609303396	-15.2253609303396	-15.2253609303396	-13.1969933089434	-20.7901703289694	-15.2253609303396	-11.5335071205464	-15.2253609303396	-15.2253609303396	-15.2253609303396	-15.2253609303396	-15.2253609303396	-15.2253609303396	-15.2253609303396	-14.7512780986203	-11.5676610782568	-14.3121061151083	-15.2253609303396	-15.2253609303396	-14.3701587831544	-13.5167158461756	-15.2253609303396	-20.7901703289694	-13.105746686092	-15.2253609303396	-9.77774592755115	-14.917281523442	-11.1416351751844	-15.2253609303396	-15.2253609303396	-15.2253609303396	-14.8305641359722	-15.2253609303396	-15.2253609303396	-15.2253609303396	-15.2253609303396	-11.569081343826	-15.2253609303396	-15.2253609303396	-15.2253609303396	-15.1635175177082	-15.2253609303396	-12.1773108196206	-12.5669985695905	-15.2253609303396	-15.2253609303396	-15.2253609303396	-11.1795258067488	-15.2253609303396	-14.2253609303396	-10.9267753690091	-15.2253609303396	-15.2253609303396	-15.2253609303396	-15.2253609303396	-11.5403024321823	-14.6459348976478	-15.2253609303396	-15.2253609303396	-15.2253609303396	-15.2253609303396	-13.1316192031132	-11.8058109227714	-13.1969933089434	-12.9389088183552	-12.8126739895196	-15.2253609303396	-11.9582259078	-13.5167158461756	-21.2327013509278	-15.1635175177082	-15.2253609303396	-16.5873894993751	-11.5136061446822	-15.2253609303396	-15.2253609303396	-13.0442951806796	-15.2253609303396	-15.2253609303396	-15.2253609303396	-14.7406139332667	-15.2253609303396	-15.2253609303396	-15.2253609303396	-15.2253609303396	-15.2253609303396	-15.2253609303396	-15.2253609303396	-15.2253609303396	-15.2253609303396	-15.2253609303396	-15.2253609303396	-15.2253609303396	-14.7512780986203	-15.2253609303396	-15.2253609303396	-13.0587767847733	-14.0144998309545	-15.2253609303396	-15.2253609303396	-15.2253609303396	-15.1635175177082	-15.2253609303396	-12.8126739895196	-13.1969933089434	-15.2253609303396	-15.2253609303396	-15.2253609303396	-15.2253609303396	-15.1635175177082	-11.1298895705618	-11.0895804788831	-11.9253726825134	-15.2253609303396	-15.2253609303396	-15.2253609303396	-15.2253609303396	-15.2253609303396	-15.2253609303396	-15.2253609303396	-15.2253609303396	-13.9966264930577	-12.8404432429999	-15.2253609303396	-15.2253609303396	-15.2253609303396	-15.2253609303396	-15.2253609303396	-13.1969933089434	-14.7512780986203	-15.2253609303396	-14.0219537222749	-11.1795258067488	-10.1136821372213	-15.2253609303396	-15.2253609303396	-15.2253609303396	-10.7211266934157	-19.7383313974498	-19.7383313974498	-19.7383313974498	-19.7383313974498	-19.7383313974498	-15.1635175177082	-16.4334768159214	-19.7383313974498	-19.7383313974498	-9.94643020502769	-10.4837793137396	-19.7383313974498	-19.7383313974498	-19.7383313974498	-14.0156725122016	-16.7050897969039	-13.4129597985809	-19.7383313974498	-19.7383313974498	-19.7383313974498	-19.7383313974498	-19.7383313974498	-19.7383313974498	-11.7296918656507	-12.1741011932382	-19.7383313974498	-14.8207311586867	-14.458161079302	-19.6477388502066	-21.9967639438519	-13.6173769635914	-14.8207311586867	-23.5817264445731	-14.9623822797585	-17.475296991616	-15.5873894993751	-16.8930479877034	-13.5167158461756	-13.5167158461756	-17.6280860807443	-21.2327013509278	-11.6220088436108	-21.4436916310881	-12.3020803764211	-13.2353756065966	-21.2327013509278	-13.3135574739948	-21.2327013509278	-21.2327013509278	-16.8930479877034	-17.6280860807443	-21.2327013509278	-15.8926937637688	-16.0158653729787	-17.2959732921715	-8.66925446556924	-10.7151951133746	-11.2774708106639	-9.94988077949603	-10.4471864353706	-10.0293368118934	-12.3370402517556	-11.2696306971117	-11.688300320995	-11.2696306971117	-11.184401749782	-11.2696306971117	-11.2696306971117	-11.2696306971117	-11.7409858508958	-13.1127772522441	-11.6287096553158	-11.688300320995	-24.0605203755451	-24.0605203755451	-12.3370402517556	-11.853751431974	-11.688300320995	-12.0780669850162	-12.3632203954807	-11.2696306971117	-11.2696306971117	-11.2696306971117	-11.2696306971117	-11.2696306971117	-10.9455277086022	-11.0411082781524	-10.463831280318	-13.3287907083538	-15.0024269986539	-15.5873894993751	-13.2776948217218	-15.5873894993751	-15.5873894993751	-14.7321389958528	-14.7321389958528	-15.5873894993751	-15.5873894993751	-11.9582259078	-11.9582259078	-13.0339883055072	-16.5873894993751	-16.5873894993751	-16.5873894993751	-14.9623822797585	-16.5873894993751	-12.0465098913238	-12.8200644383573	-10.9199785506765	-13.1127772522441	-13.1127772522441	-13.1127772522441	-12.3632203954807	-17.173307743782	-17.6280860807443	-17.6280860807443	-12.1221674678352	-11.673826367732	-11.673826367732	-11.673826367732	-11.673826367732	-13.2587888684531	-13.2587888684531	-13.2587888684531	-13.2587888684531	-13.2587888684531	-13.2284399857286	-13.2587888684531	-13.2587888684531	-13.2587888684531	-11.7409858508958	-11.7409858508958	-13.4097884581409	-13.2587888684531	-11.2314369738731	-15.5311275448382	-16.2420344850607	-11.6120915523814	-16.4079417238143	-16.2420344850607	-16.2420344850607	-16.2420344850607	-16.2420344850607	-16.2420344850607	-15.2253609303396	-15.2253609303396	-16.8930479877034	-22.0605203755451	-12.1127772522441	-12.9566554057797	-11.688300320995	-13.1127772522441	-24.0605203755451	-13.1127772522441	-16.2420344850607	-13.1127772522441	-13.1127772522441	-13.1127772522441	-13.1127772522441	-12.8249913994567	-13.6026975483525	-13.6026975483525	-11.853751431974	-13.5799444676764	-13.6026975483525	-19.5778667252566	-13.4097884581409	-12.6026975483525	-13.6026975483525	-13.6026975483525	-13.1127772522441	-12.3632203954807	-12.3632203954807	-12.3632203954807	-20.7901703289694	-16.4079417238143	-14.9623822797585	-21.0602594923372	-20.7901703289694	-16.4079417238143	-15.2253609303396	-16.8930479877034	-16.8930479877034	-21.7385922806577	-22.0605203755451	-16.8930479877034	-24.0605203755451	-16.2420344850607	-14.9623822797585	-16.8930479877034	-16.8930479877034	-16.8930479877034	-17.6280860807443	-14.2253609303396	-15.2253609303396	-15.2253609303396	-21.0602594923372	-18.8145669832769	-14.9372031808502	-19.7383313974498	-13.2587888684531	-13.2587888684531	-16.8930479877034	-16.4079417238143	-13.6026975483525	-16.4079417238143	-16.4079417238143	-20.7901703289694	-20.7901703289694	-14.9623822797585	-14.9623822797585	-17.6280860807443	-13.6026975483525	-13.6026975483525	-24.0605203755451	-19.5778667252566	-15.2253609303396
Plate1_3752R_L_F_S5_week10_S60_L001	-6.62546817723339	-6.29037393034763	-6.45870239342592	-6.92735293914667	-6.61095436447612	-7.3261704263466	-7.93992019718886	-7.08509667965241	-6.33033404130001	-7.57795525748386	-7.40459599213045	-8.3536245991552	-8.74096655165968	-8.2963432575483	-8.93681243029374	-7.81233769587589	-7.42311383179836	-7.47608945169381	-8.24023959282057	-8.17876709099367	-9.6263208695394	-9.6304909780615	-8.60851910879981	-8.06617672260246	-8.95929227539466	-8.67537808717645	-8.44885685087735	-9.06915900779058	-9.06915900779058	-8.11295381171442	-10.0244029131032	-9.30797272814718	-9.90780166606929	-10.0244029131032	-8.41762946852244	-8.98999552168805	-9.40463339442871	-9.20485774788371	-9.38500499203424	-8.92965883782895	-9.41508776533515	-9.73705629228571	-9.02155052729979	-9.13371889142011	-8.87175468256113	-9.78097167455788	-10.2372464721277	-10.2357655456746	-8.88755272993848	-9.18952134247392	-9.87885832080389	-9.54777886091184	-9.17129230422431	-8.69986398317211	-8.78111472777813	-9.09265267506338	-8.65036685126326	-8.88320456865707	-8.78658030803354	-9.02540527530901	-8.96453349032215	-9.28796090601196	-8.7290133626933	-8.7290133626933	-9.59799094322022	-8.56230786796201	-8.60805727687912	-10.8768543536369	-9.53134864769512	-8.77361129140802	-9.03695081823377	-9.51642376332248	-9.2200911242709	-9.52983470524325	-8.65015226467625	-8.7689919397128	-9.13712101717381	-11.2046792015106	-8.14177543104863	-9.1368494245731	-9.40508083758377	-10.1501555531472	-9.40619603466205	-9.40619603466205	-9.3800372720305	-9.01520446213856	-8.08139836338032	-9.69080013257381	-9.41149604216564	-8.88320456865707	-8.83519545174397	-9.13893921518972	-9.11274365985576	-8.12332136140611	-8.26834140008062	-10.1668979933228	-9.41000456771986	-8.92634726354894	-8.47809179022619	-9.5490963634761	-8.76675533557689	-8.88917282617965	-9.15941902321828	-8.37304024602114	-9.42857385924641	-9.02174864519096	-9.84348695151533	-9.86671218186669	-9.73203577024946	-10.1825312583172	-11.2372464721277	-10.7278158487334	-15.2882335426318	-11.2339230064503	-11.203452213644	-8.3712242537844	-9.63767047229356	-8.91438755440933	-9.19823900539227	-10.6635016413878	-10.6635016413878	-10.1275275162098	-10.1376716340538	-10.1376716340538	-9.97931492005636	-9.85873584866297	-9.64139018274676	-8.93072042227893	-9.39563521888946	-11.1992254523295	-9.52383678371659	-9.67230281967222	-11.1891862754839	-9.23976493715705	-9.635857468727	-9.87789955442496	-9.88755272993848	-9.88755272993848	-9.88755272993848	-10.1452719304312	-11.2046792015106	-9.88755272993848	-10.0639899364597	-8.84725904724916	-8.84725904724916	-9.9726618939411	-9.40890179526235	-9.40922389926582	-9.87359398333646	-10.0849174444073	-9.61364447153118	-9.90132035991686	-10.8052963897437	-10.0639899364597	-9.89416188865523	-8.87802519153974	-10.8052963897437	-10.3093110784041	-9.6807143196228	-9.84182592187905	-9.45455305368193	-10.8724973889612	-9.4579477510583	-9.41000456771986	-9.74590318923025	-9.8739152433894	-9.44361711878583	-9.36535878988259	-9.82898113949267	-10.3093110784041	-10.3523469267325	-9.58651833889199	-10.1825312583172	-9.88755272993848	-8.89012123503869	-9.7463498284424	-9.7463498284424	-10.1984749572997	-9.36675218575184	-10.2772344346006	-8.80121672476078	-9.6526297397578	-9.63569642306153	-9.89691157671019	-9.83948987692095	-9.60573313326922	-9.00061678578463	-9.88755272993848	-9.84321789312511	-9.89416188865523	-11.0940990160749	-10.3496902893327	-10.6590793169082	-9.55555612437523	-9.84182592187905	-8.99692279030389	-9.25683377728745	-9.88755272993848	-9.64210843256097	-9.33672853300772	-10.0519170561322	-9.3234557857056	-10.8141834380073	-11.1250001876698	-10.0825943726249	-9.13108168332962	-9.28079191747569	-9.89196058528698	-9.45559300333968	-9.88755272993848	-9.87730292749877	-9.88755272993848	-9.98570832899999	-9.84182592187905	-9.39031717935368	-10.4114278477839	-10.4114278477839	-10.4640058577228	-9.73618082396533	-9.87468635733774	-9.92032423554694	-9.69302756086216	-9.91014228980784	-9.91014228980784	-10.1824949694697	-9.88755272993848	-9.6807143196228	-9.88755272993848	-10.2299876024258	-9.73491862309753	-9.01964293666362	-10.0619166631588	-10.0514713389615	-9.68380183230208	-10.1984749572997	-10.1984749572997	-10.1984749572997	-11.2372464721277	-10.405823476099	-9.65323221592383	-10.1984749572997	-9.61097783578229	-9.56114011515478	-9.91014228980784	-9.89079474377794	-11.0848238883612	-9.92801154120053	-11.2046792015106	-10.4876793493241	-10.1259576445692	-10.1644021345837	-9.88755272993848	-10.1984749572997	-10.0594441518579	-9.47141434869367	-10.4146710135602	-8.65157666103715	-9.89079474377794	-9.61029258872983	-10.1529186079021	-10.0235542264005	-10.7895114599198	-9.68147187350627	-9.1771236627284	-9.75260990864322	-10.1984749572997	-9.73036095477358	-9.87080969755644	-9.00908867865069	-9.89079474377794	-8.74374638016836	-9.52549283421489	-10.6610673368499	-9.39875726716503	-10.1984749572997	-9.48520075203669	-9.48520075203669	-11.2372464721277	-9.88974731283476	-9.52638430331519	-9.86545606351967	-9.5822602633586	-10.2505426569131	-10.1761522077374	-9.72100775334714	-9.72100775334714	-9.8739152433894	-9.39875726716503	-9.90274931720193	-10.8486801011061	-10.145013429914	-9.86850379063775	-9.85400859957889	-9.84610299308429	-9.89079474377794	-9.66759248579492	-11.203452213644	-10.1394194757236	-10.1394194757236	-10.8080409296721	-12.8324611546649	-9.38564300728551	-10.2372464721277	-9.01679826383052	-9.68465671022487	-10.3673814667999	-10.1270421664098	-10.1437727844937	-9.85369174142156	-9.02403512493872	-9.60334739465791	-10.2208709424334	-10.5752405649458	-9.69408503362098	-9.89079474377794	-10.4097174435298	-9.89210382378097	-9.90249474175297	-11.2372464721277	-11.2372464721277	-9.80510178935308	-11.2046792015106	-10.6648348322848	-9.49788098287383	-9.66748827807355	-11.2372464721277	-9.88755272993848	-9.39719539849815	-9.89079474377794	-10.7200157308152	-11.2372464721277	-9.14441795758463	-9.7613380415784	-9.89079474377794	-9.88755272993848	-9.88755272993848	-10.842883618412	-9.88755272993848	-10.8471420116349	-9.96832011203187	-9.09595626916623	-9.65985520732151	-9.36191624787021	-9.89079474377794	-9.89735821610793	-11.2046792015106	-10.4160915506912	-11.2372464721277	-9.66808823230945	-10.0094221541174	-10.0018726717429	-10.3787012376793	-9.60597309901576	-10.0831362439594	-9.89596125972853	-9.95209115553883	-10.2906106922991	-10.0680379415961	-9.65608243228855	-9.89079474377794	-9.87170323201366	-8.64659763011289	-9.71414480525243	-10.4151296676765	-9.01403211590707	-10.4151296676765	-9.89079474377794	-9.62823184486696	-9.55545565148855	-9.32947579776422	-10.7898240612239	-11.1938679137154	-10.1984749572997	-11.1728309014662	-10.8557964650106	-10.1510208880765	-11.2046792015106	-10.3041516130414	-9.66927661523798	-9.81126562953787	-9.28073766658122	-10.1825312583172	-9.13805925367327	-9.87660329416307	-9.6608066997015	-9.89383096674534	-10.3792805359645	-10.183714273988	-9.60387265610012	-9.8742143422035	-10.0518141861007	-9.71794576449427	-9.86678356222389	-9.86255309106775	-10.7606849595683	-10.4160915506912	-9.50614779347249	-10.1984749572997	-9.67387283654277	-10.4160915506912	-9.8919155704116	-9.89079474377794	-9.65361550435393	-10.7033338790545	-9.90274931720193	-9.47223935778504	-9.71764744786278	-9.9561393338664	-9.65438846106618	-9.67162295073168	-11.1147677551919	-10.310144760508	-10.1529186079021	-10.0875828303507	-9.9429196732166	-10.0749772002213	-9.89079474377794	-10.373302308637	-10.373302308637	-10.4166139423958	-11.2046792015106	-11.2046792015106	-10.7584019641892	-9.91457304739054	-9.8780961205493	-9.8653134376282	-10.1394194757236	-9.81823631340929	-10.8367853465356	-10.019820111607	-9.68700424859604	-10.3505856019509	-9.62851649356359	-9.43716454688924	-11.2027413938578	-10.1394194757236	-9.69280386116582	-9.88755272993848	-9.61909841911853	-10.1204920902763	-10.1204920902763	-9.87712672158383	-9.70663217991452	-9.8301117875114	-9.90340606127409	-9.91237153244415	-9.88755272993848	-10.4398916789921	-9.02618711875553	-9.3932865229478	-9.7130933187352	-9.7130933187352	-9.88755272993848	-9.80296291570176	-11.0494924184769	-9.90691340985869	-10.1691787112877	-10.5569975459291	-11.2027413938578	-10.5154659201599	-9.73002256704462	-9.89079474377794	-10.1494277029736	-10.6360887891682	-9.89079474377794	-10.3886936790968	-10.0510805925807	-9.88976263561084	-9.46233454934778	-9.85842994555355	-9.88755272993848	-9.89079474377794	-9.66781406168083	-9.66781406168083	-10.1984749572997	-10.7432410196765	-11.1690423367532	-9.86722499245516	-9.73353560147716	-10.0720324263454	-10.0720324263454	-10.7314983361831	-9.69714054213772	-10.1984749572997	-9.64776886666286	-8.09869527768524	-10.2033227168087	-9.88755272993848	-9.88755272993848	-9.84182592187905	-9.84119562679476	-11.2372464721277	-9.46842258582318	-9.85504435424837	-9.51803263596149	-10.8141834380073	-10.1944633357857	-9.70128948583642	-10.191471051816	-9.85728588318788	-9.96056471816853	-10.0903130158757	-10.0903130158757	-9.88536148030373	-9.87550643384826	-9.73397842762801	-9.5821298510682	-9.86027634644388	-9.66732628941838	-9.46369257748258	-8.57191803318409	-11.2046792015106	-10.1591351977438	-9.76111377408294	-9.88755272993848	-10.8141834380073	-9.88755272993848	-9.91397560628728	-9.80056118730542	-9.92139306714035	-10.0594441518579	-10.7043665955761	-10.3761430639085	-9.89079474377794	-9.86318376253158	-9.89079474377794	-10.1748820158669	-9.25586245412695	-11.2046792015106	-9.99835277467418	-10.7895114599198	-10.6570523031648	-9.69497280342929	-9.28147190107141	-9.89079474377794	-8.67611346322152	-10.1824949694697	-9.76316712272354	-10.1984749572997	-9.85327534816449	-9.54133610058338	-9.64298457920792	-8.11023523163724	-10.7519923330771	-11.1303271833661	-8.72765789860228	-10.1052643355674	-10.275266138971	-9.84361952079157	-11.0379042068484	-10.818388943288	-9.61945411044957	-11.481712910498	-10.2649585282007	-10.240806910249	-11.3642952863293	-10.6612661152192	-10.5858098549751	-9.61760039699769	-11.8144316222571	-12.3039215514653	-9.10582190987881	-10.5647106322558	-10.2080403403449	-12.9405210750549	-10.3517319069102	-10.4747118565833	-9.57267343282953	-9.8899281319633	-12.3747541550045	-10.946460783504	-10.761096021062	-10.7842341598527	-11.661323661438	-10.215162467027	-10.8915790264192	-9.84585920972687	-9.01511309072275	-10.1901898229782	-11.9934764025299	-10.0352555132582	-11.661323661438	-10.6226176907062	-8.98938463050781	-9.41904813168765	-13.0836689710501	-10.5880788923021	-12.0330335501954	-10.0145844758242	-10.6168621144177	-13.254158457247	-10.7004497829853	-10.9033194405458	-11.9521178213794	-12.9115841645203	-10.3755621628111	-10.2944095864102	-8.85772791327528	-10.9033194405458	-9.11714385663288	-10.6805057748531	-13.8329796095766	-10.4861248041551	-11.3288219766541	-9.96381821909666	-10.7291020054443	-12.0944356644983	-9.95754443012232	-12.1604002211415	-11.3779373211439	-10.7234762330152	-10.1359271189299	-13.0052340644074	-11.0225391489302	-11.4298856084811	-14.6655779699284	-10.1401264963718	-10.5307678896246	-12.1895282583722	-11.5206023445817	-11.1363669888112	-10.2850109762169	-11.2308995981484	-11.724674704132	-13.2211369735401	-10.1984686310079	-11.3382673818565	-11.8420551883817	-9.66805757166442	-11.7168860680634	-10.2846093326252	-13.103500498771	-11.3475954341776	-10.4721689956987	-11.3610825630742	-10.1689084542963	-11.9221638687003	-13.1929424698686	-10.4910801501388	-11.477509430735	-11.9971912858968	-13.1352839143897	-10.7637408246102	-10.4997210649455	-9.89741572456063	-11.9971912858968	-10.6457257563214	-13.5890372656378	-11.477509430735	-11.4408118476859	-11.062224010563	-12.3094422488951	-12.1939662927878	-10.0317761806249	-10.7917449957274	-11.4331839803683	-10.5692893109702	-10.5573333818276	-10.5123170126038	-10.0913052775863	-10.5097871258667	-12.283152801761	-9.91200424808222	-9.16819462428346	-12.271984501216	-9.91200424808222	-11.6936302075081	-11.0965750992442	-12.0318426866299	-14.3833579708741	-12.863477635281	-13.7039031287281	-11.46568443398	-13.3505054649967	-12.5615875742123	-11.3397039138758	-12.1240025106245	-10.3339038065011	-12.1891963326471	-10.8268232201744	-12.9895783798065	-12.4676622714097	-12.5400080271593	-13.6937800167438	-12.2879211928777	-14.6746734466853	-13.5234492188789	-11.965125336082	-12.5850884859309	-11.2471688250713	-12.5770389633158	-10.942217154095	-13.4146225105929	-13.7783083608608	-11.6681372906969	-10.8476657702382	-13.6372853935207	-11.965125336082	-10.2986253171941	-12.4794143926459	-14.4901227191708	-11.259784681077	-11.259784681077	-11.1382710022669	-13.5089788119948	-14.2295104897288	-11.5020131515827	-12.1664313923115	-13.7539602086082	-13.7539602086082	-10.9511283156438	-12.8933802973833	-12.1836704412893	-12.01729811796	-14.4680160689937	-11.0227452437417	-11.3003568858229	-9.85141002736919	-14.7470001529946	-13.7773252946091	-12.4904696757564	-11.0308938572364	-11.0308938572364	-11.5506411631324	-9.02699410214189	-10.6462399298689	-11.0409479472939	-10.5875883454237	-10.6027461338917	-11.0172177725796	-11.5553940747906	-11.9135518328704	-10.9375318561492	-12.2810879891649	-14.8442112844505	-11.3050463431404	-11.3050463431404	-11.3777281387657	-11.3777281387657	-11.3248417289657	-12.2291330489348	-11.3522976591925	-11.5077178053364	-10.6751751541615	-13.4458945578119	-10.8205917217001	-10.5533343908029	-10.9981336165973	-14.2060395066621	-11.5359032280227	-13.8392787727118	-9.70155664428065	-10.6188520272578	-11.3248417289657	-11.0409479472939	-10.6388417776734	-14.8442112844505	-11.6898864659998	-11.3266991021074	-12.4331422947369	-12.5619847086606	-14.8442112844505	-10.0872220069289	-11.1223332457396	-13.5957137736173	-13.2381305561341	-10.9112647754282	-10.9603801899771	-10.2103819861237	-15.8796087515899	-13.9172953135258	-13.9172953135258	-11.5670365427416	-10.2357551585777	-13.96636577135	-12.1970674084989	-11.916491726332	-9.59357246334796	-13.4732110113156	-12.200048534757	-10.6580437051305	-10.6381380223063	-10.9255716062522	-13.5851281849391	-10.7119233900125	-10.3630723038374	-10.8677088103104	-12.3083276796809	-11.2070421222327	-14.5740417826143	-12.2534169591042	-13.7317290329269	-10.5821158200685	-10.739743888278	-12.6815258102456	-12.3276037787832	-12.4095402168136	-13.9565918544685	-14.6351466047231	-14.3082785273364	-10.8627375514907	-10.5891815742048	-11.9688066832718	-11.0888452507899	-10.6255253762867	-13.9095860347821	-11.3768630762719	-11.4249032970857	-11.730839405828	-10.6686279663449	-10.611639820702	-13.4163166709647	-15.2601992801121	-16.2952739377743	-10.9291280759464	-12.6416481954167	-14.8442112844505	-12.8194665612658	-14.2054494598149	-13.6811085162269	-12.2770046171557	-12.3191215817742	-12.2809915247468	-12.6781626032321	-11.0792728547793	-10.8657684835766	-11.6536952966514	-11.6536952966514	-14.8003528224053	-12.139494777587	-10.5774584736018	-12.3928818117772	-11.0541419858396	-11.5612979303256	-12.5812164701325	-10.9596873471342	-10.9596873471342	-10.3090842909002	-13.0142035921162	-10.5975312174253	-12.2174964798699	-10.6815806332602	-14.3457221900318	-10.0689895489191	-10.9093271437652	-11.164020344853	-11.7496785446127	-10.6544726351154	-11.3941564207504	-10.9402883109749	-12.4262154156916	-12.1911991046083	-16.7349993708858	-10.9587440714805	-11.3941564207504	-10.9587440714805	-10.9587440714805	-12.32975293001	-12.4702017767285	-12.3970400305691	-12.4347152730403	-12.4347152730403	-12.0495220879458	-12.856816530578	-12.4798387427565	-11.0706479782279	-12.5997385701043	-13.9671588303903	-11.4390558068786	-13.9671588303903	-13.9671588303903	-11.6128719548861	-10.6296940357679	-14.777673072247	-9.91547123302851	-12.583144571514	-12.1562164532883	-10.982286417113	-10.6063003893711	-14.8442112844505	-15.7123912476597	-16.1209296765749	-14.4972022565511	-14.8442112844505	-11.6434142403906	-12.3994988385153	-10.7540922396698	-12.3158128862559	-10.0606028295544	-11.7788228470935	-14.4606166180918	-14.8098161836709	-10.3219926039276	-12.5151617507848	-11.8543424719827	-15.0634240979931	-14.9998437126514	-16.0576470547213	-13.909685461279	-14.833985629258	-14.833985629258	-16.0294278924131	-13.9301299147258	-14.2381201519957	-15.1236564898799	-19.2695261685767	-16.5658445552461	-15.5742256407054	-12.3614848249025	-11.4427108955094	-14.529586382432	-14.529586382432	-10.1084418333823	-16.0987696643763	-15.3521934990751	-12.9765100768228	-12.9765100768228	-11.1345308453323	-14.0478205032393	-14.0478205032393	-18.6355028494046	-19.2695261685767	-20.1645566089751	-12.5377268528973	-13.0348216906824	-10.7205298258392	-11.3588438449614	-11.3588438449614	-18.3503480158765	-12.7506243929776	-11.1579106478692	-10.8078536798718	-11.1579106478692	-15.4898006198945	-13.5206751089831	-20.1645566089751	-14.6731254149853	-12.9215831181601	-16.147025347061	-11.3604114321346	-13.0418421183602	-15.0769076735561	-16.5658445552461	-16.5658445552461	-12.0418421183602	-14.8050613311818	-10.3341400896784	-10.3341400896784	-9.96089950397413	-15.7349993708858	-12.2909667933993	-15.3955365851745	-16.1209296765749	-15.6901319514805	-16.7349993708858	-16.7349993708858	-14.2835446451922	-15.1349254916677	-16.6901319514805	-16.6901319514805	-15.3776393170668	-11.1456878232676	-11.1607181911057	-11.5579241235125	-19.2492537735504	-16.4640195462747	-16.1209296765749	-10.3548547542464	-12.9238405825649	-14.1034436366979	-12.7591090638525	-16.1209296765749	-12.9236565087775	-16.7349993708858	-11.241985246217	-15.6689399826532	-16.7349993708858	-15.7123912476597	-16.7349993708858	-10.6317154064482	-11.181090416739	-11.5996583650531	-15.2075462379123	-15.647336179792	-14.9629571373992	-16.1209296765749	-15.593156558695	-11.6130169810559	-15.1051694507593	-15.1051694507593	-16.7349993708858	-16.6901319514805	-16.6901319514805	-14.4901227191708	-12.887730213942	-12.887730213942	-15.6689399826532	-16.1209296765749	-10.673892186713	-16.7349993708858	-12.0418421183602	-15.757490149455	-16.0843328186304	-15.3776393170668	-16.6901319514805	-16.1209296765749	-11.0729959518555	-14.4813772893894	-14.8895103412863	-16.6901319514805	-15.1051694507593	-15.3776393170668	-9.88653720701199	-16.1209296765749	-9.84658374357601	-16.7349993708858	-15.2822997027322	-14.0368835107438	-14.9319631687535	-13.3255517812813	-19.2492537735504	-12.4230600546068	-10.4075863080296	-15.6628939893875	-11.5805171799263	-11.0883363987984	-12.9204139702476	-11.9342495889341	-12.4716444474375	-16.6901319514805	-11.6010157678304	-15.6901319514805	-12.6073112621297	-16.7349993708858	-11.9798508820739	-12.9907874376463	-12.924736185578	-13.0418421183602	-11.456879617639	-13.6446031484434	-12.8904175810275	-12.8904175810275	-12.8904175810275	-12.3961575097604	-19.2141209383264	-19.2141209383264	-13.9782729189332	-10.5306786855049	-16.1209296765749	-16.3797036854124	-17.7259835952355	-15.320960581438	-14.6523740885059	-12.8858300260242	-12.5360183361594	-16.6901319514805	-16.7349993708858	-15.3903937774248	-15.6813348302068	-14.4940680706747	-14.8737131846941	-14.8827932949468	-15.0764983508608	-9.95984497717868	-14.668575385971	-13.8827770294229	-9.81620602565385	-14.6901319514805	-10.1346954699434	-11.1607181911057	-10.7892484698267	-13.874942138826	-16.6901319514805	-16.117021281468	-9.17547089716401	-16.8187817721334	-9.7898240612239	-10.7747535877962	-11.9030719814041	-16.1908164509157	-15.6901319514805	-13.0418421183602	-16.1908164509157	-11.6202869405121	-11.6202869405121	-16.6901319514805	-11.6202869405121	-11.6202869405121	-16.3091963140067	-16.6901319514805	-16.6901319514805	-16.3091963140067	-14.777673072247	-16.5022911332239	-16.1324867079973	-11.6202869405121	-16.7349993708858	-12.808278405094	-11.9641440806542	-11.3541851040599	-12.8904175810275	-11.8395273659449	-16.6901319514805	-16.6901319514805	-16.6901319514805	-16.6901319514805	-11.686667004014	-13.8827770294229	-14.1051694507593	-13.5698064071455	-14.6901319514805	-14.6901319514805	-13.3373281335902	-14.6901319514805	-13.5566553008868	-14.9188621378666	-11.1449927031048	-15.1051694507593	-11.5368403472768	-12.7266914014166	-10.337686202125	-15.6901319514805	-15.6901319514805	-12.6253229571115	-12.6253229571115	-14.1802231038042	-15.6901319514805	-12.2249361562448	-14.9005667868361	-12.9311387571437	-12.9311387571437	-16.6901319514805	-15.6901319514805	-14.5483237772627	-12.4031861767115	-15.6901319514805	-15.6901319514805	-13.5549825506598	-15.6901319514805	-10.7537036194161	-11.1298155551429	-15.6901319514805	-13.8388684902801	-15.6901319514805	-15.6901319514805	-15.6901319514805	-12.7649057761731	-15.6901319514805	-15.6901319514805	-11.389931360343	-15.6901319514805	-15.3396369369084	-15.3396369369084	-15.3629985607776	-15.6901319514805	-15.6901319514805	-12.8222713610104	-15.6901319514805	-15.6901319514805	-16.6901319514805	-11.1607181911057	-16.6901319514805	-15.7123912476597	-16.6901319514805	-16.6901319514805	-16.6901319514805	-15.790798515692	-16.1908164509157	-15.7631680584299	-15.6628939893875	-16.6901319514805	-16.6901319514805	-16.6901319514805	-12.7903712765441	-16.6901319514805	-11.5729456867877	-16.6901319514805	-15.3776393170668	-19.8619938389547	-19.8619938389547	-16.6901319514805	-16.6901319514805	-18.2492537735504	-16.6901319514805	-16.4640195462747	-16.6901319514805	-16.6901319514805	-16.6901319514805	-10.9840563358745	-16.6901319514805	-11.5942215141143	-16.6901319514805	-16.6901319514805	-15.1002818442128	-16.6901319514805	-16.6901319514805	-12.6908935780292	-16.6901319514805	-16.6901319514805	-16.6901319514805	-16.6901319514805	-16.6901319514805	-14.2060395066621	-16.6901319514805	-16.6901319514805	-16.6901319514805	-16.6901319514805	-16.6901319514805	-16.6901319514805	-16.6901319514805	-11.1554278194359	-12.9067469872878	-16.6901319514805	-16.6901319514805	-15.6901319514805	-16.6901319514805	-16.6901319514805	-16.6901319514805	-16.6901319514805	-15.647336179792	-16.6901319514805	-16.6901319514805	-16.6901319514805	-12.9311387571437	-16.6901319514805	-16.6901319514805	-16.6901319514805	-16.840099687777	-12.7903712765441	-12.7288242154461	-15.6901319514805	-16.6901319514805	-11.7325312658779	-16.4640195462747	-15.3776393170668	-15.1051694507593	-16.6901319514805	-16.6901319514805	-16.6901319514805	-16.6901319514805	-16.6901319514805	-16.6901319514805	-16.6901319514805	-16.6901319514805	-9.82158523957459	-16.6901319514805	-16.6901319514805	-16.6901319514805	-16.6901319514805	-16.4640195462747	-16.6901319514805	-12.9246357164343	-12.7903712765441	-12.7903712765441	-16.6901319514805	-16.6901319514805	-16.6901319514805	-12.9311387571437	-19.8619938389547	-16.6901319514805	-11.5792382240995	-16.6901319514805	-16.6901319514805	-16.6901319514805	-16.6901319514805	-16.6901319514805	-16.6901319514805	-16.6901319514805	-15.647336179792	-11.5274678264065	-14.7055564828013	-16.6901319514805	-16.6901319514805	-14.9022474240157	-12.9416981666544	-16.6901319514805	-17.8476995036352	-12.8447102169689	-16.6901319514805	-9.73638655260455	-16.0222434990945	-11.1101188949688	-16.6901319514805	-16.6901319514805	-16.6901319514805	-15.7123912476597	-16.6901319514805	-16.6901319514805	-16.6901319514805	-16.6901319514805	-11.6202869405121	-16.6901319514805	-16.6901319514805	-16.6901319514805	-16.4640195462747	-16.6901319514805	-12.3961575097604	-12.5287716744495	-16.6901319514805	-16.6901319514805	-16.6901319514805	-11.1607181911057	-16.6901319514805	-15.6901319514805	-10.8080756797313	-16.6901319514805	-16.6901319514805	-16.6901319514805	-16.6901319514805	-11.5735592665759	-15.3776393170668	-16.6901319514805	-16.6901319514805	-16.6901319514805	-16.6901319514805	-12.8800794911647	-11.6820812106721	-12.9311387571437	-12.6885246026005	-12.7903712765441	-16.6901319514805	-11.3862517611135	-12.9416981666544	-17.9640236216024	-16.4640195462747	-16.6901319514805	-16.6057734044535	-11.5579241235125	-16.6901319514805	-16.6901319514805	-12.8334825317276	-16.6901319514805	-16.6901319514805	-16.6901319514805	-15.3903937774248	-16.6901319514805	-16.6901319514805	-16.6901319514805	-16.6901319514805	-16.6901319514805	-16.6901319514805	-16.6901319514805	-16.6901319514805	-16.6901319514805	-16.6901319514805	-16.6901319514805	-16.6901319514805	-15.647336179792	-16.6901319514805	-16.6901319514805	-12.8189373774877	-15.1199707566055	-16.6901319514805	-16.6901319514805	-16.6901319514805	-16.4640195462747	-15.820587826898	-12.7903712765441	-12.9311387571437	-16.6901319514805	-16.6901319514805	-16.6901319514805	-16.6901319514805	-16.4640195462747	-11.1007145246974	-11.0561651298362	-12.1069258306864	-16.6901319514805	-16.6901319514805	-16.6901319514805	-16.6901319514805	-16.6901319514805	-16.6901319514805	-16.6901319514805	-16.6901319514805	-14.2754930103385	-12.8253004299478	-16.6901319514805	-16.6901319514805	-16.6901319514805	-16.6901319514805	-16.6901319514805	-12.887730213942	-15.647336179792	-16.6901319514805	-14.3546503017539	-11.1607181911057	-10.1235796076502	-16.6901319514805	-16.6901319514805	-16.6901319514805	-10.8209267140161	-19.2492537735504	-19.2492537735504	-19.2492537735504	-19.2492537735504	-19.2492537735504	-16.4640195462747	-16.3915967559449	-19.2492537735504	-19.2492537735504	-9.90050297768584	-10.4305289275734	-19.2492537735504	-19.2492537735504	-19.2492537735504	-14.3943535062778	-16.5022911332239	-12.9068462183112	-19.2492537735504	-19.2492537735504	-19.2492537735504	-19.2492537735504	-19.2492537735504	-19.2492537735504	-11.7591314578936	-11.9491811428518	-19.2492537735504	-14.3486396734141	-14.1969511226731	-16.3790611208813	-16.2518563257571	-13.4219310117388	-14.6056660171267	-17.8368188264783	-14.5454628459097	-16.7855583285939	-15.3487295357606	-16.7349993708858	-12.9416981666544	-12.9416981666544	-16.840099687777	-17.9640236216024	-11.3984403980191	-17.9640236216024	-12.3984113309403	-12.7352416413711	-17.9640236216024	-12.7869426903904	-17.9640236216024	-17.9640236216024	-16.2224125478646	-16.840099687777	-17.9640236216024	-15.5503633969302	-15.7181842808245	-16.6868338414804	-8.60202336163267	-10.694575693123	-10.9204891012664	-9.90403731217965	-10.3910399645089	-9.9329711892227	-11.9641440806542	-11.1922972799493	-11.6638929091447	-11.1922972799493	-11.1023139676627	-11.1922972799493	-11.1922972799493	-11.1922972799493	-11.7238440468264	-12.8904175810275	-11.6030710180616	-11.6638929091447	-21.4034953391915	-21.4034953391915	-11.9641440806542	-11.7287547763033	-11.6638929091447	-12.149655193157	-12.4716444474375	-11.1922972799493	-11.1922972799493	-11.1922972799493	-11.1922972799493	-11.1922972799493	-10.8374688852205	-10.8725337268018	-10.4089105789631	-13.3002944263783	-15.0208109037323	-15.6057734044535	-12.816426401901	-15.6057734044535	-15.6057734044535	-14.6689399826532	-14.6689399826532	-15.6057734044535	-15.6057734044535	-11.4167787925599	-11.4167787925599	-12.5944678970097	-16.6057734044535	-16.6057734044535	-16.6057734044535	-14.8442112844505	-16.6057734044535	-11.8320371028201	-12.6298953629238	-10.5928239212779	-12.8904175810275	-12.8904175810275	-12.8904175810275	-12.4716444474375	-17.2861238039285	-17.7259835952355	-17.7259835952355	-11.8852392760073	-11.4498591899613	-11.4498591899613	-11.4498591899613	-11.4498591899613	-13.0348216906824	-13.0348216906824	-13.0348216906824	-13.0348216906824	-13.0348216906824	-13.0064120169162	-13.0348216906824	-13.0348216906824	-13.0348216906824	-11.7238440468264	-11.7238440468264	-12.8992911397453	-13.0348216906824	-11.1458366468969	-15.3955365851745	-16.1209296765749	-11.586750161505	-16.3091963140067	-16.1209296765749	-16.1209296765749	-16.1209296765749	-16.1209296765749	-16.1209296765749	-16.6901319514805	-16.6901319514805	-16.7349993708858	-19.4034953391915	-11.8904175810275	-12.7443599734088	-11.6638929091447	-12.8904175810275	-21.4034953391915	-12.8904175810275	-16.1209296765749	-12.8904175810275	-12.8904175810275	-12.8904175810275	-12.8904175810275	-12.5569926793169	-13.0418421183602	-13.0418421183602	-11.726990681667	-13.0302654041878	-13.0374627972979	-19.9974466231399	-12.8992911397453	-12.0418421183602	-13.0418421183602	-13.0418421183602	-12.8904175810275	-12.4716444474375	-12.4716444474375	-12.4716444474375	-20.4691878803815	-16.3091963140067	-14.8442112844505	-20.1645566089751	-21.5380150045026	-16.3091963140067	-16.6901319514805	-16.7349993708858	-16.7349993708858	-19.0815672443041	-19.4034953391915	-16.7349993708858	-21.4034953391915	-16.1209296765749	-14.8442112844505	-16.7349993708858	-16.7349993708858	-16.7349993708858	-17.7259835952355	-15.6901319514805	-16.6901319514805	-16.6901319514805	-20.1645566089751	-18.6868338414804	-14.8303421407599	-19.2492537735504	-13.0348216906824	-13.0348216906824	-16.7349993708858	-16.3091963140067	-13.0418421183602	-16.3091963140067	-16.3091963140067	-20.4691878803815	-21.5380150045026	-14.8442112844505	-14.8442112844505	-17.7259835952355	-13.0418421183602	-13.0418421183602	-21.4034953391915	-19.9974466231399	-16.6901319514805
Plate1_3893R_RL_M_S5_week10_S64_L001	-6.61641696639458	-6.28701451487355	-6.46692047701215	-6.91956437521298	-6.6208975013715	-7.35210246544593	-7.96488698424014	-7.10002567507106	-6.37694265382191	-7.6152553894966	-7.35179775877592	-8.39247232390377	-8.76705917019557	-8.30532420552467	-8.97867274061267	-7.8243371029544	-7.45451397479436	-7.52081367701568	-8.23602665604187	-8.18448449303563	-9.65000381291245	-9.69568367817011	-8.67647617982595	-8.05176562030003	-9.00728540790242	-8.72206224808558	-8.45632052283729	-9.14670175900581	-9.14670175900581	-8.07866470975309	-10.1392401136346	-9.36768270671056	-9.97766461288838	-10.1392401136346	-8.41819025733412	-8.99614966345142	-9.42999290638228	-9.17613028212688	-9.41381497931385	-8.92476063034575	-9.49579241663059	-9.73819315937348	-9.09021840620466	-9.14063741592805	-8.87318050098838	-9.80186411640914	-10.3150394676236	-10.3140009731926	-8.90083796673652	-9.19224931549623	-9.90187481121506	-9.57105888323216	-9.16647479379359	-8.69593556488705	-8.6790772190835	-9.09049765809377	-8.67349685362323	-8.89387385855485	-8.7880677557834	-9.05146575022426	-8.9725200153614	-9.33012572299373	-8.73362012581764	-8.73362012581764	-9.62586173031587	-8.5854461338123	-8.62671735163478	-10.7822731686813	-9.54552240989647	-8.70407898361709	-9.06962368625619	-9.53753855448714	-9.14920885371737	-9.60347298677751	-8.64310099776422	-8.78288644159487	-9.19635168559556	-11.2637521975787	-8.18563833656971	-9.10443869172925	-9.43556535166386	-10.2119286602919	-9.43902208045083	-9.43902208045083	-9.4011237202572	-9.07095963140218	-8.16303614109912	-9.81765918305361	-9.44237436162722	-8.89387385855485	-8.77582291412346	-9.13075389843196	-9.15388234772371	-8.11768148844685	-8.20324406674824	-10.2091636014185	-9.44117830049037	-8.92543910501436	-8.511612471869	-9.57166817581258	-8.84503280957792	-8.90205035864511	-9.14523641257018	-8.42560726616485	-9.38761003590406	-9.02827077002888	-9.79056517110355	-9.91025485166683	-9.76721313351266	-10.172688778916	-11.3150394676236	-10.7997565760602	-15.0497692327117	-11.3105181595272	-11.2621258409933	-8.33112471396402	-9.71630817304236	-8.95836560314623	-9.20934802145438	-10.740279661073	-10.740279661073	-10.1309010132003	-10.1073980234866	-10.1073980234866	-9.87695501417556	-9.80111306866608	-9.66363964715689	-8.89578141902705	-9.38777531528958	-11.2593244855379	-9.56498798756313	-9.55958538542266	-11.2621669269554	-9.27845497331418	-9.65072637872755	-9.88377303726549	-9.90083796673652	-9.90083796673652	-9.90083796673652	-10.137575028183	-11.2637521975787	-9.90083796673652	-10.064081251781	-8.81502499320818	-8.81502499320818	-9.9339227817814	-9.36345084640838	-9.36404322148601	-9.87755383479682	-10.0716187861134	-9.55360411974172	-9.91419281651202	-10.8908179658716	-10.064081251781	-9.90577389057192	-8.86599167537675	-10.8908179658716	-10.2479760658116	-9.7064241251239	-9.85115413523339	-9.4395925950885	-10.9581633079767	-9.43950039741482	-9.44117830049037	-9.78025195118577	-9.88760560813663	-9.43923472683569	-9.37387072603937	-9.752654081012	-10.2479760658116	-10.4720428156369	-9.52864155055875	-10.172688778916	-9.90083796673652	-8.880272792448	-9.78083401435572	-9.78083401435572	-10.1965369287356	-9.35562132839579	-10.200866855237	-8.85042428386719	-9.59159705984701	-9.60063240800626	-9.90754311632677	-9.85299004948143	-9.56985537204494	-8.89825858913103	-9.90083796673652	-9.84264097104215	-9.90577389057192	-11.1443380397068	-10.1838507586713	-10.546314866333	-9.48892025063553	-9.85115413523339	-9.02029004935784	-9.21361606518869	-9.90083796673652	-9.5883539200106	-9.32483869998464	-10.1926836217567	-9.28546587739527	-10.9416760361017	-11.1800638907599	-10.0815492149319	-9.15525516220704	-9.29505182618533	-9.90404489649058	-9.50333091864193	-9.90083796673652	-9.88952720588423	-9.90083796673652	-10.0042300422072	-9.85115413523339	-9.37699487695857	-10.3928092889343	-10.3928092889343	-10.597413460826	-9.75858831655998	-9.88137975884567	-9.93285652417063	-9.71618944707771	-9.92364780982425	-9.92364780982425	-10.1750317579162	-9.90083796673652	-9.7064241251239	-9.90083796673652	-10.0559372490234	-9.76929187948378	-9.00395733563957	-10.0482750674817	-10.0364320280583	-9.71317532362083	-10.1965369287356	-10.1965369287356	-10.1965369287356	-11.3150394676236	-10.3922120116962	-9.690725141933	-10.1965369287356	-9.62920115434151	-9.63221060426149	-9.92364780982425	-9.90326377026367	-11.1255430635069	-9.86008215583019	-11.2637521975787	-10.6536556346082	-10.122126206786	-10.1553797573356	-9.90083796673652	-10.1965369287356	-10.0463666928704	-9.50858898690531	-10.3944393568491	-8.62845080613639	-9.90326377026367	-9.59936586427755	-10.1459765996439	-10.0426126340268	-10.8771595095273	-9.71110747259373	-9.1752940701722	-9.71782256605749	-10.1965369287356	-9.7542026171957	-9.87635939002694	-9.02188810042213	-9.90326377026367	-8.71588388258656	-9.49039343469889	-10.5640751998077	-9.39019363993709	-10.1965369287356	-9.51792837459135	-9.51792837459135	-11.3150394676236	-9.90256311945351	-9.57863204015382	-9.87629158702677	-9.63284711404374	-10.3056033736151	-10.1701267306267	-9.74441689891731	-9.74441689891731	-9.88760560813663	-9.39019363993709	-9.92231112250976	-10.9455307148838	-10.1296472089516	-9.8807714629159	-9.86760091299405	-9.83776104257668	-9.90326377026367	-9.69292663977703	-11.2621258409933	-10.127435204083	-10.127435204083	-10.9366979255352	-12.9173376009481	-9.42319026531653	-10.3150394676236	-9.05336533284009	-9.71003174902001	-10.449370608215	-10.1852572714079	-10.2567447172158	-9.86004426195735	-9.16415285695938	-9.58215386553573	-10.2891679391884	-10.6259765548783	-9.63278154139183	-9.90326377026367	-10.511685736189	-9.90496676879806	-9.91497988420251	-11.3150394676236	-11.3150394676236	-9.79724739889263	-11.2637521975787	-10.7290562182344	-9.53062750156651	-9.69038475448544	-11.3150394676236	-9.90083796673652	-9.38898397089733	-9.90326377026367	-10.7941799404519	-11.3150394676236	-9.13477064886923	-9.7921327148456	-9.90326377026367	-9.90083796673652	-9.90083796673652	-10.9144753042306	-9.90083796673652	-10.9179605035736	-10.0974055194904	-9.05772182467712	-9.60235266284359	-9.28571773702873	-9.90326377026367	-9.91607543009976	-11.2637521975787	-10.3962220214135	-11.3150394676236	-9.69052729275439	-10.0211600126409	-9.99342146828822	-10.3620714177481	-9.68882121384279	-10.0889681346941	-9.92018735386482	-9.95647740518301	-10.2578733583401	-10.074871723273	-9.71822849284179	-9.90326377026367	-9.88316373161292	-8.58764945106495	-9.7412439559048	-10.5289991290082	-9.08833401479429	-10.5289991290082	-9.90326377026367	-9.66151368448296	-9.56790517758469	-9.38785165834766	-10.9019238223083	-11.2552808470736	-10.1965369287356	-11.2142257532028	-10.8751610240458	-10.1468546577476	-11.2637521975787	-10.2457693549884	-9.69559871425736	-9.81177623855289	-9.18987761966057	-10.172688778916	-9.08751815206023	-9.88209485911696	-9.68627448607689	-9.83771703352878	-10.3420210906146	-10.1883976684767	-9.63736385195464	-9.88215208245399	-10.0448175119443	-9.7669471243837	-9.87991909714842	-9.87312804452932	-10.8289145224621	-10.3962220214135	-9.46027694844861	-10.1965369287356	-9.65385354434697	-10.3962220214135	-9.9068845462807	-9.90326377026367	-9.67889681468542	-10.6089423648372	-9.92231112250976	-9.54032830907212	-9.7453498634523	-9.94573897944969	-9.67626402206108	-9.6975202946801	-11.1720686473521	-10.2744215312037	-10.1459765996439	-10.0774902091706	-9.92952686290332	-10.083433266929	-9.90326377026367	-10.486630783478	-10.486630783478	-10.5224747370598	-11.2637521975787	-11.2637521975787	-10.8383093547828	-9.92700767874812	-9.79251281350347	-9.77445335568506	-10.127435204083	-9.82510081606623	-10.905553265865	-10.0186503843884	-9.72359020984427	-10.3266669155671	-9.5912558849751	-9.46365911069193	-11.2800394035474	-10.127435204083	-9.72325170121637	-9.90083796673652	-9.5578034508574	-10.1104553206486	-10.1104553206486	-9.89000924552568	-9.72103876975324	-9.83521932974959	-9.91650680865092	-9.92540047167278	-9.90083796673652	-10.3887344494699	-9.00612376783365	-9.48959051319152	-9.72351684483616	-9.72351684483616	-9.90083796673652	-9.80389436772692	-11.1009651828334	-9.919004670804	-10.1624917370843	-10.5999831755876	-11.2800394035474	-10.5704220260198	-9.72642778849651	-9.90326377026367	-10.1079898113028	-10.7014172843618	-9.90326377026367	-10.3680142759465	-10.0496595267391	-9.90231797203757	-9.44321474215803	-9.86385709429479	-9.90083796673652	-9.90326377026367	-9.61200961805015	-9.61200961805015	-10.1965369287356	-10.8203478164364	-11.245868375009	-9.86831898645634	-9.76807617883377	-10.0752382509044	-10.0752382509044	-10.820720294882	-9.7125497447175	-10.1965369287356	-9.66608553799472	-8.06239974728346	-10.1462147245334	-9.90083796673652	-9.90083796673652	-9.85115413523339	-9.84696444894404	-11.3150394676236	-9.50129957127213	-9.86772105549163	-9.49966988982074	-10.9416760361017	-10.1935648699479	-9.77741396645823	-10.1928794081738	-9.84646577581542	-9.98143287591645	-10.0896708874701	-10.0896708874701	-9.89911487446721	-9.88412372686976	-9.76865334931452	-9.63675364475697	-9.87295647130302	-9.69050569514173	-9.36014146883252	-8.57416689706629	-11.2637521975787	-10.1514444149166	-9.7607970603214	-9.90083796673652	-10.9416760361017	-9.90083796673652	-9.8282737687256	-9.80126044844326	-9.84415276298265	-10.0463666928704	-10.7829730206316	-10.3551734474536	-9.90326377026367	-9.87682918528806	-9.90326377026367	-10.1719444117962	-9.27180883317073	-11.2637521975787	-10.024580868654	-10.8771595095273	-10.7246194810229	-9.72200088071355	-9.35866017874435	-9.90326377026367	-8.59605668306386	-10.1750317579162	-9.7536086346816	-10.1965369287356	-9.854550479756	-9.42282424296303	-9.52068042937608	-8.21692463533414	-10.6881569415352	-10.8909966400891	-8.78761259030153	-10.1459872611119	-10.225783930053	-9.97595472723853	-11.0246407650708	-10.8380547895182	-9.57434383486784	-11.4636842097577	-10.1885965344333	-10.1870916906779	-11.4097209943753	-10.7395144089851	-10.7293277556304	-9.79298204897307	-11.7650300302627	-12.1364978123824	-9.1110616612853	-10.6519219273773	-10.0983599409363	-12.7439022325327	-10.3909522164959	-10.5584765426732	-9.62004079871999	-9.71147995797701	-12.1264496723654	-10.8687617322698	-10.823656217523	-10.8488239585654	-11.8539427464231	-10.1955189986779	-10.9820280421311	-9.88182455886412	-9.04871462778755	-10.0491786919081	-12.0983450411527	-10.0388716178581	-11.8539427464231	-10.5991023098252	-8.99891191179119	-9.36989737604243	-12.8230897686565	-10.4995457702248	-11.8824115891734	-9.97610003612244	-10.7486289928724	-13.1448019516233	-10.5834743633197	-10.7760795646688	-11.9324437271166	-12.769253559703	-10.3305551235628	-10.3034296719518	-8.88237211746083	-10.7760795646688	-9.23764056481261	-10.5921924943592	-13.5861816724025	-10.4523295064172	-11.391697848683	-10.0014538516397	-10.7144316875196	-12.1102218694254	-9.88926046716317	-12.2488777609722	-11.2374682695984	-10.6665876196324	-10.2223101159907	-12.8097264279658	-10.9200799813163	-11.4931574556371	-14.4534681471017	-10.1454152069787	-10.6326238472164	-12.2211477944305	-11.3465116860519	-10.9541295726284	-10.2836838895297	-11.1927802879794	-11.7303433679817	-13.1220201792563	-10.1740929017422	-11.4187804994022	-11.8353931591312	-9.65017181918258	-11.6285645955687	-10.2803709313063	-12.8936654886131	-11.4124371521656	-10.459648873859	-11.4329296309437	-10.0628181924382	-11.9267135684348	-12.9738903956282	-10.4791661326395	-11.5277452909221	-11.9649350487539	-12.9075119881079	-10.6803381084218	-10.4756216636409	-9.81999622452046	-11.9649350487539	-10.6529501178425	-13.4249707449663	-11.5277452909221	-11.5860595253388	-11.1603460842369	-12.3792594071887	-12.3304918496197	-9.97052876970041	-10.9321576994305	-11.5210805933086	-10.674972927886	-10.5150538033981	-10.6028858870751	-10.1371534643529	-10.4609583467075	-12.3359516850176	-9.94339516117192	-9.21836315840418	-12.3612859257053	-9.94339516117192	-11.3890035980089	-11.2406903746479	-11.670297049163	-14.199831110599	-12.573801135008	-13.6142916052907	-11.3314075728964	-13.1553988350516	-12.5835032401616	-11.1967381469092	-12.1257953613345	-10.3683182813699	-12.2307138759914	-10.9619705858275	-12.7708309860885	-12.4861163411355	-12.63328959984	-13.4193931756341	-12.3596750108703	-14.5482517291366	-13.2107325431647	-11.8644612224501	-12.6941031285568	-11.1148772182116	-12.7121322581352	-10.8559333493353	-13.221697002634	-13.581034754212	-11.4840035030433	-10.5841418869467	-13.4236145368216	-11.8644612224501	-10.322929766266	-12.5632207269823	-14.263238142686	-11.13788244707	-11.13788244707	-11.2977359486711	-13.3115700931631	-14.0206668604345	-11.5779598688265	-12.2644618942598	-13.5136882078185	-13.5136882078185	-10.8916857356665	-12.4807937202982	-12.0546134683229	-12.0516188675817	-14.3031548869871	-10.9383362392892	-11.162851254399	-9.95676102285413	-14.668202941748	-13.6562347993718	-12.5779055333408	-11.1720155745436	-11.1720155745436	-11.6589571913143	-8.97965412708395	-10.4686654102941	-10.9718941090852	-10.5496144098652	-10.5768863232342	-10.8937172053135	-11.734231312323	-11.5656620636312	-11.0216859377133	-12.316665279922	-14.7357708866403	-11.5065251322469	-11.5065251322469	-11.2392641793553	-11.2392641793553	-11.1890504907226	-12.2931661340817	-11.1387567698781	-11.7303824442769	-10.6544036233473	-13.2871808276504	-11.0089353605729	-10.4888466309059	-10.9020718659244	-13.9078815535339	-11.5742123249718	-13.5859245327202	-9.68657944260156	-10.5886074681666	-11.1890504907226	-10.9718941090852	-10.608767663207	-14.7357708866403	-11.8897959776705	-11.1450552726213	-12.5283504560175	-12.6693739052552	-14.7357708866403	-10.1248739871278	-11.0209405716799	-13.3747658234367	-13.0109684994269	-10.8484884915807	-10.8967757634346	-9.99645453892739	-15.6509936517158	-13.7953184413217	-13.7953184413217	-11.6707400954561	-10.1056667371299	-13.666190017745	-12.2588811797723	-12.0993081128057	-9.35146289479223	-13.39497420652	-12.2394082520865	-10.6397121845166	-10.6076008071479	-10.8670735764766	-13.3629647295302	-10.6755849847922	-10.3707900108672	-10.7814043513641	-12.3260668712837	-11.2577824713246	-14.4790258578334	-12.2446450659033	-13.5144832462459	-10.5569038583544	-10.7094092820327	-12.8939121541567	-12.3673719297447	-12.4952988436157	-13.7900069365959	-14.4450019045617	-14.2624571298802	-10.7837469363977	-10.5621185717476	-12.1816828416447	-11.2623415553491	-10.6055419365616	-13.6458786824348	-11.239261651892	-11.2907831753755	-11.9524918824285	-10.6986553591102	-10.5832963022325	-13.2290565581286	-15.0445657338608	-15.9288439158512	-10.883916266383	-12.787055496873	-14.7357708866403	-12.9937678737427	-13.9393993700374	-13.4746513603871	-12.3506640432957	-12.331946505285	-12.3270496244657	-12.8333085876189	-11.1395962411692	-10.7366518913122	-11.7459153182388	-11.7459153182388	-14.6763649642036	-11.7784318761119	-10.5389121474922	-12.475276327564	-11.0176009355453	-11.5735748711443	-12.8388511732512	-10.9111192956296	-10.9111192956296	-10.3304030015329	-13.2492441959058	-10.5695907978197	-12.2716918608402	-10.6541424570896	-14.250608966715	-10.046399860434	-10.8503769914249	-11.3187068015258	-11.9109864253857	-10.6466192968369	-11.2696125001896	-10.891850611354	-12.4882713244652	-12.2244211679713	-16.6772686253925	-10.9093889144911	-11.2696125001896	-10.9093889144911	-10.9093889144911	-12.4033549655423	-12.5840552197992	-12.5019119347734	-12.5358930538615	-12.5358930538615	-12.1296413526103	-13.0325580504468	-12.5359178893761	-10.9591412441217	-12.7163970040427	-13.7015913862194	-11.2821729138887	-13.7015913862194	-13.7015913862194	-11.7758229141235	-10.6101642347478	-14.6873843549516	-9.86658059353482	-12.7307306252693	-12.2056665617375	-10.9197660131104	-10.5794117035123	-14.7357708866403	-15.3619517092037	-16.0586263697729	-14.3128887495312	-14.7357708866403	-11.7715764818403	-12.47992743591	-10.9136138895525	-12.3543273730795	-10.0858003187256	-11.9082833624882	-14.3796493624102	-14.7878759680488	-10.4703464499404	-12.2689596053282	-12.0427118804095	-15.0364265381402	-14.9566997234696	-16.0102092407222	-13.7764903005321	-14.6262458915076	-14.6262458915076	-15.6231820584799	-13.7590638579004	-14.0831497083429	-15.1664585728994	-19.7361988379088	-16.0470412499201	-15.0463335260693	-12.3762436019546	-11.3186961193864	-14.4563326414106	-14.4563326414106	-10.0558760391017	-15.773778673587	-14.9710334064371	-13.2039292310279	-13.2039292310279	-11.0678748337802	-13.9083315870838	-13.9083315870838	-19.0713127928907	-19.7361988379088	-20.7545773672237	-12.5604077095517	-13.1481958828676	-10.7146126378524	-11.5358061329272	-11.5358061329272	-18.2787608101566	-12.7938179628743	-11.085260720619	-10.7974474143264	-11.085260720619	-15.5014511221918	-13.280143404055	-20.7545773672237	-14.487862891018	-13.0843296785576	-15.8746328803973	-11.4697147185484	-13.282381230262	-14.6642070434826	-16.0470412499201	-16.0470412499201	-12.282381230262	-14.6994618233926	-10.24229399863	-10.24229399863	-9.94878286420503	-15.6772686253925	-11.8955802423048	-15.3350384757099	-16.0586263697729	-15.1033416470834	-16.6772686253925	-16.6772686253925	-13.7751704940395	-14.8746328803973	-16.1033416470834	-16.1033416470834	-15.0808107756986	-11.0856310335939	-11.0870336319398	-11.4230086779144	-19.6095270344204	-15.9816495598803	-16.0586263697729	-10.2542372286985	-13.0228231997028	-13.9355773983698	-12.7996205310368	-16.0586263697729	-13.135279115208	-16.6772686253925	-11.2885479804201	-15.6700006249285	-16.6772686253925	-15.3619517092037	-16.6772686253925	-10.6491422482392	-11.1496440502029	-11.4804023343132	-15.2285246112793	-15.3561077174633	-14.6918877298592	-16.0586263697729	-15.2879335163065	-11.4770962257325	-14.5183791463622	-14.5183791463622	-16.6772686253925	-16.1033416470834	-16.1033416470834	-14.263238142686	-13.0362860033481	-13.0362860033481	-15.6700006249285	-16.0586263697729	-10.6699018303832	-16.6772686253925	-12.282381230262	-15.5008207749779	-16.0141479177539	-15.0808107756986	-16.1033416470834	-16.0586263697729	-11.0038660870782	-14.1806583467968	-14.5033195369504	-16.1033416470834	-14.5183791463622	-15.0808107756986	-9.79116252680743	-16.0586263697729	-9.73505167957031	-16.6772686253925	-15.0196246263914	-14.0245471099513	-14.9598282764718	-13.2128949544035	-19.6095270344204	-12.4109759412084	-10.451049791862	-15.080231161864	-11.4622439347313	-11.0436208537248	-13.0759997982706	-12.1141794639284	-12.0636034190567	-16.1033416470834	-11.4620699005077	-15.1033416470834	-12.7226729735977	-16.6772686253925	-12.1755032288634	-13.2133020087863	-13.1500954157831	-13.282381230262	-11.6974187295409	-13.3753212017199	-13.2630120165473	-13.2630120165473	-13.2630120165473	-11.9784480653804	-18.7212108434032	-18.7212108434032	-13.9281103628077	-10.5586074143116	-16.0586263697729	-16.3437075021601	-17.1033416470834	-14.8389277717827	-14.3221532470369	-13.1021919976155	-12.6458920838425	-16.1033416470834	-16.6772686253925	-14.8460538747442	-15.160166626252	-14.1973738862483	-14.4855586109519	-14.3281835758021	-14.6818778786451	-9.88507052050984	-14.2241960419577	-13.2959867250258	-9.70926924208504	-14.1033416470834	-10.0578705925714	-11.0870336319398	-10.8433640131175	-13.2893458668497	-16.1033416470834	-15.5183791463622	-9.1167913995234	-16.9353808325216	-9.90192382230828	-10.8231825828333	-12.107926352647	-15.7090627079713	-15.1033416470834	-13.282381230262	-15.7090627079713	-11.4822466607842	-11.4822466607842	-16.1033416470834	-11.4822466607842	-11.4822466607842	-16.0723930587899	-16.1033416470834	-16.1033416470834	-16.0723930587899	-14.6873843549516	-16.4996577801218	-15.9531799004625	-11.4822466607842	-16.6772686253925	-12.9491641893323	-12.2726641179538	-11.684477069693	-13.2630120165473	-12.1656513632371	-16.1033416470834	-16.1033416470834	-16.1033416470834	-16.1033416470834	-11.7019396529781	-13.2959867250258	-13.5183791463622	-13.164662186477	-14.1033416470834	-14.1033416470834	-12.9799592315781	-14.1033416470834	-13.3773668368351	-14.3746436689008	-11.0338332419476	-14.5183791463622	-11.3695169631752	-12.6763923395614	-10.2248465018689	-15.1033416470834	-15.1033416470834	-12.7126655397073	-12.7126655397073	-13.8808177908595	-15.1033416470834	-11.8137630976757	-14.4380463411676	-13.0914298388402	-13.0914298388402	-16.1033416470834	-15.1033416470834	-14.1624462046166	-12.5497115695942	-15.1033416470834	-15.1033416470834	-13.3586423328755	-15.1033416470834	-10.7600154110836	-11.043130995978	-15.1033416470834	-13.5887684742536	-15.1033416470834	-15.1033416470834	-15.1033416470834	-12.9039337104059	-15.1033416470834	-15.1033416470834	-10.9748138241454	-15.1033416470834	-15.0624849917961	-15.0624849917961	-14.9244481819192	-15.1033416470834	-15.1033416470834	-12.8171846832178	-15.1033416470834	-15.1033416470834	-16.1033416470834	-11.0870336319398	-16.1033416470834	-15.3619517092037	-16.1033416470834	-16.1033416470834	-16.1033416470834	-15.3714047968752	-15.7090627079713	-15.2439399772562	-15.080231161864	-16.1033416470834	-16.1033416470834	-16.1033416470834	-13.0744477951498	-16.1033416470834	-11.4614594718455	-16.1033416470834	-15.0808107756986	-19.3079817994422	-19.3079817994422	-16.1033416470834	-16.1033416470834	-18.6095270344204	-16.1033416470834	-15.9816495598803	-16.1033416470834	-16.1033416470834	-16.1033416470834	-10.7438376880343	-16.1033416470834	-11.3729456819031	-16.1033416470834	-16.1033416470834	-14.4974313237507	-16.1033416470834	-16.1033416470834	-12.8150433579111	-16.1033416470834	-16.1033416470834	-16.1033416470834	-16.1033416470834	-16.1033416470834	-13.9078815535339	-16.1033416470834	-16.1033416470834	-16.1033416470834	-16.1033416470834	-16.1033416470834	-16.1033416470834	-16.1033416470834	-11.0831156850575	-12.9587874460098	-16.1033416470834	-16.1033416470834	-15.1033416470834	-16.1033416470834	-16.1033416470834	-16.1033416470834	-16.1033416470834	-15.3561077174633	-16.1033416470834	-16.1033416470834	-16.1033416470834	-13.0914298388402	-16.1033416470834	-16.1033416470834	-16.1033416470834	-16.3997346498636	-13.0744477951498	-12.7672550435327	-15.1033416470834	-16.1033416470834	-11.8212158213516	-15.9816495598803	-15.0808107756986	-14.5183791463622	-16.1033416470834	-16.1033416470834	-16.1033416470834	-16.1033416470834	-16.1033416470834	-16.1033416470834	-16.1033416470834	-16.1033416470834	-9.41911829804136	-16.1033416470834	-16.1033416470834	-16.1033416470834	-16.1033416470834	-15.9816495598803	-16.1033416470834	-12.973217653699	-13.0744477951498	-13.0744477951498	-16.1033416470834	-16.1033416470834	-16.1033416470834	-13.0914298388402	-19.3079817994422	-16.1033416470834	-11.4433908839345	-16.1033416470834	-16.1033416470834	-16.1033416470834	-16.1033416470834	-16.1033416470834	-16.1033416470834	-16.1033416470834	-15.3561077174633	-11.3359462797118	-14.5067228665102	-16.1033416470834	-16.1033416470834	-14.6686385380801	-13.1250339300456	-16.1033416470834	-17.5846523657814	-13.1926089851804	-16.1033416470834	-9.6548333868619	-15.437280721068	-11.0241398897798	-16.1033416470834	-16.1033416470834	-16.1033416470834	-15.3619517092037	-16.1033416470834	-16.1033416470834	-16.1033416470834	-16.1033416470834	-11.4822466607842	-16.1033416470834	-16.1033416470834	-16.1033416470834	-15.9816495598803	-16.1033416470834	-11.9784480653804	-12.7493415041877	-16.1033416470834	-16.1033416470834	-16.1033416470834	-11.0870336319398	-16.1033416470834	-15.1033416470834	-10.7975962810202	-16.1033416470834	-16.1033416470834	-16.1033416470834	-16.1033416470834	-11.4278166018804	-15.0808107756986	-16.1033416470834	-16.1033416470834	-16.1033416470834	-16.1033416470834	-13.0046649762615	-11.715405221722	-13.0914298388402	-12.7988157051702	-13.0744477951498	-16.1033416470834	-11.6110960340757	-13.1250339300456	-17.773193045391	-15.9816495598803	-16.1033416470834	-16.6627690556974	-11.4230086779144	-16.1033416470834	-16.1033416470834	-13.1513790158251	-16.1033416470834	-16.1033416470834	-16.1033416470834	-14.8460538747442	-16.1033416470834	-16.1033416470834	-16.1033416470834	-16.1033416470834	-16.1033416470834	-16.1033416470834	-16.1033416470834	-16.1033416470834	-16.1033416470834	-16.1033416470834	-16.1033416470834	-16.1033416470834	-15.3561077174633	-16.1033416470834	-16.1033416470834	-12.9676794701576	-14.6855373433636	-16.1033416470834	-16.1033416470834	-16.1033416470834	-15.9816495598803	-15.3997346498636	-13.0744477951498	-13.0914298388402	-16.1033416470834	-16.1033416470834	-16.1033416470834	-16.1033416470834	-15.9816495598803	-11.0219750608381	-10.9741154137137	-11.7102182787645	-16.1033416470834	-16.1033416470834	-16.1033416470834	-16.1033416470834	-16.1033416470834	-16.1033416470834	-16.1033416470834	-16.1033416470834	-13.9745466211874	-12.8665600969018	-16.1033416470834	-16.1033416470834	-16.1033416470834	-16.1033416470834	-16.1033416470834	-13.0362860033481	-15.3561077174633	-16.1033416470834	-14.1868065082899	-11.0870336319398	-9.90159377974662	-16.1033416470834	-16.1033416470834	-16.1033416470834	-10.4200977886106	-19.6095270344204	-19.6095270344204	-19.6095270344204	-19.6095270344204	-19.6095270344204	-15.9816495598803	-16.4868303104874	-19.6095270344204	-19.6095270344204	-9.80402614327375	-10.3049353125505	-19.6095270344204	-19.6095270344204	-19.6095270344204	-14.1491263414951	-16.4996577801218	-13.133793603454	-19.6095270344204	-19.6095270344204	-19.6095270344204	-19.6095270344204	-19.6095270344204	-19.6095270344204	-11.4179620951243	-12.195975138759	-19.6095270344204	-13.8532462969571	-13.658977476535	-16.1882305446699	-16.0471120414038	-13.2736059701846	-14.0576989815276	-17.6320745421249	-14.4212499705184	-16.3240175958308	-15.3622599444449	-16.6772686253925	-13.1250339300456	-13.1250339300456	-16.3997346498636	-17.773193045391	-11.6004992915507	-17.773193045391	-12.0058469407599	-12.891820813148	-17.773193045391	-12.9423589141531	-17.773193045391	-17.773193045391	-16.1235775863276	-16.3997346498636	-17.773193045391	-15.2267996430713	-15.5252655319474	-16.2537099584375	-8.53970564923331	-10.5240826717766	-11.1328025462677	-9.80723077686553	-10.3051813346994	-9.95346909030424	-12.2726641179538	-11.1323143134702	-11.5420965708963	-11.1323143134702	-11.0424670850145	-11.1323143134702	-11.1323143134702	-11.1323143134702	-11.5062909282591	-13.2630120165473	-11.4759045435627	-11.5420965708963	-21.055845991545	-21.055845991545	-12.2726641179538	-11.5479449119639	-11.5420965708963	-11.8027957721743	-12.0636034190567	-11.1323143134702	-11.1323143134702	-11.1323143134702	-11.1323143134702	-11.1323143134702	-10.8135485769674	-10.817075277962	-10.3227048004534	-13.2585379035808	-15.0778065549762	-15.6627690556974	-13.0289270862853	-15.6627690556974	-15.6627690556974	-14.6700006249285	-14.6700006249285	-15.6627690556974	-15.6627690556974	-11.6519623007408	-11.6519623007408	-12.7004496610077	-16.6627690556974	-16.6627690556974	-16.6627690556974	-14.7357708866403	-16.6627690556974	-12.1924132354561	-12.665653259127	-10.7808487298963	-13.2630120165473	-13.2630120165473	-13.2630120165473	-12.0636034190567	-16.6964607231846	-17.1033416470834	-17.1033416470834	-12.1280633495131	-11.5632333821465	-11.5632333821465	-11.5632333821465	-11.5632333821465	-13.1481958828676	-13.1481958828676	-13.1481958828676	-13.1481958828676	-13.1481958828676	-13.1253608758452	-13.1481958828676	-13.1481958828676	-13.1481958828676	-11.5062909282591	-11.5062909282591	-13.087556829693	-13.1481958828676	-11.1538210067371	-15.3350384757099	-16.0586263697729	-11.4519823778112	-16.0723930587899	-16.0586263697729	-16.0586263697729	-16.0586263697729	-16.0586263697729	-16.0586263697729	-16.1033416470834	-16.1033416470834	-16.6772686253925	-19.055845991545	-12.2630120165473	-13.0688941317943	-11.5420965708963	-13.2630120165473	-21.055845991545	-13.2630120165473	-16.0586263697729	-13.2630120165473	-13.2630120165473	-13.2630120165473	-13.2630120165473	-12.6490381563554	-13.282381230262	-13.282381230262	-11.5459646938376	-13.2647808571879	-13.2758025631489	-19.6305886499482	-13.087556829693	-12.282381230262	-13.282381230262	-13.282381230262	-13.2630120165473	-12.0636034190567	-12.0636034190567	-12.0636034190567	-19.8179092308388	-16.0723930587899	-14.7357708866403	-20.7545773672237	-20.6137148313838	-16.0723930587899	-16.1033416470834	-16.6772686253925	-16.6772686253925	-18.7339178966576	-19.055845991545	-16.6772686253925	-21.055845991545	-16.0586263697729	-14.7357708866403	-16.6772686253925	-16.6772686253925	-16.6772686253925	-17.1033416470834	-15.1033416470834	-16.1033416470834	-16.1033416470834	-20.7545773672237	-19.1181386490114	-14.7114448964291	-19.6095270344204	-13.1481958828676	-13.1481958828676	-16.6772686253925	-16.0723930587899	-13.282381230262	-16.0723930587899	-16.0723930587899	-19.8179092308388	-20.6137148313838	-14.7357708866403	-14.7357708866403	-17.1033416470834	-13.282381230262	-13.282381230262	-21.055845991545	-19.6305886499482	-16.1033416470834
Plate1_3893R_R_M_S5_week10_S63_L001	-6.50368590194217	-6.26515324297839	-6.40784282827242	-6.81059927366015	-6.60057929128712	-7.20046197298243	-7.85763777608373	-7.0924501326769	-6.45915867418397	-7.61705761150972	-7.29662465099464	-8.27995361547622	-8.61282463742415	-8.22718838242923	-8.78876221591201	-7.82067156343364	-7.44573010442634	-7.42837202487417	-8.16333066036977	-8.15785003896328	-9.50766214246173	-9.43898009476742	-8.58604512002036	-7.99628956675807	-8.87146417883732	-8.55547399698015	-8.40507848837725	-8.98334702493034	-8.98334702493034	-8.06656182184625	-9.90989542323528	-9.27001981843308	-9.77856858861905	-9.90989542323528	-8.42738995379762	-8.94266846010674	-9.32458442041393	-9.10074668282366	-9.31291008485834	-8.888504925186	-9.39289730341741	-9.58480779438626	-8.93089793092896	-9.07789097057573	-8.91194789848692	-9.64399163132945	-10.0381792813964	-10.0371978964692	-8.85395869991299	-9.11547515982111	-9.87293521750068	-9.45106046389589	-9.09708757667815	-8.69649120786753	-8.67231191769097	-9.03975552297691	-8.64053487736079	-8.84960028449654	-8.77944421125486	-9.00268038471659	-8.91838753439934	-9.24022038179967	-8.71267438799317	-8.71267438799317	-9.48989589909459	-8.56402568607086	-8.61676903306095	-10.9059656766836	-9.42234258305286	-8.77414328358995	-9.0075488126477	-9.42695032395505	-9.09515744059406	-9.46642156294164	-8.62671663078205	-8.73964846389242	-9.11379060502811	-11.0168765917679	-8.18231369350003	-9.04713650352007	-9.32320761572635	-9.9878200280148	-9.33739920773161	-9.33739920773161	-9.29756538399369	-9.01248467286644	-8.17454230896542	-9.62784687801736	-9.3287419929154	-8.84960028449654	-8.7427418523807	-9.07481454223495	-9.06893861500376	-8.1520473622827	-8.2090370435084	-9.98973616536642	-9.32782755501317	-8.87623813167462	-8.50669012118716	-9.45234584536382	-8.78645750028461	-8.85504934452364	-9.09453373553435	-8.40492502352161	-9.2956366485018	-8.97304965236034	-9.80135760537159	-9.85563312711345	-9.72636342388911	-10.1093207000093	-11.0381792813964	-10.6371172462335	-14.7103119897101	-11.0334451702369	-11.0159643054297	-8.38201123121468	-9.68086922546571	-8.98296814030122	-9.22928168961489	-10.5734297571028	-10.5734297571028	-10.0808246746161	-10.0295870943575	-10.0295870943575	-9.87411180679253	-9.78213864091392	-9.63914493941805	-8.93605333256056	-9.38259816807355	-11.0110933485011	-9.53671932766197	-9.59012731997242	-11.0114169617304	-9.29188406361514	-9.65301843050158	-9.84671332657094	-9.85395869991299	-9.85395869991299	-9.85395869991299	-10.0602789121574	-11.0168765917679	-9.85395869991299	-10.0214274720741	-8.87646207239536	-8.87646207239536	-9.86596644681222	-9.3979370052459	-9.39906647004807	-9.85400842352146	-10.007677115497	-9.55534707929417	-9.86300803306893	-10.6923638463623	-10.0214274720741	-9.85960225188196	-8.90840358396696	-10.6923638463623	-10.1746224755221	-9.67419360787663	-9.81281644999134	-9.47296658403189	-10.7213231674284	-9.45272662198729	-9.32782755501317	-9.73580070178927	-9.84496577523859	-9.47801739144461	-9.40982514104027	-9.73107247477192	-10.1746224755221	-10.3915158860242	-9.52525717408017	-10.1093207000093	-9.85395869991299	-8.93497689009976	-9.73617626474491	-9.73617626474491	-10.1206377369939	-9.35617856210343	-10.2911703646095	-8.89944526106816	-9.5881286732245	-9.60823740514838	-9.86702796152341	-9.80547079912261	-9.60076881115635	-8.94674741461615	-9.85395869991299	-9.82350722531476	-9.85960225188196	-10.9128625101632	-10.1246363851797	-10.4520965744254	-9.47828688821395	-9.81281644999134	-9.0627426321965	-9.24084375964251	-9.85395869991299	-9.61198969755547	-9.3362219035681	-10.0934160757995	-9.30723174746596	-10.7741101199686	-10.9708050292734	-10.0339381982471	-9.16915338222812	-9.30509502577456	-9.85700641644887	-9.52490089114832	-9.85395869991299	-9.84718299730402	-9.85395869991299	-9.95196292235383	-9.81281644999134	-9.37922969021007	-10.3185883630146	-10.3185883630146	-10.478334636481	-9.7078591627463	-9.84454541438566	-9.88744918663518	-9.69046669244416	-9.86809519676988	-9.86809519676988	-10.1015056501559	-9.85395869991299	-9.67419360787663	-9.85395869991299	-10.0151938729067	-9.72751292405933	-9.031655897379	-9.9949632002527	-9.98885698585197	-9.6855595172405	-10.1206377369939	-10.1206377369939	-10.1206377369939	-11.0381792813964	-10.2976901038298	-9.6683956825242	-10.1206377369939	-9.60665502224329	-9.631979723687	-9.86809519676988	-9.8561408142606	-10.941406053832	-9.84117804228051	-11.0168765917679	-10.5440133651713	-10.0750914848538	-10.0737353059436	-9.85395869991299	-10.1206377369939	-9.99211227090673	-9.51383256645314	-10.3204737102042	-8.67564511649008	-9.8561408142606	-9.58986596813885	-10.0748482665378	-9.95436583278668	-10.6863902524781	-9.68289641059717	-9.21227636293712	-9.7063027826104	-10.1206377369939	-9.70392360523862	-9.83833931948316	-8.96776719686072	-9.8561408142606	-8.78777697725055	-9.48192719615611	-10.4466665060725	-9.38633641449321	-10.1206377369939	-9.5176141546025	-9.5176141546025	-11.0381792813964	-9.85654905246928	-9.57036481332385	-9.83920640590243	-9.60454490313271	-10.2331710135039	-10.0887689373926	-9.69777184403477	-9.69777184403477	-9.84496577523859	-9.38633641449321	-9.86604124527309	-10.7484765021702	-10.0824577813732	-9.84212040552801	-9.84954989994342	-9.81045284844757	-9.8561408142606	-9.66475562502905	-11.0159643054297	-10.0588632951411	-10.0588632951411	-10.7699898850486	-12.9192874753534	-9.31710770187416	-10.0381792813964	-8.90822202620056	-9.67796581012319	-10.3319502198146	-10.1127525320426	-10.1597649444453	-9.83114609672064	-9.18763062042283	-9.5657982630779	-10.0274886177682	-10.5150907058122	-9.68002648878959	-9.8561408142606	-10.3713402718257	-9.85823221335211	-9.86387776658482	-11.0381792813964	-11.0381792813964	-9.77833342571124	-11.0168765917679	-10.5727333387295	-9.50467989492121	-9.65354471355637	-11.0381792813964	-9.85395869991299	-9.38446608048674	-9.8561408142606	-10.6215469078807	-11.0381792813964	-9.17614572277184	-9.72447992601545	-9.8561408142606	-9.85395869991299	-9.85395869991299	-10.6995380100333	-9.85395869991299	-10.7041961734408	-10.010964287069	-9.08435425547431	-9.58048397513693	-9.29670981949418	-9.8561408142606	-9.86147824664337	-11.0168765917679	-10.3216004662918	-11.0381792813964	-9.6548044585805	-9.94427644272735	-9.98109479297188	-10.2897131530374	-9.67072124644108	-10.0351336133498	-9.88490856808133	-9.92939195624776	-10.1978761073759	-10.0266862813529	-9.73257938592938	-9.8561408142606	-9.8442846740241	-8.66896309856049	-9.71421250483369	-10.4002908571867	-9.099112558494	-10.4002908571867	-9.8561408142606	-9.67153629574718	-9.55786764015156	-9.41747301858485	-10.75634877174	-11.0073896966959	-10.1206377369939	-10.995883883899	-10.7104182477586	-10.0905455143974	-11.0168765917679	-10.410358473571	-9.66761177539976	-9.78883155843918	-9.23318850657967	-10.1093207000093	-9.13900211643796	-9.84463854736489	-9.66176598651974	-9.84243008115189	-10.2957147005843	-10.1097926649243	-9.60186281963003	-9.84165965362144	-10.0140075733762	-9.74046460689364	-9.84108997974192	-9.84045754165641	-10.6478530428914	-10.3216004662918	-9.45667051070352	-10.1206377369939	-9.67845508116761	-10.3216004662918	-9.85475448337328	-9.8561408142606	-9.65767225972133	-10.4954672988508	-9.86604124527309	-9.54989454235	-9.71513616268189	-9.91899155408939	-9.64403955334314	-9.66074182176547	-10.9616153583493	-10.2203144175443	-10.0748482665378	-10.0235620676883	-9.9114214639734	-10.0296082694715	-9.8561408142606	-10.3883945202754	-10.3883945202754	-10.4251858763884	-11.0168765917679	-11.0168765917679	-10.6430673298683	-9.8723943415053	-9.76713419641326	-9.75826902700852	-10.0588632951411	-9.79094225598173	-10.69604875152	-9.99713278050879	-9.70688567632416	-10.2650124725012	-9.59279785700058	-9.44001429247744	-11.0178241555648	-10.0588632951411	-9.69014213219563	-9.85395869991299	-9.55194005270575	-10.0404751803376	-10.0404751803376	-9.84713431965972	-9.66424024544794	-9.79895619272187	-9.86390321008052	-9.87071107924413	-9.85395869991299	-10.2707432587782	-9.02768076681597	-9.46212414605519	-9.69089033157444	-9.69089033157444	-9.85395869991299	-9.77673471558671	-10.9261593170527	-9.86520060222523	-10.0950500188811	-10.4839144608943	-11.0178241555648	-10.4584342528162	-9.71559376995792	-9.8561408142606	-10.0698135571207	-10.5544149244718	-9.8561408142606	-10.305255504524	-10.0083863872719	-9.85441524330454	-9.45154018924276	-9.81394182686728	-9.85395869991299	-9.8561408142606	-9.59945832505904	-9.59945832505904	-10.1206377369939	-10.6429462000947	-10.9977522311165	-9.85264775624135	-9.72751292405933	-10.0137589568142	-10.0137589568142	-10.6442030639591	-9.66980334145744	-10.1206377369939	-9.63922571310958	-8.13470651930443	-10.1219945815543	-9.85395869991299	-9.85395869991299	-9.81281644999134	-9.80965582827089	-11.0381792813964	-9.48476364874561	-9.83320074526929	-9.50172295561394	-10.7741101199686	-10.1180169425095	-9.76457602594511	-10.0980898167157	-9.81611184293477	-9.92571719413824	-10.0379060930709	-10.0379060930709	-9.85137298998867	-9.83856995392514	-9.72788633544402	-9.6046018186836	-9.83524303628921	-9.6543678589962	-9.37542495876611	-8.65025115800412	-11.0168765917679	-10.0687933947325	-9.74147912065663	-9.85395869991299	-10.7741101199686	-9.85395869991299	-9.80822103710385	-9.76358036393994	-9.79909900343815	-9.99211227090673	-10.6002498065368	-10.2714463769406	-9.8561408142606	-9.83831351652421	-9.8561408142606	-10.106407668683	-9.28814011288119	-11.0168765917679	-9.96117540694599	-10.6863902524781	-10.5936306073522	-9.67662657604018	-9.35376989675122	-9.8561408142606	-8.67161746683464	-10.1015056501559	-9.72648654082224	-10.1206377369939	-9.81894610593825	-9.62750823340131	-9.66962686061184	-8.30969161043589	-10.9906176732093	-11.1091874100468	-8.82496609541132	-10.30907883549	-10.3617814367967	-10.1606055160878	-11.3055319264445	-11.0501838292761	-9.70730901065404	-11.666158303783	-10.3424651011546	-10.3542823241849	-11.5850012574116	-10.8353283286324	-10.8265296096364	-9.8504107423665	-11.8694359134465	-12.48295609746	-9.20823915970873	-10.7276779599728	-10.251323701384	-12.9904886384133	-10.6721103380287	-10.670625050739	-9.69831471173531	-9.83977775781806	-12.4089015639538	-10.9863513111738	-10.9125670547813	-10.9287582412776	-12.0273930124661	-10.3322420244239	-11.061844663747	-9.98215721591542	-9.1791189272051	-10.2436838017345	-12.2961321571616	-10.1658100095818	-12.0273930124661	-10.6946159929284	-9.09406240305	-9.51862877692729	-13.1724933392636	-10.6975121884543	-12.1975781854821	-10.1117132562925	-10.8305340417175	-13.375689413014	-10.7019481073183	-10.9764286945748	-12.0930850835731	-13.1186592090197	-10.453274203106	-10.4257321882132	-8.97492365557943	-10.9764286945748	-9.26163376996093	-10.7891409134567	-14.0802695912466	-10.6036283920181	-11.4833998919055	-10.1004522007405	-10.808863988414	-12.2450364396184	-10.0145149569375	-12.4985401274779	-11.4366496005376	-10.7280394620527	-10.2492456278774	-13.1695281646598	-11.011353324182	-11.5496885664173	-14.7104536688474	-10.3012210964477	-10.7382511334316	-12.401791523329	-11.4794257379648	-11.1273204715821	-10.3875282125392	-11.3753570977928	-11.8994397930409	-13.3508607552835	-10.2934833021608	-11.5529771292013	-12.0910392363935	-9.75694157505337	-11.8698808982291	-10.3919702938206	-13.1015182304161	-11.4884931173843	-10.6325976664637	-11.5420066329197	-10.2237798262768	-12.0656135685914	-13.2462341442581	-10.6459196338814	-11.6691068698309	-12.1420768278068	-13.1823996665329	-10.8389732495864	-10.634432082225	-9.98004026837198	-12.1420768278068	-10.7852185011597	-13.5904097689471	-11.6691068698309	-11.7849371824063	-11.4552217439592	-12.4824065867265	-12.5940866465741	-10.0852280742254	-10.9720819353142	-11.5656781100267	-10.7744942476985	-10.6007489775093	-10.6611304337912	-10.2444710835946	-10.5948683744166	-12.4958462750659	-9.9923455211702	-9.30464098991225	-12.4953528625173	-9.9923455211702	-11.608894091587	-11.3201279725618	-11.8730690226953	-14.4273456815544	-13.1340649888525	-14.0706440361924	-11.5210891778963	-13.4662321498076	-12.7187305813144	-11.3692043928583	-12.3450290790522	-10.4897743044571	-12.3659344228073	-10.7742119269957	-13.2873567122207	-12.5824355859961	-12.7752319362712	-13.9150157271354	-12.4542056300444	-14.7691072986592	-13.7654106135774	-12.3825211502284	-12.7677245384797	-11.3069014417444	-12.8141463910219	-10.9794488262188	-13.4853986580517	-13.9935671123354	-11.5720734604662	-10.7460585765317	-13.9835877798036	-12.3825211502284	-10.4721443283911	-12.7398077393472	-14.6710414664054	-11.3705634346698	-11.3705634346698	-11.3420420251035	-13.6403162493374	-14.6241775893486	-11.7104418617212	-12.482396505916	-13.7095330030615	-13.7095330030615	-11.0361986809666	-13.1593146237432	-12.6376644215468	-12.2191285810203	-14.4844494036	-11.0666069248432	-11.3434375027827	-10.0298080673692	-14.8918684055523	-13.8544657980643	-12.6171380226184	-11.2773657002881	-11.2773657002881	-11.7346475835016	-9.08967182929659	-10.5866284554769	-11.0644662060916	-10.6589726432881	-10.6876535963456	-10.9907037028186	-11.9239414997011	-11.7393709975957	-11.2165103808325	-12.4436959563471	-14.9653405595288	-11.556758714173	-11.556758714173	-11.4460286546985	-11.4460286546985	-11.4106294100976	-12.4131614083622	-11.2413703774459	-11.9839623672602	-10.7434634784518	-13.6128667074618	-11.0994739267305	-10.5848023832061	-11.0284266210915	-14.4267248003609	-11.7461266529819	-14.0614737733184	-9.77609819861766	-10.7021520654689	-11.4106294100976	-11.0644662060916	-10.7165931615447	-14.9653405595288	-12.0467046242438	-11.2928356593627	-12.6565294312136	-12.7609833901571	-14.9653405595288	-10.2412168495711	-11.0941841933197	-13.9524227629991	-13.3041681645847	-11.0139028395652	-11.0440983907681	-10.1552600146772	-15.4591321702221	-14.0725700867178	-14.0725700867178	-11.7319156118108	-10.2643926496733	-13.9456664408041	-12.4557585211467	-12.1002646145985	-9.48094245701773	-13.64444977453	-12.3807725996765	-10.7303495365478	-10.7154597307896	-11.0221664359318	-13.9239414997011	-10.7525903723121	-10.4680001418497	-10.9132446542675	-12.3721782317618	-11.4125249907592	-14.7261000635464	-12.4430336666574	-13.8950988363369	-10.6709466853785	-10.819392497037	-13.2238314389579	-12.4743994545095	-12.5571594484229	-13.7624821035646	-14.6183836701499	-14.5132640902532	-10.9552478453948	-10.6784550811676	-12.1776420155575	-11.4113393612379	-10.7177764350676	-13.8287851405085	-11.3656043467475	-11.4378049085205	-12.0805480599868	-10.8337938374249	-10.6945196504499	-13.706856967711	-14.697149480309	-16.1426104115843	-11.0210878771134	-12.8726825082097	-14.9653405595288	-13.0634780923459	-14.27838488484	-13.9088112199446	-12.4462449272254	-12.5526648695747	-12.4200912853578	-12.9098886444338	-10.9177156092606	-10.8170006267443	-11.8345094085325	-11.8345094085325	-14.885855775702	-11.9378353672512	-10.6391849745086	-12.5281502802954	-11.1671685072316	-11.5051150622999	-12.9966377713974	-11.048604554855	-11.048604554855	-10.4385845924236	-13.2579814274479	-10.6825489389481	-12.3344364227727	-10.7857299890254	-14.6037695667126	-10.2037914046996	-11.0048679453256	-11.382808077272	-11.981645053539	-10.7737908627038	-11.4554814499179	-11.0297445341617	-12.6510462230461	-12.3689085106108	-17.3980689286779	-11.0450640096619	-11.4554814499179	-11.0450640096619	-11.0450640096619	-12.4849794953039	-12.6363739815031	-12.5841491323422	-12.6641016033136	-12.6641016033136	-12.3264793213709	-13.0178131975134	-12.7195086106663	-11.1148763072026	-12.7985184325742	-14.2450107853975	-11.4251786097761	-14.2450107853975	-14.2450107853975	-11.8652860411291	-10.7222543664821	-14.8785408739054	-9.96423061158318	-12.8335350328151	-12.2883609512669	-11.0558786990599	-10.6906202654522	-14.9653405595288	-16.2463625287492	-16.7771968297938	-14.5290454396894	-14.9653405595288	-11.864743918515	-12.5336758170841	-10.9815542193713	-12.4611720731396	-10.1987350460227	-11.9314255011908	-14.6396528352801	-15.3860623399592	-10.4620427636706	-13.0880027381939	-12.0017219420848	-15.7094150114657	-15.5717784905771	-16.5489230162789	-14.0214485277627	-15.4072260209304	-15.4072260209304	-16.3814304076571	-13.9124193497775	-14.3968903649054	-15.7190750005661	-19.6148433124447	-16.9828032451295	-15.9873738019093	-12.885762443552	-11.5443855810792	-14.654546032462	-14.654546032462	-10.1821069697973	-16.3232166433753	-15.0764147025623	-13.2406135579944	-13.2406135579944	-11.1777032258098	-14.2542242723431	-14.2542242723431	-18.561050495084	-19.6148433124447	-20.559348199853	-12.5987396697486	-13.0637194011827	-10.8022743055839	-11.565098845747	-11.565098845747	-18.1998058131658	-12.8509214752158	-11.205889244577	-10.8982591845873	-11.205889244577	-15.9909259697233	-14.0842265988537	-20.559348199853	-15.1887101364778	-13.1982237606933	-16.2508889572911	-11.5865553140139	-13.3069059048312	-15.5680937720881	-16.9828032451295	-16.9828032451295	-12.3069059048312	-15.2948259315984	-10.3977231009953	-10.3977231009953	-10.0606128091444	-16.3980689286779	-12.1108695174119	-16.0544879977679	-16.7771968297938	-16.1091017996317	-17.3980689286779	-17.3980689286779	-14.3833115134089	-15.710217544681	-17.1091017996317	-17.1091017996317	-15.9336255742411	-11.2018646634615	-11.2080964105869	-11.6332676364598	-18.9766558727566	-16.7596939081003	-16.7771968297938	-10.4111798316489	-12.9903309448895	-14.6827617554016	-12.8578357584068	-16.7771968297938	-13.2032243267731	-17.3980689286779	-11.4705499627644	-16.2823459758471	-17.3980689286779	-16.2463625287492	-17.3980689286779	-10.8050736077943	-11.2844778069658	-11.6660552559773	-15.8194084137083	-16.1417822467002	-15.4227342616848	-16.7771968297938	-16.0438566220951	-11.6655458499677	-15.5241392989106	-15.5241392989106	-17.3980689286779	-17.1091017996317	-17.1091017996317	-14.6710414664054	-13.1614435514857	-13.1614435514857	-16.2823459758471	-16.7771968297938	-10.8122382526406	-17.3980689286779	-12.3069059048312	-15.8851625952872	-16.728560961395	-15.9336255742411	-17.1091017996317	-16.7771968297938	-11.145131674269	-14.9876885602919	-15.404816652534	-17.1091017996317	-15.5241392989106	-15.9336255742411	-9.93263615913641	-16.7771968297938	-9.90449857586981	-17.3980689286779	-15.7684188257085	-14.5822843295232	-15.3833491605532	-13.8813294610738	-18.9766558727566	-12.6161146286297	-10.5578218327956	-16.0783027681096	-11.6535638676385	-11.1626707243749	-13.1858592112533	-12.1496770782361	-12.2166068007132	-17.1091017996317	-11.6573144506548	-16.1091017996317	-12.7698760718126	-17.3980689286779	-12.2451134050183	-13.2538026342262	-13.2113550236597	-13.3069059048312	-11.72194340411	-14.034514534423	-13.4649169130639	-13.4649169130639	-13.4649169130639	-12.1688344627685	-18.3330723440293	-18.3330723440293	-14.5224799795708	-10.6495683041452	-16.7771968297938	-16.7157056022186	-17.1173436529739	-15.6476114016441	-14.7920132098778	-13.1436702002604	-12.7141007882479	-17.1091017996317	-17.3980689286779	-15.2311051423587	-15.6631129138476	-14.6272727619862	-14.8978255284253	-14.8706822168743	-15.5458438034154	-10.0041242185809	-15.1253494889889	-14.3017468775741	-9.85250035977401	-15.1091017996317	-10.1607980900477	-11.2080964105869	-10.98866546384	-14.2928798578181	-17.1091017996317	-16.1132168407854	-9.22076421899119	-17.1958332680926	-9.75634877173998	-10.9530180685463	-12.1975657734049	-16.543612321242	-16.1091017996317	-13.3069059048312	-16.543612321242	-11.674659285108	-11.674659285108	-17.1091017996317	-11.674659285108	-11.674659285108	-15.7221665760559	-17.1091017996317	-17.1091017996317	-15.7221665760559	-14.8785408739054	-16.9814348969009	-15.5784003142045	-11.674659285108	-17.3980689286779	-12.936018818738	-12.3837492221444	-11.8253384353592	-13.4649169130639	-12.4083460254972	-17.1091017996317	-17.1091017996317	-17.1091017996317	-17.1091017996317	-11.9839445275567	-14.3017468775741	-14.5241392989106	-13.8400562528435	-15.1091017996317	-15.1091017996317	-13.6748839003475	-15.1091017996317	-13.8942402569547	-15.3100602949452	-11.1878037202104	-15.5241392989106	-11.6094334168422	-12.8228633005582	-10.3861118463445	-16.1091017996317	-16.1091017996317	-12.9434514122345	-12.9434514122345	-14.3779005552014	-16.1091017996317	-11.9967601578448	-15.1782542349772	-13.2070257215831	-13.2070257215831	-17.1091017996317	-16.1091017996317	-14.8009615446871	-12.8671110409398	-16.1091017996317	-16.1091017996317	-14.1587426068602	-16.1091017996317	-10.9115266506786	-11.1841529960239	-16.1091017996317	-14.1438854404263	-16.1091017996317	-16.1091017996317	-16.1091017996317	-13.0662178103023	-16.1091017996317	-16.1091017996317	-11.1624102665551	-16.1091017996317	-15.7748738478458	-15.7748738478458	-15.6123260974457	-16.1091017996317	-16.1091017996317	-12.8987669632627	-16.1091017996317	-16.1091017996317	-17.1091017996317	-11.2080964105869	-17.1091017996317	-16.2463625287492	-17.1091017996317	-17.1091017996317	-17.1091017996317	-16.1069865018536	-16.543612321242	-15.8021437620981	-16.0783027681096	-17.1091017996317	-17.1091017996317	-17.1091017996317	-13.3539099460177	-17.1091017996317	-11.6446020512518	-17.1091017996317	-15.9336255742411	-19.1073595644012	-19.1073595644012	-17.1091017996317	-17.1091017996317	-17.9766558727566	-17.1091017996317	-16.7596939081003	-17.1091017996317	-17.1091017996317	-17.1091017996317	-10.9203334933149	-17.1091017996317	-11.4976382217117	-17.1091017996317	-17.1091017996317	-15.0550875967295	-17.1091017996317	-17.1091017996317	-13.0193335089733	-17.1091017996317	-17.1091017996317	-17.1091017996317	-17.1091017996317	-17.1091017996317	-14.4267248003609	-17.1091017996317	-17.1091017996317	-17.1091017996317	-17.1091017996317	-17.1091017996317	-17.1091017996317	-17.1091017996317	-11.2014953884971	-12.956484794884	-17.1091017996317	-17.1091017996317	-16.1091017996317	-17.1091017996317	-17.1091017996317	-17.1091017996317	-17.1091017996317	-16.1417822467002	-17.1091017996317	-17.1091017996317	-17.1091017996317	-13.2070257215831	-17.1091017996317	-17.1091017996317	-17.1091017996317	-16.5491763947957	-13.3539099460177	-13.0222177287594	-16.1091017996317	-17.1091017996317	-11.840860557639	-16.7596939081003	-15.9336255742411	-15.5241392989106	-17.1091017996317	-17.1091017996317	-17.1091017996317	-17.1091017996317	-17.1091017996317	-17.1091017996317	-17.1091017996317	-17.1091017996317	-9.57901997650037	-17.1091017996317	-17.1091017996317	-17.1091017996317	-17.1091017996317	-16.7596939081003	-17.1091017996317	-12.9788869584534	-13.3539099460177	-13.3539099460177	-17.1091017996317	-17.1091017996317	-17.1091017996317	-13.2070257215831	-19.1073595644012	-17.1091017996317	-11.6476085756701	-17.1091017996317	-17.1091017996317	-17.1091017996317	-17.1091017996317	-17.1091017996317	-17.1091017996317	-17.1091017996317	-16.1417822467002	-11.4412714951314	-15.2240084107408	-17.1091017996317	-17.1091017996317	-15.487501358747	-13.1619762746547	-17.1091017996317	-17.7442368341609	-13.3924698341822	-17.1091017996317	-9.78037381164738	-15.9616258977528	-11.141246979604	-17.1091017996317	-17.1091017996317	-17.1091017996317	-16.2463625287492	-17.1091017996317	-17.1091017996317	-17.1091017996317	-17.1091017996317	-11.674659285108	-17.1091017996317	-17.1091017996317	-17.1091017996317	-16.7596939081003	-17.1091017996317	-12.1688344627685	-13.1072818350814	-17.1091017996317	-17.1091017996317	-17.1091017996317	-11.2080964105869	-17.1091017996317	-16.1091017996317	-10.9008840721961	-17.1091017996317	-17.1091017996317	-17.1091017996317	-17.1091017996317	-11.6122350962934	-15.9336255742411	-17.1091017996317	-17.1091017996317	-17.1091017996317	-17.1091017996317	-13.1141302873038	-11.7454188148701	-13.2070257215831	-12.8840635208146	-13.3539099460177	-17.1091017996317	-11.6573941141789	-13.1619762746547	-18.1683275816927	-16.7596939081003	-17.1091017996317	-17.1752201748876	-11.6332676364598	-17.1091017996317	-17.1091017996317	-13.332545245822	-17.1091017996317	-17.1091017996317	-17.1091017996317	-15.2311051423587	-17.1091017996317	-17.1091017996317	-17.1091017996317	-17.1091017996317	-17.1091017996317	-17.1091017996317	-17.1091017996317	-17.1091017996317	-17.1091017996317	-17.1091017996317	-17.1091017996317	-17.1091017996317	-16.1417822467002	-17.1091017996317	-17.1091017996317	-13.1028736701015	-15.6141804615068	-17.1091017996317	-17.1091017996317	-17.1091017996317	-16.7596939081003	-16.1384107935392	-13.3539099460177	-13.2070257215831	-17.1091017996317	-17.1091017996317	-17.1091017996317	-17.1091017996317	-16.7596939081003	-11.1506038993114	-11.0841271588263	-11.9494795254419	-17.1091017996317	-17.1091017996317	-17.1091017996317	-17.1091017996317	-17.1091017996317	-17.1091017996317	-17.1091017996317	-17.1091017996317	-14.5031450583912	-12.9129830869276	-17.1091017996317	-17.1091017996317	-17.1091017996317	-17.1091017996317	-17.1091017996317	-13.1614435514857	-16.1417822467002	-17.1091017996317	-14.9238730499418	-11.2080964105869	-9.98230778169756	-17.1091017996317	-17.1091017996317	-17.1091017996317	-10.549351938299	-18.9766558727566	-18.9766558727566	-18.9766558727566	-18.9766558727566	-18.9766558727566	-16.7596939081003	-16.8113326119698	-18.9766558727566	-18.9766558727566	-9.94178803827701	-10.390977645321	-18.9766558727566	-18.9766558727566	-18.9766558727566	-14.8192810852548	-16.9814348969009	-13.1850714765525	-18.9766558727566	-18.9766558727566	-18.9766558727566	-18.9766558727566	-18.9766558727566	-18.9766558727566	-11.3672787516873	-12.2349128801512	-18.9766558727566	-13.9585937270882	-13.7322002630828	-16.5833650809715	-16.4591321702221	-13.3527116100364	-14.1236189784003	-18.0440946709432	-14.6817891363545	-16.3970043773951	-15.8519109244497	-17.3980689286779	-13.1619762746547	-13.1619762746547	-16.5491763947957	-18.1683275816927	-11.5992506160221	-18.1683275816927	-12.1773890407292	-13.0013246596488	-18.1683275816927	-13.0450770378418	-18.1683275816927	-18.1683275816927	-16.7323920598181	-16.5491763947957	-18.1683275816927	-15.0772061711759	-15.8285032064456	-16.3476894401015	-8.64339485372548	-10.6421830347579	-11.1353305030817	-9.94676480023354	-10.4392436194174	-10.1066271317793	-12.3837492221444	-11.2324439132912	-11.7084124723288	-11.2324439132912	-11.1733779784992	-11.2324439132912	-11.2324439132912	-11.2324439132912	-11.5776301486746	-13.4649169130639	-11.6146665224143	-11.7084124723288	-21.6434124646414	-21.6434124646414	-12.3837492221444	-11.6611204497869	-11.7084124723288	-11.9766700725809	-12.2166068007132	-11.2324439132912	-11.2324439132912	-11.2324439132912	-11.2324439132912	-11.2324439132912	-10.8751553451623	-10.8476796031136	-10.4508878511287	-13.6252456754923	-15.5902576741664	-16.1752201748876	-13.1217413640339	-16.1752201748876	-16.1752201748876	-15.2823459758471	-15.2823459758471	-16.1752201748876	-16.1752201748876	-11.6893848663617	-11.6893848663617	-12.8192938175945	-17.1752201748876	-17.1752201748876	-17.1752201748876	-14.9653405595288	-17.1752201748876	-12.4057579306728	-12.6546141843067	-10.8005200337713	-13.4649169130639	-13.4649169130639	-13.4649169130639	-12.2166068007132	-16.6007681272329	-17.1173436529739	-17.1173436529739	-12.2788881813452	-11.4787569004615	-11.4787569004615	-11.4787569004615	-11.4787569004615	-13.0637194011827	-13.0637194011827	-13.0637194011827	-13.0637194011827	-13.0637194011827	-13.0436855487438	-13.0637194011827	-13.0637194011827	-13.0637194011827	-11.5776301486746	-11.5776301486746	-13.0590136267682	-13.0637194011827	-11.3298446186463	-16.0544879977679	-16.7771968297938	-11.5901273199724	-15.7221665760559	-16.7771968297938	-16.7771968297938	-16.7771968297938	-16.7771968297938	-16.7771968297938	-17.1091017996317	-17.1091017996317	-17.3980689286779	-19.6434124646414	-12.4649169130639	-13.3265336110917	-11.7084124723288	-13.4649169130639	-21.6434124646414	-13.4649169130639	-16.7771968297938	-13.4649169130639	-13.4649169130639	-13.4649169130639	-13.4649169130639	-12.7981043301929	-13.3069059048312	-13.3069059048312	-11.6596948729552	-13.2842339468626	-13.3024497003897	-19.2872686544162	-13.0590136267682	-12.3069059048312	-13.3069059048312	-13.3069059048312	-13.4649169130639	-12.2166068007132	-12.2166068007132	-12.2166068007132	-19.3803780588077	-15.7221665760559	-14.9653405595288	-20.559348199853	-19.7174130460852	-15.7221665760559	-17.1091017996317	-17.3980689286779	-17.3980689286779	-19.3214843697541	-19.6434124646414	-17.3980689286779	-21.6434124646414	-16.7771968297938	-14.9653405595288	-17.3980689286779	-17.3980689286779	-17.3980689286779	-17.1173436529739	-16.1091017996317	-17.1091017996317	-17.1091017996317	-20.559348199853	-19.2238735731277	-14.9127725087247	-18.9766558727566	-13.0637194011827	-13.0637194011827	-17.3980689286779	-15.7221665760559	-13.3069059048312	-15.7221665760559	-15.7221665760559	-19.3803780588077	-19.7174130460852	-14.9653405595288	-14.9653405595288	-17.1173436529739	-13.3069059048312	-13.3069059048312	-21.6434124646414	-19.2872686544162	-17.1091017996317
Plate2_096R_0_M_S5_week9_S74_L001	-6.46092852084287	-6.28333245517527	-6.4476357877862	-6.79326605392215	-6.58256694676006	-7.09284196675489	-7.79718317704268	-7.08445819466936	-6.47784186075443	-7.6145297877639	-7.4212757823331	-8.2150077039626	-8.48268188893621	-8.21181918502185	-8.66757608411745	-7.85601752184818	-7.43707523833957	-7.35174076261485	-8.1002955855216	-8.18242799475554	-9.41546298322995	-9.23903578548363	-8.50720375654344	-7.9753986910516	-8.77379592313129	-8.42904324678377	-8.41017912677978	-8.86180707182712	-8.86180707182712	-8.11541326464707	-9.71613182803327	-9.18146599213524	-9.61660630932842	-9.71613182803327	-8.45506757050361	-8.9105792578991	-9.23839455071741	-9.10492344977628	-9.23376913743203	-8.84315820432176	-9.23686498087691	-9.55762260438206	-8.75071756288955	-9.1066988857782	-9.03268590271161	-9.58352164514851	-9.85366021534471	-9.85256362056779	-8.82647685671611	-9.07807977483807	-9.89417919379989	-9.3943202677161	-9.06307719830864	-8.61445689784523	-8.84517361724964	-9.02004845264744	-8.62674023319583	-8.82958482629369	-8.74998838102025	-8.97943620403808	-8.91854711535903	-9.16659031448855	-8.72131804268897	-8.72131804268897	-9.43936564431506	-8.58949899507149	-8.65322049360991	-11.2127014208383	-9.33022887426965	-8.91585619835531	-8.94431510410724	-9.36591424704729	-9.18111710338727	-9.33539289332999	-8.64856170025366	-8.6906938653907	-9.0388035388592	-10.8093929250325	-8.25989941436368	-9.04377022624893	-9.25004983674304	-9.79061606035249	-9.25544684397742	-9.25544684397742	-9.2159962058553	-8.98034239430461	-8.05908664949784	-9.44746284332473	-9.25136725292683	-8.82958482629369	-8.84958711586726	-9.0254053092751	-8.98548070523862	-8.18994583855994	-8.31302972924429	-9.76324094906096	-9.25051868516232	-8.87120177436448	-8.46648916678262	-9.39691789221482	-8.75416456574183	-8.82764787952395	-9.03028142104447	-8.37229245439564	-9.29161954819244	-8.9383550314293	-9.89750133269142	-9.7608258414559	-9.71337967785847	-10.0537608034392	-10.8536602153447	-10.4961378629665	-14.9005563370744	-10.8502080109493	-10.8089805551288	-8.49037312401826	-9.66378643690945	-9.0057304334382	-9.22734076258705	-10.447761681711	-10.447761681711	-10.0940177683361	-10.0355017457081	-10.0355017457081	-10.0039506833319	-9.89376890602693	-9.61854760711496	-9.01933778452379	-9.41062868142721	-10.806299384419	-9.5321015450972	-9.78502323409467	-10.8259512198873	-9.28307130627163	-9.61489875000498	-9.80689428472585	-9.82647685671611	-9.82647685671611	-9.82647685671611	-10.01799875155	-10.8093929250325	-9.82647685671611	-10.0316068325608	-8.94973881222531	-8.94973881222531	-9.86820558186647	-9.57132993032494	-9.57270216376019	-9.80875402041845	-9.96454456571373	-9.62684617041038	-9.83901679402061	-10.5586700942813	-10.0316068325608	-9.83146999272855	-8.92881418769005	-10.5586700942813	-10.2107666512757	-9.65786354671682	-9.78077368101752	-9.48093062946379	-10.5124557895227	-9.49922826071146	-9.25051868516232	-9.72668740862833	-9.81404497824954	-9.53044903729214	-9.46067579481464	-9.87193400831738	-10.2107666512757	-10.2149032206356	-9.60671655133856	-10.0537608034392	-9.82647685671611	-8.99534870365035	-9.72688214698662	-9.72688214698662	-10.0798154304502	-9.37909854840419	-9.99969254297433	-8.93192281100658	-9.66650291809833	-9.70912633488762	-9.83375219721149	-9.77739443107437	-9.67615007623161	-9.08726349836584	-9.82647685671611	-9.76976463765399	-9.83146999272855	-10.7333426590474	-10.3448512414518	-10.4626661821503	-9.5528996841506	-9.78077368101752	-9.05458968150339	-9.32493014180635	-9.82647685671611	-9.7161113364091	-9.38808191394571	-10.0318678102053	-9.37235865581828	-10.5535982881588	-10.7584928467325	-10.0487046119758	-9.17727078057929	-9.30712963697544	-9.82989854172376	-9.5864699192346	-9.82647685671611	-9.81702259497826	-9.82647685671611	-9.91686146591263	-9.78077368101752	-9.39708816736022	-10.3212795896721	-10.3212795896721	-10.3075973404127	-9.6510557045973	-9.80458659840528	-9.85322898891934	-9.66148538871643	-9.84263540346873	-9.84263540346873	-10.0620658833268	-9.82647685671611	-9.65786354671682	-9.82647685671611	-10.1994060305093	-9.71599317372135	-9.11919572033159	-9.94867426678183	-9.94123637821582	-9.66607466682965	-10.0798154304502	-10.0798154304502	-10.0798154304502	-10.8536602153447	-10.3223335455285	-9.61961602014873	-10.0798154304502	-9.58714062388336	-9.55369166436529	-9.84263540346873	-9.82881985361283	-10.7103218309407	-9.99150971493279	-10.8093929250325	-10.3110359331064	-10.0284779294772	-10.0341361375633	-9.82647685671611	-10.0798154304502	-9.94696990087738	-9.45866186434375	-10.3239929549122	-8.69969037911001	-9.82881985361283	-9.66008851655715	-10.0366826797621	-9.89353792903401	-10.5404179949693	-9.66448682597658	-9.1895455781409	-9.76846150427356	-10.0798154304502	-9.6469155289701	-9.79958416077951	-8.96622434102805	-9.82881985361283	-8.83409091082461	-9.57357192050663	-10.5032608864288	-9.41297958778003	-10.0798154304502	-9.5128556106037	-9.5128556106037	-10.8536602153447	-9.82804458305427	-9.52057115788628	-9.80890333994549	-9.60184304464107	-10.0933877158527	-10.0526511979247	-9.63798591672147	-9.63798591672147	-9.81404497824954	-9.41297958778003	-9.85029646434002	-10.5973004371308	-10.0097678246219	-9.81281445487229	-9.85948084345248	-9.77385386375471	-9.82881985361283	-9.64813808930944	-10.8089805551288	-10.0212214411779	-10.0212214411779	-10.5497281913534	-12.65853546862	-9.27573421821137	-9.85366021534471	-8.80621213360965	-9.66145973981664	-10.2324686633774	-9.92856645174165	-9.98426360801182	-9.78913013496334	-9.12909545771835	-9.59154228058754	-9.83135679105402	-10.3495301289821	-9.65069990021409	-9.82881985361283	-10.2800767563546	-9.83051952249838	-9.84010313616668	-10.8536602153447	-10.8536602153447	-9.72315640405088	-10.8093929250325	-10.4331128778841	-9.49327119695327	-9.64114695290369	-10.8536602153447	-9.82647685671611	-9.41180365574635	-9.82881985361283	-10.4857796657025	-10.8536602153447	-9.26858501234999	-9.68000535772885	-9.82881985361283	-9.82647685671611	-9.82647685671611	-10.474941573451	-9.82647685671611	-10.4773997415551	-9.86096025597811	-9.22013280398199	-9.67013926362784	-9.4756768496148	-9.82881985361283	-9.85029646434002	-10.8093929250325	-10.3245822702891	-10.8536602153447	-9.6404046532297	-9.87061435401598	-9.96910130446594	-10.3041022387069	-9.60944429588374	-10.0595859752817	-9.90796790310175	-9.86605317011817	-10.1936283185268	-10.046890842776	-9.67571762374208	-9.82881985361283	-9.81513535041744	-8.78013554118765	-9.68875730474988	-10.1872116739286	-9.05689274813221	-10.1872116739286	-9.82881985361283	-9.59547671108547	-9.52714909017012	-9.40910899342288	-10.5175406966704	-10.8022622950982	-10.0798154304502	-10.7664435818407	-10.5199318837332	-10.0453376285471	-10.8093929250325	-10.3423124031137	-9.64824365455458	-9.74847453875508	-9.36485849988269	-10.0537608034392	-9.22766644370206	-9.80522220657249	-9.63829912010931	-9.93662818567907	-10.2635848928313	-10.0910190519827	-9.55314980042018	-9.80802367002146	-10.0097150792857	-9.69139904998387	-9.81288384483147	-9.80711616243264	-10.4277503992753	-10.3245822702891	-9.49110257549117	-10.0798154304502	-9.68564949132211	-10.3245822702891	-9.82644293888278	-9.82881985361283	-9.63621410406509	-10.5403018910633	-9.85029646434002	-9.47227933431052	-9.69499847329633	-9.91546479650845	-9.62949777535066	-9.65074363657297	-10.7516088192562	-10.2030189544638	-10.0366826797621	-9.97315977554996	-9.91761607288944	-10.0545162720392	-9.82881985361283	-10.2207669404332	-10.2207669404332	-10.2385289558191	-10.8093929250325	-10.8093929250325	-10.5058811836829	-9.846297499073	-9.85934807244556	-9.83695722303442	-10.0212214411779	-9.7521787840633	-10.4773997415551	-9.9956923305245	-9.67803551523826	-10.2604466805707	-9.69137286371822	-9.43518081846018	-10.8284358580262	-10.0212214411779	-9.67291414670195	-9.82647685671611	-9.63187524984977	-9.99933258466056	-9.99933258466056	-9.81636785580461	-9.60788078904838	-9.7677576359007	-9.8380568806843	-9.84422079714154	-9.82647685671611	-10.2722982982734	-9.08419854862282	-9.35203607059774	-9.61251155723419	-9.61251155723419	-9.82647685671611	-9.7335479768183	-10.7093275549807	-9.84470982290215	-10.0440569914716	-10.324738489636	-10.8284358580262	-10.3098530888595	-9.66087191311141	-9.82881985361283	-10.0572894246704	-10.4107110366725	-9.82881985361283	-10.3053235337849	-10.0129679644772	-9.82832880055475	-9.50785988115246	-9.79048732024914	-9.82647685671611	-9.82881985361283	-9.68619197242874	-9.68619197242874	-10.0798154304502	-10.5045781087715	-10.8036449603783	-9.7974384340593	-9.71508303073916	-10.041902289761	-10.041902289761	-10.5088114963673	-9.68662222269487	-10.0798154304502	-9.61313151674612	-8.2777155749008	-10.0812073953839	-9.82647685671611	-9.82647685671611	-9.78077368101752	-9.7726166440915	-10.8536602153447	-9.47253431773194	-9.80049925259036	-9.56094400615415	-10.5535982881588	-10.077027628349	-9.73721820466199	-10.0767373043296	-9.75704594938147	-9.89855667127202	-10.049828401317	-10.049828401317	-9.82491083212238	-9.81162949747545	-9.71527620888965	-9.53060279086957	-9.80329009981645	-9.64051808042194	-9.54545027153011	-8.71728597620089	-10.8093929250325	-10.0299655410973	-9.70754338564331	-9.82647685671611	-10.5535982881588	-9.82647685671611	-9.88839880406813	-9.73429206645879	-9.90886931705868	-9.94696990087738	-10.4746907866404	-10.2942108559308	-9.82881985361283	-9.80847144819852	-9.82881985361283	-10.0635451007457	-9.30320721053622	-10.8093929250325	-9.93937331380781	-10.5404179949693	-10.4383860514594	-9.66498712377654	-9.34308856440644	-9.82881985361283	-8.86755830724972	-10.0620658833268	-9.68514799483805	-10.0798154304502	-9.7806122446084	-9.482983464068	-9.86898072049482	-8.28539060096418	-10.8225954955398	-11.2909362025382	-8.65476160866094	-10.1455832825879	-10.4356154572097	-10.1504069627209	-11.1506921889519	-10.9167327274482	-9.84714322934698	-11.4852231346203	-10.2963609896096	-10.4292657860058	-11.5369896119221	-10.8700731504895	-10.7938469526165	-9.85100728675456	-11.6814543320017	-12.168917246245	-9.30544736446943	-10.6718174631911	-10.6198230248581	-12.7286814511469	-10.4628931094738	-10.7043569426754	-9.90769563856866	-10.30024485351	-12.1134622109753	-11.3243198598613	-10.9365692935731	-10.9565500714581	-11.8629273545593	-10.3749720007662	-11.0778234683065	-10.0901990817732	-9.41486917260907	-10.5228168247877	-12.047389187192	-10.3654315392111	-11.8629273545593	-10.8217779937647	-9.38174093597844	-9.70175630718375	-12.792388662976	-10.812811533263	-11.9968568766272	-10.0648605585955	-10.8747728812701	-13.196771123676	-10.8447508936789	-11.1358944899489	-12.0051219174225	-12.8312058693038	-10.5279540346052	-10.6101257692917	-9.20564372990737	-11.1358944899489	-9.36455225817535	-10.9292931589408	-13.6047499971762	-10.7569897338766	-11.4998454891528	-10.2674624774951	-10.9600078360686	-12.1999160141651	-10.1990460944014	-12.2158175253313	-11.7161188499708	-10.8373561235565	-10.1155833106608	-12.7987513816378	-11.246616262768	-11.5934582771478	-14.533475468293	-10.3208993567709	-10.7656586925659	-12.336816363246	-12.0369838233806	-11.4427695132822	-10.4895237793784	-11.0963024621949	-11.8159205483409	-13.1727628925467	-10.2837620717459	-11.5518441831978	-11.9916221523984	-9.88241994457574	-11.6935963600361	-10.4956523613404	-12.8522678329605	-11.5049745722088	-10.7862589534067	-11.5348025097274	-10.5539156698386	-11.9727957671526	-12.9637625828689	-10.8042503841404	-11.6412079097575	-12.1158247879152	-12.9029739064126	-10.9027157977885	-10.7974398793798	-10.2409317191086	-12.1158247879152	-11.0289080166099	-13.3785730296139	-11.6412079097575	-11.6510700691858	-11.1426940428981	-12.5063039916097	-12.3168694435161	-10.3058538710093	-10.9317895488019	-11.59005938183	-10.8067619018242	-10.8996872511292	-10.707604497368	-10.3025086123241	-10.6594454241424	-12.4607421731357	-10.1765314097631	-9.41597937019784	-12.5304742613648	-10.1765314097631	-11.9768622041118	-11.4111842558993	-12.4009035445719	-14.4158074055681	-12.5840681832225	-13.9388136677234	-11.8162660829996	-13.2934269107801	-12.6491986541635	-11.6298960011108	-12.2117784942841	-10.5429794941625	-12.3300767635079	-10.5681892181506	-12.8664435208646	-12.7005692365094	-12.7829083395342	-13.4437305976786	-12.491553225997	-14.7339109837644	-13.1956583152779	-12.1034963634029	-12.8383252351968	-11.5380783700962	-12.8729715638621	-11.0910279094967	-13.2453578845428	-13.628136660611	-12.1500110624895	-11.3024091331952	-13.4654100396114	-12.1034963634029	-10.4850822894577	-12.7264562339618	-14.2231645463936	-11.6315441128334	-11.6315441128334	-11.4631498783749	-13.3300140420907	-14.1545876120429	-11.6630449090818	-12.2142769619041	-13.4981108674469	-13.4981108674469	-11.2750085445637	-12.3308882062927	-12.309286244945	-12.2162425315061	-14.3834766536134	-11.1812297757992	-11.594929602907	-9.97238208436748	-14.7129311513516	-13.7038759930678	-12.7001584509641	-11.0979872084735	-11.0979872084735	-11.8593805096886	-9.28604774959921	-11.1440478833124	-11.2181256554038	-10.7505842891832	-10.7957772730782	-11.1776417838314	-11.7862288362938	-12.2248545742645	-10.9546018650064	-12.4244107573914	-14.783893090896	-11.6963264890279	-11.6963264890279	-11.7188372275096	-11.7188372275096	-11.6687551429681	-12.4409734372769	-11.4536592337514	-11.6870131055438	-10.8910420297254	-13.3883273389623	-10.9835966563109	-10.5939326534524	-11.1189658696882	-13.8203984076977	-11.4949619170493	-13.5832606013981	-9.92402846724168	-10.811541193968	-11.6687551429681	-11.2181256554038	-10.8366104103613	-14.783893090896	-11.8985520205101	-11.6743633120392	-12.7736491269376	-12.8654614027765	-14.783893090896	-10.4090261774853	-11.3522133374836	-13.4342877741572	-13.0126692750619	-11.2451469473543	-11.2904682746067	-10.6711631634963	-15.893544108539	-13.9138187771634	-13.9138187771634	-11.7790245588769	-10.4872290508725	-13.6736468378552	-12.3574093852745	-12.2568819766337	-10.0241494240096	-13.4918291800959	-12.3389899677642	-10.8705292074195	-10.8323470517361	-11.2444493001183	-13.4162689827708	-10.786545814565	-10.58424147341	-10.993149192991	-12.3833595001469	-11.3780520250823	-14.7006395141742	-12.3518163748047	-13.6584462109689	-10.7730279853865	-11.1678070250112	-12.7719384357566	-12.4462664088239	-12.6114325094804	-13.8410457913846	-14.3769306662525	-14.2938754098313	-11.1430576364264	-10.7800152297142	-12.3408508526844	-11.3540467261423	-10.8289808667886	-13.6076868953725	-11.6926686466907	-11.7725264346532	-12.0027704009849	-11.0176409318212	-10.8043999643973	-13.2845266007416	-14.8716136815563	-16.5890732967041	-11.2879298689919	-12.9808810475995	-14.783893090896	-13.1646268806639	-13.9377555574553	-13.587742900043	-12.483554828333	-12.4340900191014	-12.4186635642743	-12.9808810475995	-10.7383144372355	-11.0111465849955	-11.6755077549717	-11.6755077549717	-14.7214400702095	-12.5823837406	-10.7407678555994	-12.5813580913938	-11.4662392704252	-11.2735985006739	-12.8509532879508	-11.3217254001089	-11.3217254001089	-10.5043256561021	-13.4260768187087	-10.7997962308627	-12.3765937807129	-10.8717841078437	-14.4102446032829	-10.4578209858042	-11.2346313903266	-11.2099748088332	-12.0671796574049	-11.0068187225596	-11.7645930581912	-11.3000728342229	-12.6181920706789	-12.3407708105019	-17.1205579642458	-11.3171180697301	-11.7645930581912	-11.3171180697301	-11.3171180697301	-12.5275895662964	-12.6936178793083	-12.628059545646	-12.6870479153163	-12.6870479153163	-12.2124682249868	-13.2239646346579	-12.6102895231576	-11.1582374325186	-12.8671775146278	-13.6778871703405	-11.8811182372156	-13.6778871703405	-13.6778871703405	-11.5944373200968	-10.8478038569373	-14.7360147644646	-10.0538747459386	-12.8720641376008	-12.3037080294388	-11.3116602305109	-10.7997962308627	-14.783893090896	-15.3552546786631	-16.5420516964961	-14.4107928438522	-14.783893090896	-11.9581325052345	-12.5886430342417	-10.8529060291591	-12.4502648269182	-10.291769693546	-11.8118681629233	-14.4007981421944	-15.3262724203436	-10.3462058490649	-12.3717952334943	-12.1690406569151	-15.4271408883344	-15.3375601493814	-16.8301469019598	-13.6752501097498	-14.7656134507063	-14.7656134507063	-15.7296464111073	-13.7202887605916	-14.0779287942466	-15.3853871631865	-19.2855155197941	-15.789102831837	-14.7923252925042	-12.2125221843112	-11.8340286467772	-14.5729118224344	-14.5729118224344	-10.4129402823342	-15.5533322296309	-14.7428120838046	-13.4426903936823	-13.4426903936823	-11.324448976488	-13.9001093131995	-13.9001093131995	-18.9186272838157	-19.2855155197941	-20.2146320336376	-12.2872234059035	-12.7597553211757	-10.9717271252597	-11.2368934004	-11.2368934004	-18.2124104136643	-12.4925684358693	-11.3450466406389	-11.0432478513745	-11.3450466406389	-15.6529125334285	-13.3472263426887	-20.2146320336376	-14.6961486310432	-13.2048685913746	-15.8304781154634	-11.5346290338772	-13.4680486933849	-14.5559314519759	-15.789102831837	-15.789102831837	-12.4680486933849	-15.8025001410197	-10.6362244441027	-10.6362244441027	-10.1814221406704	-16.1205579642458	-12.7860825621163	-15.8025001410197	-16.5420516964961	-14.8578514721451	-17.1205579642458	-17.1205579642458	-13.5457373378828	-14.9832332932925	-15.8578514721451	-15.8578514721451	-15.1597657201586	-11.3722515509699	-11.348134289758	-11.9664510046786	-19.6731375614926	-15.7588431887467	-16.5420516964961	-10.6323237588884	-12.6896744577574	-14.2001605646547	-12.4994175160282	-16.5420516964961	-13.3381823667546	-17.1205579642458	-11.362966409664	-15.8828561527939	-17.1205579642458	-15.3552546786631	-17.1205579642458	-10.8593473180997	-11.6516526084503	-12.0670995062284	-15.4854070688407	-15.2107156446819	-15.1597657201586	-16.5420516964961	-15.2846724642094	-12.0210695442541	-14.272888971424	-14.272888971424	-17.1205579642458	-15.8578514721451	-15.8578514721451	-14.2231645463936	-13.2161072886873	-13.2161072886873	-15.8828561527939	-16.5420516964961	-10.8285983052242	-17.1205579642458	-12.4680486933849	-15.8171478641841	-16.5202860734092	-15.1597657201586	-15.8578514721451	-16.5420516964961	-11.2637945495847	-14.2208677303361	-14.4669908135632	-15.8578514721451	-14.272888971424	-15.1597657201586	-10.2495287431564	-16.5420516964961	-10.1619244207581	-17.1205579642458	-15.0979391472678	-14.2245475025027	-14.9688123732428	-13.2186519774092	-19.6731375614926	-12.481440226404	-10.7980846366836	-14.85104328708	-12.045252675015	-11.4825738253299	-13.1984419473434	-12.3004599064659	-13.0953568778537	-15.8578514721451	-12.0273002998043	-14.8578514721451	-12.8664010698399	-17.1205579642458	-12.3269565456223	-13.4654467821313	-13.3200800150825	-13.4680486933849	-11.8830861926638	-13.2983599043757	-13.1753148346203	-13.1753148346203	-13.1753148346203	-12.8970273789499	-18.4966645941676	-18.4966645941676	-13.8809681452138	-10.7974875757674	-16.5420516964961	-16.6823321556037	-16.5890732967041	-14.8074981630146	-14.1509931683828	-13.2652809908804	-12.8632994627057	-15.8578514721451	-17.1205579642458	-14.6634742375346	-15.0961175623782	-14.0836137447533	-14.3446051817468	-14.1362947605745	-14.498298801564	-10.1191058529501	-14.0235221024292	-13.0504965500875	-10.1509645449376	-13.8578514721451	-10.3346292495794	-11.348134289758	-11.2106232599711	-13.0485480737447	-15.8578514721451	-15.1776229727521	-9.39427053786185	-18.0938438108581	-9.51754069667037	-11.1660798444947	-11.8574807663456	-15.8578514721451	-14.8578514721451	-13.4680486933849	-15.8578514721451	-12.0282599658264	-12.0282599658264	-15.8578514721451	-12.0282599658264	-12.0282599658264	-15.9076028151296	-15.8578514721451	-15.8578514721451	-15.9076028151296	-14.7360147644646	-16.8934946732402	-15.8052410974999	-12.0282599658264	-17.1205579642458	-13.0903336453484	-12.3142697237688	-11.6814863405001	-13.1753148346203	-12.0671134452436	-15.8578514721451	-15.8578514721451	-15.8578514721451	-15.8578514721451	-11.7300767155817	-13.0504965500875	-13.272888971424	-13.0134480107185	-13.8578514721451	-13.8578514721451	-12.7756579406207	-13.8578514721451	-13.3209606443709	-14.272888971424	-11.5167623610399	-14.272888971424	-11.8383757895565	-12.3264225663975	-10.5845444695758	-14.8578514721451	-14.8578514721451	-12.7888556902015	-12.7888556902015	-13.7936278268759	-14.8578514721451	-12.561713411786	-14.2637066897127	-13.2161072886873	-13.2161072886873	-15.8578514721451	-14.8578514721451	-14.1897732007792	-12.4620978743983	-14.8578514721451	-14.8578514721451	-13.5599763894159	-14.8578514721451	-10.9385857259887	-11.2861542191259	-14.8578514721451	-13.4065714646885	-14.8578514721451	-14.8578514721451	-14.8578514721451	-13.064112695846	-14.8578514721451	-14.8578514721451	-11.8904607364771	-14.8578514721451	-15.1933896271263	-15.1933896271263	-14.711775713375	-14.8578514721451	-14.8578514721451	-12.4569200988563	-14.8578514721451	-14.8578514721451	-15.8578514721451	-11.348134289758	-15.8578514721451	-15.3552546786631	-15.8578514721451	-15.8578514721451	-15.8578514721451	-15.8442670795008	-15.8578514721451	-15.1776229727521	-14.85104328708	-15.8578514721451	-15.8578514721451	-15.8578514721451	-12.9664640043906	-15.8578514721451	-12.0149159958753	-15.8578514721451	-15.1597657201586	-19.2824051448037	-19.2824051448037	-15.8578514721451	-15.8578514721451	-18.6731375614926	-15.8578514721451	-15.7588431887467	-15.8578514721451	-15.8578514721451	-15.8578514721451	-11.4653181874056	-15.8578514721451	-11.7540162472659	-15.8578514721451	-15.8578514721451	-14.1445956586632	-15.8578514721451	-15.8578514721451	-12.9939191164925	-15.8578514721451	-15.8578514721451	-15.8578514721451	-15.8578514721451	-15.8578514721451	-13.8203984076977	-15.8578514721451	-15.8578514721451	-15.8578514721451	-15.8578514721451	-15.8578514721451	-15.8578514721451	-15.8578514721451	-11.3436424673421	-12.5897289432026	-15.8578514721451	-15.8578514721451	-14.8578514721451	-15.8578514721451	-15.8578514721451	-15.8578514721451	-15.8578514721451	-15.2107156446819	-15.8578514721451	-15.8578514721451	-15.8578514721451	-13.2161072886873	-15.8578514721451	-15.8578514721451	-15.8578514721451	-16.5890732967041	-12.9664640043906	-12.8134018184808	-14.8578514721451	-15.8578514721451	-11.6972134113558	-15.7588431887467	-15.1597657201586	-14.272888971424	-15.8578514721451	-15.8578514721451	-15.8578514721451	-15.8578514721451	-15.8578514721451	-15.8578514721451	-15.8578514721451	-15.8578514721451	-10.3819435635891	-15.8578514721451	-15.8578514721451	-15.8578514721451	-15.8578514721451	-15.7588431887467	-15.8578514721451	-12.6004062612329	-12.9664640043906	-12.9664640043906	-15.8578514721451	-15.8578514721451	-15.8578514721451	-13.2161072886873	-19.2824051448037	-15.8578514721451	-11.9865777128317	-15.8578514721451	-15.8578514721451	-15.8578514721451	-15.8578514721451	-15.8578514721451	-15.8578514721451	-15.8578514721451	-15.2107156446819	-11.9013482818294	-14.7279705508157	-15.8578514721451	-15.8578514721451	-14.8299103674322	-13.3110802957405	-15.8578514721451	-19.6100407261675	-13.1587330665464	-15.8578514721451	-10.0053998496851	-15.1100081502975	-11.2665928882528	-15.8578514721451	-15.8578514721451	-15.8578514721451	-15.3552546786631	-15.8578514721451	-15.8578514721451	-15.8578514721451	-15.8578514721451	-12.0282599658264	-15.8578514721451	-15.8578514721451	-15.8578514721451	-15.7588431887467	-15.8578514721451	-12.8970273789499	-12.7427285891931	-15.8578514721451	-15.8578514721451	-15.8578514721451	-11.348134289758	-15.8578514721451	-14.8578514721451	-11.0439506802261	-15.8578514721451	-15.8578514721451	-15.8578514721451	-15.8578514721451	-11.9543214625044	-15.1597657201586	-15.8578514721451	-15.8578514721451	-15.8578514721451	-15.8578514721451	-13.0831696813448	-11.4345619794231	-13.2161072886873	-12.9122028032147	-12.9664640043906	-15.8578514721451	-11.8320583405367	-13.3110802957405	-21.2327013509278	-15.7588431887467	-15.8578514721451	-16.6788347113675	-11.9664510046786	-15.8578514721451	-15.8578514721451	-13.0288333571814	-15.8578514721451	-15.8578514721451	-15.8578514721451	-14.6634742375346	-15.8578514721451	-15.8578514721451	-15.8578514721451	-15.8578514721451	-15.8578514721451	-15.8578514721451	-15.8578514721451	-15.8578514721451	-15.8578514721451	-15.8578514721451	-15.8578514721451	-15.8578514721451	-15.2107156446819	-15.8578514721451	-15.8578514721451	-13.0752068332165	-14.5847764355705	-15.8578514721451	-15.8578514721451	-15.8578514721451	-15.7588431887467	-15.8578514721451	-12.9664640043906	-13.2161072886873	-15.8578514721451	-15.8578514721451	-15.8578514721451	-15.8578514721451	-15.7588431887467	-11.2759708204181	-11.2142615259848	-12.5370813159522	-15.8578514721451	-15.8578514721451	-15.8578514721451	-15.8578514721451	-15.8578514721451	-15.8578514721451	-15.8578514721451	-15.8578514721451	-14.038475965829	-12.5388634616319	-15.8578514721451	-15.8578514721451	-15.8578514721451	-15.8578514721451	-15.8578514721451	-13.2161072886873	-15.2107156446819	-15.8578514721451	-14.40468555399	-11.348134289758	-10.3007630831744	-15.8578514721451	-15.8578514721451	-15.8578514721451	-11.3795744918953	-19.6731375614926	-19.6731375614926	-19.6731375614926	-19.6731375614926	-19.6731375614926	-15.7588431887467	-16.5082755811301	-19.6731375614926	-19.6731375614926	-10.2620144348009	-10.640160328945	-19.6731375614926	-19.6731375614926	-19.6731375614926	-14.2451370912306	-16.8934946732402	-13.302538354839	-19.6731375614926	-19.6731375614926	-19.6731375614926	-19.6731375614926	-19.6731375614926	-19.6731375614926	-11.8988559018036	-11.9446567903752	-19.6731375614926	-13.7817183746465	-13.4191482952618	-19.6477388502066	-20.9967639438519	-13.328801963689	-13.7817183746465	-22.5817264445731	-14.783893090896	-16.4214630178233	-15.6788347113675	-17.1205579642458	-13.3110802957405	-13.3110802957405	-16.5890732967041	-21.2327013509278	-11.2997349988969	-21.4436916310881	-13.0093643299917	-13.0847985825066	-21.2327013509278	-13.1629574999579	-21.2327013509278	-21.2327013509278	-17.1205579642458	-16.5890732967041	-21.2327013509278	-15.2084692944891	-15.6332560210852	-16.4157719057455	-8.81693689073574	-11.0216232012367	-11.0692058242048	-10.2664338371492	-10.7115809606199	-10.2423800221433	-12.3142697237688	-11.4128971029379	-12.1334787757499	-11.4128971029379	-11.3323700574947	-11.4128971029379	-11.4128971029379	-11.4128971029379	-11.9166981898146	-13.1753148346203	-12.0239042119435	-12.1334787757499	-22.5817264445731	-22.5817264445731	-12.3142697237688	-12.2697014035516	-12.1334787757499	-12.616477534781	-13.0953568778537	-11.4128971029379	-11.4128971029379	-11.4128971029379	-11.4128971029379	-11.4128971029379	-10.9345493178702	-10.9917230228757	-10.7286594024623	-13.2458784596579	-15.0938722106463	-15.6788347113675	-13.1858857887064	-15.6788347113675	-15.6788347113675	-14.8828561527939	-14.8828561527939	-15.6788347113675	-15.6788347113675	-11.8320583405367	-11.8320583405367	-12.8451870627878	-16.6788347113675	-16.6788347113675	-16.6788347113675	-14.783893090896	-16.6788347113675	-12.1078307027502	-12.3633750109086	-10.6523830740657	-13.1753148346203	-13.1753148346203	-13.1753148346203	-13.0953568778537	-16.2481838667699	-16.5890732967041	-16.5890732967041	-12.1285067173613	-11.1747928204545	-11.1747928204545	-11.1747928204545	-11.1747928204545	-12.7597553211757	-12.7597553211757	-12.7597553211757	-12.7597553211757	-12.7597553211757	-12.7419829183179	-12.7597553211757	-12.7597553211757	-12.7597553211757	-11.9166981898146	-11.9166981898146	-13.2239646346579	-12.7597553211757	-11.5595498140492	-15.8025001410197	-16.5420516964961	-11.971696138298	-15.9076028151296	-16.5420516964961	-16.5420516964961	-16.5420516964961	-16.5420516964961	-16.5420516964961	-15.8578514721451	-15.8578514721451	-17.1205579642458	-20.5817264445731	-12.1753148346203	-13.0418278109157	-12.1334787757499	-13.1753148346203	-22.5817264445731	-13.1753148346203	-16.5420516964961	-13.1753148346203	-13.1753148346203	-13.1753148346203	-13.1753148346203	-12.7967564043804	-13.4680486933849	-13.4680486933849	-12.2685669808032	-13.4470370913786	-13.4654467821313	-19.5589665415732	-13.2239646346579	-12.4680486933849	-13.4680486933849	-13.4680486933849	-13.1753148346203	-13.0953568778537	-13.0953568778537	-13.0953568778537	-19.4369421117167	-15.9076028151296	-14.783893090896	-20.2146320336376	-19.6100407261675	-15.9076028151296	-15.8578514721451	-17.1205579642458	-17.1205579642458	-20.2597983496857	-20.5817264445731	-17.1205579642458	-22.5817264445731	-16.5420516964961	-14.783893090896	-17.1205579642458	-17.1205579642458	-17.1205579642458	-16.5890732967041	-14.8578514721451	-15.8578514721451	-15.8578514721451	-20.2146320336376	-19.0938438108581	-14.7339109837644	-19.6731375614926	-12.7597553211757	-12.7597553211757	-17.1205579642458	-15.9076028151296	-13.4680486933849	-15.9076028151296	-15.9076028151296	-19.4369421117167	-19.6100407261675	-14.783893090896	-14.783893090896	-16.5890732967041	-13.4680486933849	-13.4680486933849	-22.5817264445731	-19.5589665415732	-15.8578514721451
Plate2_1060R_L_M_S5_week9_S75_L001	-6.42608636001322	-6.2268218661086	-6.40331232637302	-6.70558766028157	-6.63206038950807	-7.12687004408653	-7.70163397872203	-7.06485139368559	-6.60707143094476	-7.62646784405229	-7.20410624895861	-8.258819777453	-8.42808294226342	-8.13533880963847	-8.59484791533951	-7.85177448422094	-7.54142594093927	-7.51614577811734	-8.08198248579329	-8.12877275158347	-9.3992976661988	-9.26243728530615	-8.63703602167579	-7.92086337093893	-8.8301205981025	-8.50205671398214	-8.34939443081735	-8.96278657704684	-8.96278657704684	-7.97904586521234	-9.79562932457459	-9.27138492991538	-9.68813728874403	-9.79562932457459	-8.43635358838019	-8.88981054739524	-9.2676071005538	-8.99379532710135	-9.25683680795581	-8.82524862052568	-9.33853873477594	-9.41581916152431	-8.94471410406751	-9.02178982219731	-8.9835991127804	-9.4694156783208	-9.86859123920849	-9.86859123920849	-8.85541598545626	-9.03790548867447	-9.82034353136552	-9.33975814148181	-9.02588872235488	-8.66241799603782	-8.48334556535911	-8.93910480027958	-8.70199271163202	-8.85253443377628	-8.73473036787022	-8.95006369534293	-8.87298634660874	-9.25590269396318	-8.69171797106049	-8.69171797106049	-9.40668762737713	-8.59095974871421	-8.60278908040058	-10.9243431224334	-9.30785861379906	-8.63576184313983	-9.04297141851111	-9.31704217010428	-8.92267390388216	-9.50063737401109	-8.60043166631891	-8.74551273884803	-9.13813014488167	-10.8369196566372	-8.36903308727332	-8.89257726712319	-9.27013573792819	-9.80964421797191	-9.26389156047556	-9.26389156047556	-9.25167072082873	-9.06344578341623	-8.33836716921857	-9.66088974199625	-9.27623080187123	-8.85253443377628	-8.62180944349616	-8.99711373702847	-9.07428207637542	-8.1426347623456	-8.17533936327367	-9.79832823067979	-9.27483188052072	-8.80491780878405	-8.59688381588489	-9.34353660999003	-8.98639157066302	-8.85646186917755	-9.00782193411567	-8.52812181980077	-9.13518954784437	-8.93795545584533	-9.58780720535712	-9.87911484125086	-9.80473086861613	-10.0277786839464	-10.8685912392085	-10.5775415253539	-21.4971587067476	-10.8641276687855	-10.836028428942	-8.39114999360472	-9.83768597164645	-9.12607324988508	-9.22402288667607	-10.5506385926364	-10.5506385926364	-9.97643643001858	-9.96687200564164	-9.96687200564164	-9.6300614671919	-9.6687071462976	-9.65098829972328	-8.94496541495301	-9.39859274063588	-10.8295982747121	-9.66382851330254	-9.35619907434437	-10.8394495828739	-9.33050358671984	-9.66043164894292	-9.8417069951705	-9.85541598545626	-9.85541598545626	-9.85541598545626	-10.0114812646783	-10.8369196566372	-9.85541598545626	-9.93784311369367	-8.84235459290703	-8.84235459290703	-9.78485957088035	-9.2784282911988	-9.27920724216037	-9.82792947721678	-9.92326635279067	-9.40912622733445	-9.8703359382282	-10.7347310801692	-9.93784311369367	-9.86123606877593	-8.93210726476924	-10.7347310801692	-10.0324229514435	-9.72008177158773	-9.77860086454757	-9.3305100456422	-10.7191252639628	-9.37679910529174	-9.27431410554441	-9.81987120380716	-9.84064875266543	-9.37679076839945	-9.39840372789436	-9.60458855384218	-10.0324229514435	-10.3723368702577	-9.43856586829892	-10.0277786839464	-9.85541598545626	-8.9559337995995	-9.82031178610651	-9.82031178610651	-10.0457690808448	-9.34630051212465	-9.96254048421331	-9.0679054025264	-9.50434665627477	-9.52222149423773	-9.86416506792138	-9.7440989587582	-9.4775363905625	-8.79817079840445	-9.85541598545626	-9.8098280441259	-9.86123606877593	-10.6987674958376	-9.8211661282593	-10.1956085891176	-9.41865941317139	-9.77860086454757	-9.16401055007578	-9.15321594922914	-9.85541598545626	-9.50327722039015	-9.34603607059492	-10.3516459725187	-9.17295403196134	-10.6974563803076	-10.7799525941676	-9.95542282154837	-9.25476692697555	-9.3515793390933	-9.85750851166377	-9.50180303892715	-9.85541598545626	-9.84182513705902	-9.85541598545626	-9.96171325270826	-9.77860086454757	-9.39128388194846	-10.1351246766664	-10.1351246766664	-10.4825520128419	-9.78141226750177	-9.8396372465362	-9.86986416870843	-9.71734645131503	-9.87218930240232	-9.87218930240232	-10.0332751047339	-9.85541598545626	-9.72008177158773	-9.85541598545626	-9.71953682989692	-9.80357985106305	-9.05901774379205	-9.91055143459808	-9.90246119947109	-9.72594602889302	-10.0457690808448	-10.0457690808448	-10.0457690808448	-10.8685912392085	-10.1545141150775	-9.70173927437891	-10.0457690808448	-9.63738620201108	-9.70514769119713	-9.87218930240232	-9.85750851166377	-10.7410201237856	-9.69066158991099	-10.8369196566372	-10.5525571346073	-9.99068355294757	-10.0323117619851	-9.85541598545626	-10.0457690808448	-9.90589218297816	-9.59713211148591	-10.1365675740589	-8.76173875627427	-9.85750851166377	-9.55705858373679	-10.0267256864606	-9.9765299189202	-10.7127483326711	-9.72072849597678	-9.23641615756514	-9.60173216816919	-10.0457690808448	-9.77744481855645	-9.83307968684546	-8.92215956339272	-9.85750851166377	-8.7741498533745	-9.47230059299423	-10.2225907496546	-9.40401977474167	-10.0457690808448	-9.61722611245027	-9.61722611245027	-10.8685912392085	-9.85913813295644	-9.64253954260196	-9.8366681309684	-9.75015905277494	-10.2463138661469	-10.0432439718688	-9.76541396081822	-9.76541396081822	-9.84064875266543	-9.40401977474167	-9.87513279551358	-10.740726835073	-9.98817144623689	-9.8409040401363	-9.87927230478182	-9.77240721161518	-9.85750851166377	-9.70732939768281	-10.836028428942	-10.0175430792327	-10.0175430792327	-10.6937129320304	-13.7728964312094	-9.24907196041006	-9.86859123920849	-8.82289450418725	-9.7233006294858	-10.429733571018	-10.26360685715	-10.2936952687715	-9.82409968954717	-9.46911938629749	-9.53003813548668	-9.85266853861666	-10.4606375129062	-9.54121165287085	-9.85750851166377	-10.4724799411584	-9.85972835459546	-9.8703359382282	-10.8685912392085	-10.8685912392085	-9.7385469226952	-10.8369196566372	-10.54898434699	-9.64386319647092	-9.71965877180287	-10.8685912392085	-9.85541598545626	-9.40130370580835	-9.85750851166377	-10.59633719822	-10.8685912392085	-9.12093137626175	-9.80860847660286	-9.85750851166377	-9.85541598545626	-9.85541598545626	-10.6839234067994	-9.85541598545626	-10.6905400019501	-10.2312974268656	-9.0804186555802	-9.52226329708773	-9.18548048455484	-9.85750851166377	-9.87144751437602	-10.8369196566372	-10.1376652927216	-10.8685912392085	-9.72347024216291	-9.95937755145923	-9.88178696281493	-10.1136961531073	-9.75674222008555	-9.95877757704625	-9.89050351546737	-9.92626722930996	-10.013806128338	-9.94415437373042	-9.70366553904665	-9.85750851166377	-9.84297560826805	-8.57861697393972	-9.78320192195417	-10.4006153159288	-9.31392074250795	-10.4006153159288	-9.85750851166377	-9.64639689930049	-9.57696291689125	-9.42625013195965	-10.6692931206512	-10.8272268031504	-10.0457690808448	-10.8059284528133	-10.4265452272028	-10.0098055768555	-10.8369196566372	-10.3941285052756	-9.70767888894754	-9.74814889319138	-9.11010942765866	-10.0277786839464	-9.02453317349276	-9.83951468790971	-9.69850420490112	-9.65160342990298	-10.0995849693257	-10.0398931144037	-9.72484837743869	-9.84544234929804	-9.92283132547348	-9.78310100619264	-9.83837615641992	-9.78528589964115	-10.6220614077955	-10.1376652927216	-9.43032351866678	-10.0457690808448	-9.62073192814968	-10.1376652927216	-9.85232692434212	-9.85750851166377	-9.695515506984	-10.2311064992824	-9.87513279551358	-9.55216857756129	-9.78865079100448	-9.77120497755437	-9.70909379549338	-9.72547884108821	-10.7706338107418	-10.0267971996584	-10.0267256864606	-9.87609958325576	-9.77090767965226	-9.95250156192337	-9.85750851166377	-10.3472601998636	-10.3472601998636	-10.4330168116886	-10.8369196566372	-10.8369196566372	-10.7127483326711	-9.87718101671484	-9.64379163463158	-9.63015553829941	-10.0175430792327	-9.7543062020251	-10.685437031817	-9.8497365358796	-9.70980141942848	-10.0447752850666	-9.48387673858391	-9.57102294712381	-10.8374090723517	-10.0175430792327	-9.731608892208	-9.85541598545626	-9.44930055225818	-9.95606458261392	-9.95606458261392	-9.84271995399869	-9.7633562914009	-9.76914268538273	-9.86745687050645	-9.87595503439517	-9.85541598545626	-10.1342092699458	-9.04960536435967	-9.67125490556493	-9.75157878691984	-9.75157878691984	-9.85541598545626	-9.6652770667949	-10.7251497768642	-9.87051357634921	-10.0097736860826	-10.469500429031	-10.8374090723517	-10.3607962726471	-9.60847419177181	-9.85750851166377	-9.88287345884156	-10.5218539272108	-9.85750851166377	-10.1200365578362	-9.92951973520513	-9.85379056079652	-9.37859321320251	-9.84505784430044	-9.85541598545626	-9.85750851166377	-9.51874932745247	-9.51874932745247	-10.0457690808448	-10.6828015973152	-10.8098850725094	-9.81360503678505	-9.80546156847447	-9.96507265733917	-9.96507265733917	-10.5861740712999	-9.7440459062167	-10.0457690808448	-9.69570961551827	-8.15444622530051	-9.93696763670596	-9.85541598545626	-9.85541598545626	-9.77860086454757	-9.80842780428862	-10.8685912392085	-9.57577449597593	-9.8262838587308	-9.4594139862584	-10.6974563803076	-10.0433851200572	-9.80416570888416	-10.0600901228556	-9.82634002334146	-9.90612639283891	-9.95740298728874	-9.95740298728874	-9.85170341637492	-9.84550618704641	-9.80589777147992	-9.71240743036612	-9.82870699551122	-9.72209977689118	-9.23597348501434	-8.70343864263469	-10.8353913017554	-10.0267544657359	-9.72807931787714	-9.85541598545626	-10.6974563803076	-9.85541598545626	-9.65168479462545	-9.75675089911201	-9.67651719864475	-9.90589218297816	-10.5825799785462	-10.1342440335119	-9.85750851166377	-9.83764160299052	-9.85750851166377	-10.0292220239391	-9.33599062365584	-10.8369196566372	-9.9788935782198	-10.7127483326711	-10.5179995039425	-9.7424745719203	-9.54941401784349	-9.85750851166377	-8.53741674348908	-10.0332751047339	-9.67534234265248	-10.0457690808448	-9.83678815446489	-9.47128905935779	-9.28652860697755	-8.70133379775522	-10.5948663400661	-10.4131799832633	-9.22154727461908	-10.2995289359066	-10.2329907535226	-10.3683187564153	-11.3507832531136	-10.8777928256716	-9.70388863636212	-11.4571557206513	-10.2756306539102	-10.2458793133282	-11.8857826974403	-11.1849023206728	-11.3475314014661	-10.4938011165225	-11.7665123429682	-11.711755310922	-9.4289035547507	-11.0939657595469	-10.1705933539889	-12.2410734502698	-10.563600897167	-11.0519699034013	-10.0419390053634	-9.66175963941619	-11.8838730948774	-10.9513083920687	-11.4080410127161	-11.4373782988204	-12.4446698827789	-10.4923251408146	-11.5369803828582	-10.2927438066487	-9.31875489793233	-9.91724526758487	-11.9920757626288	-10.4140363597713	-12.4446698827789	-10.8664217173767	-9.30226303194346	-9.47432757443909	-13.0479640393992	-10.5012279648756	-11.4626216184769	-10.0520843934634	-11.5116487076872	-12.4603583302845	-10.6375520014363	-10.7061662017739	-11.9888882593348	-12.2606193210485	-10.4939928029098	-10.6546924550935	-9.29181759944661	-10.7061662017739	-10.0363384273216	-10.7436839105432	-13.311552222409	-10.6905634897349	-11.9718729539632	-10.2677390185172	-10.9546892556593	-12.4075004146162	-10.028351306686	-12.5740733503255	-11.1681547675215	-10.9048379074357	-10.9944531113792	-12.276765859227	-11.0503910449828	-12.0930103474551	-14.6924133170297	-10.3664623220277	-11.1504834300364	-12.4287445228193	-11.3321030527353	-11.011034339273	-10.5896663404126	-11.4376217636738	-11.7051190799684	-12.4430303082143	-10.442143758109	-11.9194869732236	-12.042981120174	-9.89644088569478	-11.9371962915126	-10.6012690992697	-12.6717935006297	-11.9561418124375	-10.6515408964994	-11.7885805473772	-10.1272013437374	-12.0077479125452	-12.7160127249888	-10.6688343934351	-12.0409786694018	-12.2536580796537	-12.593323357481	-10.6613317332698	-10.7002077622865	-9.9318500177019	-12.2536580796537	-10.8467319580295	-12.8745166199311	-12.0409786694018	-11.961789951807	-11.4632186808639	-12.5595615457694	-12.3776525020886	-10.0944665531745	-11.6229550006298	-12.0887069707172	-11.4276801517341	-10.8235405280285	-11.4417646392245	-10.4989856095564	-10.6719530724586	-12.5187155984829	-10.5050936679124	-9.69041842423554	-12.5402956810939	-10.5050936679124	-11.0081697141896	-11.9191566873786	-11.3886790804769	-13.8422341054414	-12.6234666273531	-13.4214433538233	-11.2327764640168	-12.7813879888162	-13.5446896668802	-11.1667702767466	-12.3398031037907	-10.695723481413	-12.7486033442183	-10.7154011427598	-12.8046942311822	-13.51058970204	-13.100385045457	-13.2839314917355	-12.9294732657547	-13.9762486282824	-13.1224920051052	-12.0612008127568	-13.2013878036685	-11.0919807454659	-13.1840111952529	-10.9868254118095	-13.2413486810606	-13.3467321020924	-11.5923369204831	-10.4732736165232	-13.2497929730079	-12.0612008127568	-10.5596763663749	-13.0541441032962	-13.7837265029734	-11.0754276541158	-11.0754276541158	-12.3086271152613	-13.1367802741805	-14.3505168971868	-12.2375769271714	-12.6911908932621	-13.526394223029	-13.526394223029	-11.0499141793078	-12.4766385127668	-12.1904521221135	-12.5643539187534	-13.8359000641422	-11.0264719304277	-11.13686310395	-10.4290349421786	-14.0103323075294	-12.9846062652423	-13.2361363202854	-11.8616568000862	-11.8616568000862	-12.4577928522052	-9.17714583529489	-10.4687668780629	-11.0859420851087	-10.8190946556291	-10.8399674406431	-11.0324133205215	-12.2866481690781	-11.3608116633056	-11.6160421218909	-12.9034905188072	-14.0480702461676	-12.4904320792373	-12.4904320792373	-11.1742778167582	-11.1742778167582	-11.1383435466391	-12.8484234306543	-11.1424821452284	-12.1698468031364	-10.928964645421	-13.2928056798148	-11.8248759042455	-10.7622559524197	-11.0066930875892	-13.560399567666	-12.1516640650584	-13.3103627841745	-9.99826418161375	-10.8563339982654	-11.1383435466391	-11.0859420851087	-10.8811364037923	-14.0480702461676	-12.5000906115733	-11.1957566361246	-13.0624375055974	-13.2065944428513	-14.0480702461676	-10.6387071333307	-11.1471615470521	-13.2047699809371	-12.7529133570117	-11.0259680387488	-11.0661037682029	-9.91118480783494	-18.3173690853958	-13.4575059906309	-13.4575059906309	-12.4500815743251	-10.1888226039837	-13.475704883692	-13.0538454896307	-13.5636755489821	-9.24620369259118	-12.8337440208317	-12.7764876531387	-10.9063357701405	-10.883882573415	-11.0222944299417	-13.1947255249328	-10.8765065975171	-10.7406853502637	-10.9050126314086	-13.0378817592486	-11.7266123871742	-13.931594449375	-12.6882303961228	-13.3671688328356	-10.8077420551895	-11.0340164407394	-13.5737828004051	-12.9187326076223	-13.0820003821789	-13.9886572095819	-13.9165591333257	-13.7103651071724	-10.9612348090894	-10.8173044471197	-13.7063813048662	-12.026717837667	-10.8612974987851	-13.6335568147401	-11.2599159429779	-11.2599159429779	-12.6035787770986	-10.9620267443155	-10.846510272579	-12.9993719023904	-18.3905178161971	-16.8079938333831	-11.0415953254706	-13.3040412594788	-14.0480702461676	-14.1316766031902	-13.625324777521	-13.3248898903751	-12.91197067367	-12.7938368125285	-12.8580305660816	-13.3356702652804	-10.6857055220414	-10.863605740368	-12.3548414327846	-12.3548414327846	-14.0108014407552	-11.4652902547165	-10.8421450893188	-13.0578463538216	-11.1343464499677	-12.5761037347705	-13.7441398248838	-11.0711673355371	-11.0711673355371	-10.6977173972965	-14.5501446267559	-10.8366918290842	-12.5498037134331	-10.8791888469698	-13.803349010712	-10.1797344569534	-11.0105875522756	-12.0730140303671	-12.6712535422883	-10.9542147940597	-11.1902606632822	-11.0491221152441	-12.957727182632	-12.7938368125285	-17.0425719430488	-11.0684717363626	-11.1902606632822	-11.0684717363626	-11.0684717363626	-12.9694805272702	-13.1524136326743	-13.0582527558314	-12.9995841344051	-12.9995841344051	-12.3964963677425	-14.615438686874	-12.9500128382556	-11.1377387548304	-13.2489625933639	-13.4313557863777	-11.2429282255501	-13.4313557863777	-13.4313557863777	-12.0728123268735	-10.8416387227758	-13.9816481949723	-10.0485349927314	-13.1820984972235	-12.469617784388	-11.0786750161058	-10.842359965194	-14.0480702461676	-15.6198943070561	-16.4835355682435	-13.8810228817369	-14.0480702461676	-12.5207038876688	-13.0578463538216	-11.7202658152107	-12.9290168033574	-10.4798094990902	-12.5558266620923	-13.7816057758734	-15.3247269093641	-11.2713332676339	-12.5945431333917	-13.5040188220884	-15.4576094423276	-15.3335715984017	-16.5453591657251	-13.4380763413583	-14.97289757509	-14.97289757509	-15.9774752551154	-14.6285505454959	-14.6285505454959	-15.3175397720778	-20.0771804661985	-16.3621600823997	-15.3082497033885	-12.9293102268903	-11.3208871756397	-15.0596011190579	-15.0596011190579	-10.2569984347451	-15.7347752433946	-16.0837847918571	-14.6037348819525	-14.6037348819525	-11.2061934162843	-14.3262201605257	-14.3262201605257	-18.4556920894523	-20.0771804661985	-23.2161328293032	-13.3472111929646	-14.0640904667581	-11.0533888013839	-12.4055849668941	-12.4055849668941	-18.4529895690724	-13.5401213947507	-11.2477931387681	-11.1123490447869	-11.2477931387681	-15.5340891423224	-13.5434114874214	-23.2161328293032	-14.7602317788115	-14.3172325505884	-16.3666035965129	-12.0266131911654	-14.7175998298318	-14.9703994477484	-16.3621600823997	-16.3621600823997	-13.7175998298318	-15.3020218435031	-10.3301709913035	-10.3301709913035	-10.1640637841173	-15.9872173804961	-11.6644016544909	-15.7361435483635	-16.4835355682435	-15.3621600823997	-17.0425719430488	-17.0425719430488	-14.3621600823997	-15.1935345876776	-16.3621600823997	-16.3621600823997	-15.4215717703119	-11.2511576243568	-11.2477931387681	-11.4247537262886	-18.4556920894523	-16.0584595657139	-16.4835355682435	-10.3379375330307	-13.8843692220148	-14.2827979265221	-13.5401213947507	-16.4835355682435	-14.3843548731572	-17.0425719430488	-11.8610502394834	-15.7210276247075	-17.0425719430488	-15.662619898071	-17.0425719430488	-10.846468710349	-11.3586497855126	-11.4726224854021	-15.3718050533952	-15.409404764802	-15.172789006114	-16.4835355682435	-15.4681817268471	-11.4573719846888	-14.7771975816785	-14.7771975816785	-17.0425719430488	-16.3621600823997	-16.3621600823997	-13.7837265029734	-14.2391725541127	-14.2391725541127	-15.7210276247075	-16.4835355682435	-10.9603483574242	-17.0425719430488	-13.6952493434556	-16.0919369489102	-16.439552386797	-15.4215717703119	-16.3621600823997	-16.4835355682435	-11.1618487981305	-14.4446885250196	-14.8165322943423	-16.3621600823997	-14.7771975816785	-15.4215717703119	-9.8353859553556	-16.4835355682435	-9.79151298325025	-17.0425719430488	-15.2553983091836	-14.052438571411	-14.7364630063414	-13.1988229558616	-18.4556920894523	-13.3851506997851	-10.8589696534521	-15.3417763243365	-11.4567138905766	-11.2905799158876	-14.2528173125776	-13.4405279623712	-11.7752505137094	-16.3621600823997	-11.4585878978916	-15.3621600823997	-13.8949516638919	-17.0425719430488	-13.4571392671059	-14.6242159340557	-14.3399374573519	-14.7175998298318	-13.1326373291106	-13.4783072117975	-14.1374355123267	-14.1374355123267	-14.1374355123267	-11.7164346569422	-18.4133395888084	-18.4133395888084	-13.8237147692135	-10.9970394084954	-16.4835355682435	-16.3651914738132	-17.785153857025	-15.0901861760233	-14.5776411767237	-14.1528856415255	-13.7660318343626	-16.3621600823997	-17.0425719430488	-15.3419846457232	-15.6105366152814	-14.3989460069507	-14.7947454135356	-14.7502209704299	-14.8085215111709	-10.0102038399281	-14.3855890389784	-13.5548051603421	-9.74563833172286	-14.3621600823997	-10.242158487844	-11.2477931387681	-11.1562837106673	-13.5489517824048	-16.3621600823997	-15.9048940091572	-9.2690990949507	-17.5328599499747	-9.66929312065122	-11.1695097777254	-12.9512703196195	-16.1226262113759	-15.3621600823997	-14.7175998298318	-16.1226262113759	-11.4687005332031	-11.4687005332031	-16.3621600823997	-11.4687005332031	-11.4687005332031	-19.3905178161971	-16.3621600823997	-16.3621600823997	-19.3905178161971	-13.9816481949723	-16.5826171572283	-18.4556920894523	-11.4687005332031	-17.0425719430488	-14.482425228459	-13.3895490680943	-12.7155628002096	-14.1374355123267	-12.9908196511176	-16.3621600823997	-16.3621600823997	-16.3621600823997	-16.3621600823997	-12.6339074799331	-13.5548051603421	-13.7771975816785	-13.0240900215585	-14.3621600823997	-14.3621600823997	-13.1160350525125	-14.3621600823997	-13.0723838005603	-14.6928560788306	-11.3011144496133	-14.7771975816785	-11.3725297022938	-13.3770253313587	-10.3148133351797	-15.3621600823997	-15.3621600823997	-13.5336528574093	-13.5336528574093	-13.5318001170403	-15.3621600823997	-11.6469959987186	-14.7786772328965	-14.3172325505884	-14.3172325505884	-16.3621600823997	-15.3621600823997	-14.4753430267529	-12.8202581230905	-15.3621600823997	-15.3621600823997	-13.6913401836223	-15.3621600823997	-11.0279253095849	-11.2067347296912	-15.3621600823997	-13.6643555234611	-15.3621600823997	-15.3621600823997	-15.3621600823997	-13.9615832070332	-15.3621600823997	-15.3621600823997	-10.7096985089219	-15.3621600823997	-15.2424096202726	-15.2424096202726	-14.9276417683991	-15.3621600823997	-15.3621600823997	-13.5718065752916	-15.3621600823997	-15.3621600823997	-16.3621600823997	-11.2477931387681	-16.3621600823997	-15.662619898071	-16.3621600823997	-16.3621600823997	-16.3621600823997	-15.8874065824284	-16.1226262113759	-15.7265925548541	-15.3417763243365	-16.3621600823997	-16.3621600823997	-16.3621600823997	-13.8577388749464	-16.3621600823997	-11.427023950585	-16.3621600823997	-15.4215717703119	-19.3040497148592	-19.3040497148592	-16.3621600823997	-16.3621600823997	-17.4556920894523	-16.3621600823997	-16.0584595657139	-16.3621600823997	-16.3621600823997	-16.3621600823997	-10.6138486642259	-16.3621600823997	-11.3980500302818	-16.3621600823997	-16.3621600823997	-14.8669274912705	-16.3621600823997	-16.3621600823997	-13.8342262549921	-16.3621600823997	-16.3621600823997	-16.3621600823997	-16.3621600823997	-16.3621600823997	-13.560399567666	-16.3621600823997	-16.3621600823997	-16.3621600823997	-16.3621600823997	-16.3621600823997	-16.3621600823997	-16.3621600823997	-11.2380675460355	-13.7410344320773	-16.3621600823997	-16.3621600823997	-15.3621600823997	-16.3621600823997	-16.3621600823997	-16.3621600823997	-16.3621600823997	-15.409404764802	-16.3621600823997	-16.3621600823997	-16.3621600823997	-14.3172325505884	-16.3621600823997	-16.3621600823997	-16.3621600823997	-17.2153777601186	-13.8577388749464	-13.7290084365776	-15.3621600823997	-16.3621600823997	-12.5450793373729	-16.0584595657139	-15.4215717703119	-14.7771975816785	-16.3621600823997	-16.3621600823997	-16.3621600823997	-16.3621600823997	-16.3621600823997	-16.3621600823997	-16.3621600823997	-16.3621600823997	-9.12717983908795	-16.3621600823997	-16.3621600823997	-16.3621600823997	-16.3621600823997	-16.0584595657139	-16.3621600823997	-13.7970521470505	-13.8577388749464	-13.8577388749464	-16.3621600823997	-16.3621600823997	-16.3621600823997	-14.3172325505884	-19.3040497148592	-16.2934014759065	-11.4387259866158	-16.3621600823997	-16.3621600823997	-16.3621600823997	-16.3621600823997	-16.3621600823997	-16.3621600823997	-16.3621600823997	-15.409404764802	-11.4970668786045	-14.7372162944347	-16.3621600823997	-16.3621600823997	-15.0154596471905	-14.482425228459	-16.3621600823997	-18.3402148720323	-14.0611436502851	-16.3621600823997	-9.76221747390171	-15.7651818717612	-11.1982747802501	-16.3621600823997	-16.3621600823997	-16.3621600823997	-15.6198943070561	-16.3621600823997	-16.3621600823997	-16.3621600823997	-16.3621600823997	-11.4687005332031	-16.3621600823997	-16.3621600823997	-16.3621600823997	-16.0584595657139	-16.3621600823997	-11.7164346569422	-13.4528020819	-16.3621600823997	-16.3621600823997	-16.3621600823997	-11.2477931387681	-16.3621600823997	-15.3621600823997	-11.118098060508	-16.3621600823997	-16.3621600823997	-16.3621600823997	-16.3621600823997	-11.4274982274783	-15.4215717703119	-16.3621600823997	-16.3621600823997	-16.3621600823997	-16.3621600823997	-14.1924072374689	-12.2509823879264	-14.3172325505884	-14.0224265872304	-13.8577388749464	-16.3621600823997	-12.9392303730275	-14.482425228459	-18.8312012245445	-16.0584595657139	-16.3621600823997	-16.4582491266326	-11.4247537262886	-16.3621600823997	-16.3621600823997	-13.9979145066884	-16.3621600823997	-16.3621600823997	-16.2934014759065	-15.3419846457232	-16.3621600823997	-16.3621600823997	-16.3621600823997	-16.3621600823997	-16.3621600823997	-16.3621600823997	-16.3621600823997	-16.3621600823997	-16.3621600823997	-16.3621600823997	-16.3621600823997	-16.3621600823997	-15.409404764802	-16.3621600823997	-16.3621600823997	-14.0017081734795	-14.9703994477484	-16.3621600823997	-16.3621600823997	-16.3621600823997	-16.0584595657139	-15.9172573930324	-13.8577388749464	-14.3002666577051	-16.3621600823997	-16.3621600823997	-16.3621600823997	-16.3621600823997	-16.0584595657139	-11.1851222681766	-11.1766155088394	-11.5457040288856	-16.3621600823997	-16.3621600823997	-16.3621600823997	-16.3621600823997	-16.3621600823997	-16.3621600823997	-16.3621600823997	-16.3621600823997	-14.4092046671407	-13.6417078665536	-16.3621600823997	-16.3621600823997	-16.3621600823997	-16.3621600823997	-16.3621600823997	-14.2391725541127	-15.409404764802	-16.3621600823997	-14.4628859001992	-11.2477931387681	-9.90441240683304	-16.3621600823997	-16.3621600823997	-16.3621600823997	-10.1893115590327	-18.4556920894523	-18.4556920894523	-18.4556920894523	-18.4556920894523	-18.4556920894523	-16.0584595657139	-16.1358092616126	-18.4556920894523	-18.4556920894523	-9.84712383959619	-10.3885468344867	-18.4556920894523	-18.4556920894523	-18.4556920894523	-14.5383200099754	-16.502814974257	-14.2590325923028	-18.4556920894523	-18.4556920894523	-18.4556920894523	-18.4556920894523	-18.4556920894523	-18.4556920894523	-11.761252942276	-13.0632243937667	-18.4556920894523	-14.625335342033	-14.3993253284277	-17.2462387238233	-17.0351423173359	-13.4403049155	-14.7908300415572	-18.6201048180571	-13.9469069273878	-17.0361531979385	-15.3253102948145	-17.0425719430488	-14.482425228459	-14.482425228459	-17.2153777601186	-18.8312012245445	-12.5016363711178	-18.4860657384958	-11.7382698452654	-13.9515749273487	-18.8312012245445	-14.1366823905835	-18.8312012245445	-18.8312012245445	-16.6758195552543	-17.2153777601186	-18.8312012245445	-17.2153777601186	-15.7411717988987	-16.8909074706687	-8.69796179643272	-10.5123506662118	-12.3242595133269	-9.85303420188504	-10.3852010125691	-10.1612063123736	-13.3985487294874	-11.290054365657	-11.5180755108157	-11.290054365657	-11.2119270236678	-11.290054365657	-11.290054365657	-11.290054365657	-11.5058823974408	-14.1374355123267	-11.5110800665408	-11.5180755108157	-21.4971587067476	-21.4971587067476	-13.3895490680943	-11.5962142458706	-11.5180755108157	-11.4581150516492	-11.7752505137094	-11.2879624387585	-11.290054365657	-11.290054365657	-11.290054365657	-11.290054365657	-11.0932021098348	-11.1504036151964	-10.3995647135425	-12.9043427040085	-14.8732866259115	-15.4582491266326	-14.0409082112026	-15.4582491266326	-15.4582491266326	-14.7210276247075	-14.7210276247075	-15.4582491266326	-15.4582491266326	-12.9886572095819	-12.9886572095819	-13.6459561102932	-16.4582491266326	-16.4582491266326	-16.4582491266326	-14.0480702461676	-16.4582491266326	-12.9998306365769	-13.0026615815888	-11.6377864170715	-14.1374355123267	-14.1374355123267	-14.1374355123267	-11.7752505137094	-17.0653224742755	-17.6076951828973	-17.785153857025	-13.1570032293466	-12.4791279660369	-12.4791279660369	-12.4791279660369	-12.4791279660369	-14.0640904667581	-14.0640904667581	-14.0640904667581	-14.0640904667581	-14.0640904667581	-14.0259366603134	-14.0640904667581	-14.0640904667581	-14.0640904667581	-11.5058823974408	-11.5058823974408	-14.6952493434556	-14.0640904667581	-11.2956379051872	-15.7361435483635	-16.4835355682435	-11.4994635733712	-19.3905178161971	-16.4835355682435	-16.4835355682435	-16.4835355682435	-16.4835355682435	-16.4835355682435	-16.3621600823997	-16.3621600823997	-16.933908461989	-19.4971587067476	-13.1374355123267	-13.8784017466445	-11.5180755108157	-14.1374355123267	-21.4971587067476	-14.1374355123267	-16.4835355682435	-14.1374355123267	-14.1374355123267	-14.1076131465251	-14.1374355123267	-13.1404594859153	-14.6952493434556	-14.6952493434556	-11.5947060205051	-14.6331743680768	-14.7045274432146	-18.7701256477927	-14.6952493434556	-13.7175998298318	-14.7175998298318	-14.7175998298318	-14.1374355123267	-11.7752505137094	-11.7752505137094	-11.7752505137094	-19.6600636559075	-19.3905178161971	-14.0480702461676	-23.2161328293032	-20.1337639945649	-19.3905178161971	-16.3621600823997	-17.0425719430488	-17.0425719430488	-19.1752306118603	-19.4971587067476	-17.0425719430488	-21.4971587067476	-16.4835355682435	-14.0480702461676	-17.0425719430488	-17.0425719430488	-17.0425719430488	-17.785153857025	-15.3621600823997	-16.3621600823997	-16.3621600823997	-23.2161328293032	-19.28576708801	-14.0269829761148	-18.4556920894523	-14.0640904667581	-14.0640904667581	-17.0425719430488	-19.3905178161971	-14.7175998298318	-19.3905178161971	-19.3905178161971	-19.6600636559075	-20.1337639945649	-14.0480702461676	-14.0480702461676	-17.785153857025	-14.7175998298318	-14.7175998298318	-21.4971587067476	-19.2027113482824	-16.3621600823997
Plate2_1076R_0_M_S5_week9_S76_L001	-6.56074494206342	-6.30660086361772	-6.54939222400858	-6.94535667626734	-6.64639654637715	-7.21309586227719	-7.91225858715694	-7.14605970611595	-6.4826522901082	-7.65579420998734	-7.42961385991832	-8.36534179167557	-8.68674305545609	-8.21857720901114	-8.87730501123919	-7.89879994301819	-7.46049835972047	-7.52715229501804	-8.15183670084552	-8.24456593166149	-9.58977693402874	-9.42168714147328	-8.62235823677477	-8.00951105354384	-8.91524691479951	-8.6309425071308	-8.44767975794169	-8.99979092515618	-8.99979092515618	-8.11974744440666	-10.0046506159819	-9.31460544073702	-9.76554833098965	-10.0046506159819	-8.41097665264694	-9.03671749607713	-9.34099621447547	-9.15132286746544	-9.33309899750036	-8.88745504903866	-9.36895245186057	-9.66443841548875	-8.93838025806395	-9.10070639763698	-8.96570817466704	-9.72780735165294	-10.1155503879292	-10.1142910069436	-8.90277765468148	-9.24025723246814	-9.93993518577657	-9.47596492899484	-9.14194461609638	-8.60834674566407	-8.753838766783	-9.07926280756338	-8.68538194211725	-8.88519021592086	-8.74054530149095	-9.07769440767878	-9.01502728160489	-9.22616080983074	-8.77162196279221	-8.77162196279221	-9.50626885915693	-8.71978994467044	-8.70759344141408	-10.859810115831	-9.46086578410185	-8.80813202130585	-8.95507298622782	-9.41885880968174	-9.06452885629622	-9.39424242365954	-8.68764755469073	-8.83917580356886	-9.18334131247707	-10.9551343849374	-8.29027098262116	-9.11128699057568	-9.37229123742136	-9.90650795690967	-9.38852969751915	-9.38852969751915	-9.31661039163302	-9.00718939882853	-8.28235919805633	-9.79632602666802	-9.38769059640513	-8.88519021592086	-8.89873750765959	-9.03816891627855	-9.17158343156162	-8.17332029134979	-8.33099885142761	-9.80249015610092	-9.38531183445719	-8.99479390115788	-8.47468666540095	-9.46357371205253	-8.85937771075226	-8.90502410866221	-9.04728049981352	-8.55122250298264	-9.32732320076204	-9.02158670530582	-9.82149719243545	-9.84437960416138	-9.80006726442064	-10.117701748167	-11.1155503879292	-10.6220357899886	-13.8874632127059	-11.1011780093577	-10.9545647857707	-8.62301693940896	-9.81781077170687	-9.10319927743598	-9.3579338684876	-10.5983214319936	-10.5983214319936	-10.1154952670086	-10.1032812578868	-10.1032812578868	-9.81863282540157	-9.75381425375435	-9.72596679665093	-8.95242124519377	-9.48956522384266	-10.9462537388122	-9.61224732954838	-9.56709416828819	-11.0250437653317	-9.38541084301356	-9.59018252053854	-9.83564920749283	-9.90277765468148	-9.90277765468148	-9.90277765468148	-10.1028084007098	-10.9551343849374	-9.90277765468148	-10.0008482014934	-8.83372187644173	-8.83372187644173	-9.99440545679135	-9.45276099467489	-9.45496545682639	-9.83438224017106	-10.0613361933257	-9.65023182495921	-9.91137728266576	-10.6413007422335	-10.0008482014934	-9.91268343682594	-8.97281272654698	-10.6413007422335	-10.0861094735187	-9.74322254426381	-9.88055122491728	-9.55432861387853	-10.9200628619362	-9.52722000644623	-9.38531183445719	-9.80883534087777	-9.89422898383185	-9.46067143227547	-9.35984940982682	-9.72245204085965	-10.0861094735187	-10.389764436961	-9.53699775445942	-10.117701748167	-9.90277765468148	-8.96245044678753	-9.8090927497005	-9.8090927497005	-10.2052702136281	-9.47937797297283	-9.55859445500391	-8.89759237081309	-9.57517234460973	-9.57512980289754	-9.86437002577303	-10.005170520172	-9.53856923696839	-8.99293641764978	-9.90277765468148	-9.72720130746684	-9.91268343682594	-10.9888978161217	-10.1798025817595	-10.3134114190289	-9.46801279155948	-9.88055122491728	-9.03421716987491	-9.36767710851293	-9.90277765468148	-9.51463183047253	-9.35415618881961	-10.2323184868562	-9.43185604343053	-10.7623260022606	-10.8571781264136	-10.0115224127943	-9.25145564136663	-9.38728854439355	-9.90836503778807	-9.65982457150334	-9.90277765468148	-9.89923512959359	-9.90277765468148	-9.98011065820723	-9.88055122491728	-9.4419828697632	-10.3152099278613	-10.3152099278613	-10.547342131999	-9.81940129237545	-9.83137025407256	-9.97866632678519	-9.79648201860569	-9.94827592440726	-9.94827592440726	-10.1595540659401	-9.90277765468148	-9.74322254426381	-9.90277765468148	-9.97432260733669	-9.80126101169001	-9.14177907071718	-10.0168325512532	-9.99418826319121	-9.76093614416141	-10.2052702136281	-10.2052702136281	-10.2052702136281	-11.1155503879292	-10.3526598152264	-9.71684174449243	-10.2052702136281	-9.6495271904985	-9.66180517223962	-9.94827592440726	-9.90727406610467	-10.712407953849	-9.87674911395122	-10.9551343849374	-10.5522426656277	-10.0629026276018	-10.1176679500527	-9.90277765468148	-10.2052702136281	-10.0121913951817	-9.46335537315226	-10.3204633429651	-8.67809665217012	-9.90727406610467	-9.69747678370329	-10.0960969605897	-10.1843120050603	-10.6570703717416	-9.75680002623898	-9.15533747986026	-9.79587437635595	-10.2052702136281	-9.81095145787286	-9.81368652583677	-9.04612915306996	-9.90727406610467	-8.74245667636499	-9.53671981416492	-10.3684470049206	-9.49603075836179	-10.2052702136281	-9.49300186527281	-9.49300186527281	-11.1155503879292	-9.90707933651705	-9.61278074908713	-9.85393898056091	-9.67791224950165	-10.0606970998339	-10.1429262493061	-9.80712378560282	-9.80712378560282	-9.89422898383185	-9.49603075836179	-9.98243629424988	-10.7516587366305	-10.0199286541169	-9.86303132290056	-9.73811633863326	-9.81051250668157	-9.90727406610467	-9.71648084068615	-10.9545647857707	-10.0638921460397	-10.0638921460397	-10.7542030094225	-13.2088804470801	-9.39949292955848	-10.1155503879292	-8.96928733375676	-9.75285332110577	-10.2731131254355	-9.89403407732851	-10.1999826669489	-9.79251083233636	-9.31052790091987	-9.69775801573172	-10.0331139140556	-10.3274860602906	-9.34447123170661	-9.90727406610467	-10.4370395424502	-9.91353889040297	-9.91247136281291	-11.1155503879292	-11.1155503879292	-9.70999571683956	-10.9551343849374	-10.4972760498807	-9.50804197572107	-9.70590550279315	-11.1155503879292	-9.90277765468148	-9.49279436913947	-9.90727406610467	-10.6088593261755	-11.1155503879292	-9.30093861146461	-9.92504230592925	-9.90727406610467	-9.90277765468148	-9.90277765468148	-10.7711522838596	-9.90277765468148	-10.7790151472641	-10.0935952612653	-9.13571454885439	-9.61934076550673	-9.45713124093215	-9.90727406610467	-9.96642065887326	-10.9551343849374	-10.3211974181456	-11.1155503879292	-9.70685853865168	-10.0979694181642	-9.85192850898364	-10.3230563239544	-9.79261065337538	-10.0840982325981	-9.89761316578642	-9.82287043772426	-10.1723203981094	-10.0778018004707	-9.71949882857852	-9.90727406610467	-9.86740536335253	-8.57756985609075	-9.71577806261214	-10.5851625352278	-9.18149373048609	-10.5851625352278	-9.90727406610467	-9.6742125678646	-9.57429005428149	-9.54241357567734	-10.6352627430936	-10.9440146245115	-10.2052702136281	-10.8107838756822	-10.7310025306693	-10.1064178573338	-10.9551343849374	-10.2499996772867	-9.7382488402211	-9.7647480281	-9.16408372624419	-10.117701748167	-9.13208405203963	-9.82971297014994	-9.73478614797652	-9.80783070356104	-10.1377077122459	-10.2476652966446	-9.69217815719856	-9.87016522380145	-9.92899280159043	-9.8065897380105	-9.86178065936765	-9.91333157965635	-10.6492275196962	-10.3211974181456	-9.49428769144383	-10.2052702136281	-9.47222139552862	-10.3211974181456	-9.93394370240032	-9.90727406610467	-9.70554224420058	-10.4610687382175	-9.98243629424988	-9.66251418698479	-9.72092461825047	-9.95398434804832	-9.67567803327862	-9.71728126465156	-10.8467856925824	-10.1440502455947	-10.0960969605897	-10.1510547779231	-9.90140963957422	-10.0763373449426	-9.90727406610467	-10.4537163220935	-10.4537163220935	-10.3649298724152	-10.9551343849374	-10.9551343849374	-10.5824079601302	-9.95384153782324	-9.77678253696287	-9.71121323091173	-10.0638921460397	-9.8460239680437	-10.7513091186627	-10.0059637610263	-9.81995935148787	-10.2915689530984	-9.61779993590362	-9.45460397863299	-11.0958128615164	-10.0638921460397	-9.78035566037111	-9.90277765468148	-9.59619135017764	-10.1167106656991	-10.1167106656991	-9.89869878941473	-9.75752659002883	-9.84966352312359	-9.93316231173238	-9.95271564250856	-9.90277765468148	-10.4233258154688	-9.17198286749669	-9.68428029328258	-9.68743809845501	-9.68743809845501	-9.90277765468148	-9.93284115201508	-10.7654521299913	-9.93374335632786	-10.0966531132848	-10.2791195880642	-11.0958128615164	-10.3897834830687	-9.75827898665669	-9.90727406610467	-9.99821372147619	-10.4776845392615	-9.90727406610467	-10.2683203930816	-9.98071912275953	-9.9040595263873	-9.51497379933509	-9.8247819374816	-9.90277765468148	-9.90727406610467	-9.64719905041377	-9.64719905041377	-10.2052702136281	-10.5341959473302	-11.0763417240443	-9.7922033190372	-9.80082409411389	-10.0530284345575	-10.0530284345575	-10.7667800939891	-9.7490168507644	-10.2052702136281	-9.64426108213023	-8.23027285207204	-9.90344661076835	-9.90277765468148	-9.90277765468148	-9.88055122491728	-9.8306027734209	-11.1155503879292	-9.54421656310101	-9.85471428547217	-9.56242742901263	-10.7623260022606	-10.1997441389194	-9.82345372801977	-10.2283122178292	-9.69445825695198	-10.0557251008874	-10.0472606504706	-10.0472606504706	-9.89848876104368	-9.86874244470542	-9.80108007738721	-9.72820206197908	-9.86294917059557	-9.70855013858546	-9.42063325072022	-8.62931455527426	-10.9551343849374	-10.1114344909838	-9.69862984653553	-9.90277765468148	-10.7623260022606	-9.90277765468148	-9.82073219364519	-9.77182051458348	-9.91011231029429	-10.0121913951817	-10.6742664189199	-10.2826493612532	-9.90727406610467	-9.85761645800128	-9.90727406610467	-10.1564075409443	-9.3663306103185	-10.9551343849374	-10.0582786913173	-10.6570703717416	-10.5230741510658	-9.76811812325253	-9.45221182566234	-9.90727406610467	-8.7365670600085	-10.1595540659401	-9.76146147458551	-10.2052702136281	-9.77433136000855	-9.0972483564425	-10.0143208022609	-8.51935906791797	-10.3437271978938	-11.2683954307926	-9.25290441513333	-10.2373453848235	-10.5252931562436	-10.2519334584264	-10.5638595573355	-10.9300350391577	-9.77156080725404	-11.40873874713	-10.2243473691563	-10.3270574534897	-11.2616999444448	-10.7333655889287	-10.872707902063	-10.2705531832331	-12.1082948127158	-11.8970687264654	-9.27810376193387	-10.9680071363174	-10.2252780810762	-12.7635365069121	-10.1918152922119	-10.6884618381308	-9.86021720374046	-9.97044658731318	-11.723356927956	-11.1820025220809	-10.7682100810003	-10.8155785779925	-12.0509164595441	-10.2331799044347	-11.1242407840249	-10.0300318230653	-9.37972345550301	-10.2500107906658	-12.7256868806017	-10.120114725347	-12.0509164595441	-10.8298320095336	-9.28587381313515	-9.56786278190879	-11.7077384318429	-10.4714070524991	-11.8660288298552	-10.1881693780652	-10.8710641947652	-14.3211481222478	-10.7154140149079	-10.7399924125952	-12.0393203275446	-12.8157156472487	-10.4629925025738	-10.4181371568316	-9.12221413904236	-10.7399924125952	-9.66617900910246	-10.3887363203592	-12.7577943174854	-10.4595986812777	-11.2886044210571	-10.341830955766	-11.0829671781827	-12.0290366449431	-10.0534787862094	-11.9908960989904	-11.3093037949491	-11.0716505761082	-10.370169200065	-12.6548289396197	-11.2519334584264	-11.411296637006	-13.9614128414899	-10.2275521733894	-10.7203240239651	-12.2646907308736	-11.5594166985154	-10.9044880420215	-10.4545072203108	-10.9198408603416	-11.892921106186	-14.2282112608682	-10.279503936929	-11.3579198957799	-11.4780764346891	-9.91389393035102	-11.01298850682	-10.4249308055254	-12.5970188181272	-11.3610798397896	-10.5956593207644	-11.6164549490001	-10.194612230614	-12.0788114643335	-12.3441990118496	-10.6376096469017	-11.4321460181648	-11.7762204780082	-12.64633336484	-10.9039963772478	-10.5037468659709	-9.9447079786229	-11.7762204780082	-11.0055686496309	-13.9657218632189	-11.4321460181648	-11.7393578272682	-10.8628736323745	-12.7969762547185	-12.5332504465853	-10.250653042424	-11.2723077959554	-11.7024468281898	-10.5916104043352	-10.6678845871399	-10.5023018207715	-10.3731879973182	-10.514761635572	-12.4791065715522	-10.1251362642678	-9.4439074651387	-12.7657804754103	-10.1251362642678	-11.5359999793368	-11.5869581730433	-11.6126584896885	-14.2816354652483	-11.4080717374571	-13.2657489595288	-11.4702730663934	-12.8953062688733	-12.2515823432797	-11.2158483281241	-11.9270013946973	-10.5455435721405	-11.9623270277207	-10.8696708861388	-11.8483552165098	-12.2165817187054	-12.6108623125034	-12.4872170517751	-12.3523840575841	-15.0522379656854	-12.1039004443873	-10.9035379002358	-12.9989045734953	-11.1012025128807	-13.0239643914765	-10.9513647230076	-12.5397385956322	-13.0647552736996	-11.6228398435478	-10.6469884743775	-12.4954202257871	-10.9035379002358	-10.5520310395902	-12.4797319571399	-13.8183499055111	-11.1825209202575	-11.1825209202575	-11.431610941165	-12.8200574235821	-12.9040935309151	-11.5079341835907	-12.0049600353834	-12.7695352769128	-12.7695352769128	-10.9789333832977	-11.033984331795	-11.0088892817242	-11.8691890462393	-14.5362529347468	-11.1500866112713	-11.1556786563952	-10.4576452104801	-15.6484411798687	-14.4025875055851	-12.7185544950415	-11.2348040867352	-11.2348040867352	-11.7254362043517	-9.24655926589426	-10.74515226539	-11.2986921795365	-10.6633715495975	-10.7154788035641	-11.072279257527	-11.774926440735	-11.3979966979056	-10.7896414591257	-12.0217110832917	-15.9119965082721	-11.9241179404212	-11.9241179404212	-11.2797459402179	-11.2797459402179	-11.1787032806773	-12.2244456298084	-11.1367416087806	-11.7949967221055	-10.917771798911	-12.6315548705578	-11.2758410360561	-10.4936983644853	-11.0893050228569	-12.9980996486141	-11.3204840890776	-12.7593402078746	-9.93992821373086	-10.734857860682	-11.1787032806773	-11.2986921795365	-10.7478908262712	-15.9119965082721	-12.0499830952995	-11.0592661241705	-12.6158501535166	-12.9484983375764	-15.9119965082721	-10.1392735794577	-11.423644720812	-12.4559051545222	-12.419203109754	-10.8626470414392	-10.9527869901504	-10.1398912498671	-14.4679531883618	-13.7711434234625	-13.7711434234625	-11.724663845976	-10.142136535034	-12.9795700161801	-11.8528790078368	-12.2130580988986	-9.6002326981273	-13.7364762321746	-11.9803441799121	-10.9201886125074	-10.7482483375841	-10.9335727865507	-12.4213596299089	-11.0728688952721	-10.5230413246629	-10.8753969754016	-12.0059481213154	-11.1381715803903	-14.9819388731415	-11.8517879557993	-12.8015152627295	-10.7008340942713	-10.9037671205292	-12.4305609742758	-12.1882711206901	-12.659413689217	-13.3886873806963	-15.0093678655272	-14.9691978862332	-10.7019737979089	-10.710223338513	-12.3964077105916	-11.2787328222551	-10.7787675025868	-12.939986979171	-11.3425391212868	-11.4713581057606	-12.3611705305351	-10.9637439470901	-10.7253074492379	-12.5454132409509	-13.8746580751763	-14.8528902600941	-11.0381619860613	-13.2373967950663	-15.9119965082721	-13.2002653737291	-13.3391725157112	-12.7596777132956	-12.3339174016563	-11.923948504802	-12.0398539467645	-13.3999655300048	-11.0122280463719	-10.9132142471528	-11.9184899412945	-11.9184899412945	-15.6992737390266	-11.9639221726057	-10.6273335208139	-12.5912505632922	-11.3272945393875	-11.4331887276627	-12.8240225483167	-11.1001091698251	-11.1001091698251	-10.4479102549387	-13.577828657014	-10.6908316031605	-12.5052375731049	-10.8333319086629	-14.4269939998916	-10.3245665000868	-10.8945976413947	-11.4982393240217	-12.2865968260696	-10.7590396835694	-11.4863992939324	-11.0504647562808	-12.3608878076165	-11.880086759653	-15.7205241942807	-11.093225253958	-11.4863992939324	-11.093225253958	-11.093225253958	-12.4414335573325	-12.8406324643221	-12.656857531495	-12.7799883214583	-12.7799883214583	-12.5183191289697	-13.02198095715	-12.2524677129789	-10.893173715814	-13.082659262478	-12.7925234219967	-11.4812125374901	-12.7925234219967	-12.7925234219967	-12.5216483831727	-10.8900067623789	-15.6588955375059	-10.1972514965695	-13.303356392382	-12.460024257988	-10.9975397853492	-10.7173896717609	-15.9119965082721	-13.771157600124	-15.0646597071043	-14.6323594197467	-15.9119965082721	-11.9271672403226	-12.5982758442202	-11.1238764113711	-12.0830639652644	-10.2065433118405	-12.404889773999	-15.3106425129001	-13.8075508025868	-11.0938523281911	-10.8411699648254	-12.0538322706581	-14.0952492680218	-13.9809383967906	-15.0082980633438	-14.1858690714289	-13.2663183281024	-13.2663183281024	-13.9130128486036	-12.5959135404321	-12.9244213981203	-14.6304806924958	-20.2767565187476	-14.1822075027305	-13.1928023863956	-11.3211040168196	-11.2819813471922	-13.6231692672351	-13.6231692672351	-10.2147549658706	-14.0243445093225	-13.3865465365552	-13.4702068967617	-13.4702068967617	-11.2535789033702	-12.8938083274616	-12.8938083274616	-17.9690677906435	-20.2767565187476	-20.2767565187476	-12.357260005821	-13.9003210058587	-10.9291667851068	-11.9269540137345	-11.9269540137345	-18.0985540871031	-12.6885371417862	-11.2980792524264	-11.0351095321629	-11.2980792524264	-15.0233141998209	-11.9168971684598	-20.2767565187476	-13.2845869617723	-12.9082110828626	-15.0129843158569	-11.7484873091753	-13.6780393353027	-12.9620923582929	-14.1822075027305	-14.1822075027305	-12.6780393353027	-13.5951917990768	-10.4084768677206	-10.4084768677206	-10.2964447768496	-14.7205241942807	-11.7621269917435	-14.3556381724899	-15.0646597071043	-13.2034756528967	-15.7205241942807	-15.7205241942807	-11.9954060037666	-13.4389596616207	-14.2034756528967	-14.2034756528967	-13.570741602581	-11.3903849252154	-11.3009418094508	-11.4392046078097	-18.2945777958349	-14.121215435468	-15.0646597071043	-10.3888913069116	-13.537180817558	-12.6749393123273	-12.6960537820967	-15.0646597071043	-13.2974334069146	-15.7205241942807	-11.1199691558166	-15.3034486517132	-15.7205241942807	-13.771157600124	-15.7205241942807	-10.9415655773042	-11.4187422105416	-11.6689044453828	-14.659577700049	-14.0436847182087	-13.2275789201557	-15.0646597071043	-13.7097511485006	-11.5476152966921	-12.6185131521756	-12.6185131521756	-15.7205241942807	-14.2034756528967	-14.2034756528967	-13.8183499055111	-12.7988176015427	-12.7988176015427	-15.3034486517132	-15.0646597071043	-10.7368759174234	-15.7205241942807	-12.6780393353027	-14.5572943547263	-15.0548587284853	-13.570741602581	-14.2034756528967	-15.0646597071043	-11.151848236804	-12.6385727557864	-12.8526952333897	-14.2034756528967	-12.6185131521756	-13.570741602581	-10.0795628671606	-15.0646597071043	-9.84487001232915	-15.7205241942807	-13.5171536222661	-13.5528640206832	-15.1423668714646	-12.4372827568407	-18.2945777958349	-11.6628651261905	-10.7018994786782	-13.2007712827598	-11.6324431186256	-11.2070957763133	-12.8674792447848	-12.2675127341868	-12.2470502512117	-14.2034756528967	-11.5129513528778	-13.2034756528967	-12.577828657014	-15.7205241942807	-12.2165672402842	-13.479870968538	-13.5651755760752	-13.6780393353027	-12.0930768345816	-12.2366331742646	-13.7611833864116	-13.7611833864116	-13.7611833864116	-11.9163013115338	-17.147031928048	-17.147031928048	-13.4836758093559	-10.8176982106162	-15.0646597071043	-15.2232184584664	-16.3802078673606	-13.0227824426979	-13.2078055421956	-13.3672062603914	-12.5475910132915	-14.2034756528967	-15.7205241942807	-13.4418566292703	-13.6398600591728	-13.2551419574305	-13.3454808050186	-12.7709733143902	-13.1213690371797	-10.0851001982435	-12.563259531946	-11.3961207308391	-9.96598146330796	-12.2034756528967	-10.3277245198045	-11.3009418094508	-11.1413037345625	-11.3953475362316	-14.2034756528967	-13.915204324159	-9.49507920136227	-15.7992873405806	-9.63526274309355	-11.0887351316471	-12.3554202945014	-13.9306385758347	-13.2034756528967	-13.6780393353027	-13.9306385758347	-11.5611100836158	-11.5611100836158	-14.2034756528967	-11.5611100836158	-11.5611100836158	-14.8918186263345	-14.2034756528967	-14.2034756528967	-14.8918186263345	-15.6588955375059	-15.4965682994334	-14.7614790769066	-11.5611100836158	-15.7205241942807	-12.8877398442633	-12.7190124837058	-12.1479704338827	-13.7611833864116	-12.3091339695532	-14.2034756528967	-14.2034756528967	-14.2034756528967	-14.2034756528967	-10.8991489531964	-11.3961207308391	-11.6185131521756	-11.7728952957731	-12.2034756528967	-12.2034756528967	-11.6401092429949	-12.2034756528967	-12.7934877567019	-12.5217199362578	-10.9166344906676	-12.6185131521756	-11.1602106500363	-12.1215091000537	-10.2782932697573	-13.2034756528967	-13.2034756528967	-12.3233291303486	-12.3233291303486	-12.9457996374432	-13.2034756528967	-11.4897285143594	-12.8413839048187	-12.9169677467642	-12.9169677467642	-14.2034756528967	-13.2034756528967	-12.7396352072794	-12.3297667211603	-13.2034756528967	-13.2034756528967	-12.0510326346746	-13.2034756528967	-10.9026563243303	-11.1198563213249	-13.2034756528967	-12.6620335306048	-13.2034756528967	-13.2034756528967	-13.2034756528967	-12.5953549437978	-13.2034756528967	-13.2034756528967	-10.9076558123575	-13.2034756528967	-13.7890026014049	-13.7890026014049	-13.0817798652725	-13.2034756528967	-13.2034756528967	-12.5102276101488	-13.2034756528967	-13.2034756528967	-14.2034756528967	-11.3009418094508	-14.2034756528967	-13.771157600124	-14.2034756528967	-14.2034756528967	-14.2034756528967	-13.697467522503	-13.9306385758347	-13.6881088000717	-13.2007712827598	-14.2034756528967	-14.2034756528967	-14.2034756528967	-12.965446089298	-14.2034756528967	-11.7498800624305	-14.2034756528967	-13.570741602581	-18.5660484651527	-18.5660484651527	-14.2034756528967	-14.2034756528967	-17.2945777958349	-14.2034756528967	-14.121215435468	-14.2034756528967	-14.2034756528967	-14.2034756528967	-10.8636915440173	-14.2034756528967	-11.4342490275704	-14.2034756528967	-14.2034756528967	-12.8911251896276	-14.2034756528967	-14.2034756528967	-12.4639431737769	-14.2034756528967	-14.2034756528967	-14.2034756528967	-14.2034756528967	-14.2034756528967	-12.9980996486141	-14.2034756528967	-14.2034756528967	-14.2034756528967	-14.2034756528967	-14.2034756528967	-14.2034756528967	-14.2034756528967	-11.2896651124659	-13.0065446356974	-14.2034756528967	-14.2034756528967	-13.2034756528967	-14.2034756528967	-14.2034756528967	-14.2034756528967	-14.2034756528967	-14.0436847182087	-14.2034756528967	-14.2034756528967	-14.2034756528967	-12.9169677467642	-14.2034756528967	-14.2034756528967	-14.2034756528967	-15.4232241705027	-12.965446089298	-12.0519020937012	-13.2034756528967	-14.2034756528967	-12.0007443089825	-14.121215435468	-13.570741602581	-12.6185131521756	-14.2034756528967	-14.2034756528967	-14.2034756528967	-14.2034756528967	-14.2034756528967	-14.2034756528967	-14.2034756528967	-14.2034756528967	-9.56783969445385	-14.2034756528967	-14.2034756528967	-14.2034756528967	-14.2034756528967	-14.121215435468	-14.2034756528967	-13.043950170569	-12.965446089298	-12.965446089298	-14.2034756528967	-14.2034756528967	-14.2034756528967	-12.9169677467642	-18.5660484651527	-14.2034756528967	-11.4825524535335	-14.2034756528967	-14.2034756528967	-14.2034756528967	-14.2034756528967	-14.2034756528967	-14.2034756528967	-14.2034756528967	-14.0436847182087	-11.2626289166569	-13.2959641009861	-14.2034756528967	-14.2034756528967	-13.2775517497936	-13.3014203080592	-14.2034756528967	-16.2075944942402	-13.5181644667598	-14.2034756528967	-9.94056779012591	-13.8179837485484	-11.1675974754761	-14.2034756528967	-14.2034756528967	-14.2034756528967	-13.771157600124	-14.2034756528967	-14.2034756528967	-14.2034756528967	-14.2034756528967	-11.5611100836158	-14.2034756528967	-14.2034756528967	-14.2034756528967	-14.121215435468	-14.2034756528967	-11.9163013115338	-12.4128025861883	-14.2034756528967	-14.2034756528967	-14.2034756528967	-11.3009418094508	-14.2034756528967	-13.2034756528967	-11.0370684950634	-14.2034756528967	-14.2034756528967	-14.2034756528967	-14.2034756528967	-11.4437478667767	-13.570741602581	-14.2034756528967	-14.2034756528967	-14.2034756528967	-14.2034756528967	-12.7917538561226	-11.954482282984	-12.9169677467642	-12.4078072239862	-12.965446089298	-14.2034756528967	-11.9250166758752	-13.3014203080592	-16.4675625970263	-14.121215435468	-14.2034756528967	-17.297351739538	-11.4392046078097	-14.2034756528967	-14.2034756528967	-13.5032169461056	-14.2034756528967	-14.2034756528967	-14.2034756528967	-13.4418566292703	-14.2034756528967	-14.2034756528967	-14.2034756528967	-14.2034756528967	-14.2034756528967	-14.2034756528967	-14.2034756528967	-14.2034756528967	-14.2034756528967	-14.2034756528967	-14.2034756528967	-14.2034756528967	-14.0436847182087	-14.2034756528967	-14.2034756528967	-12.8262963926182	-12.9711832989501	-14.2034756528967	-14.2034756528967	-14.2034756528967	-14.121215435468	-13.7012848027503	-12.965446089298	-12.9169677467642	-14.2034756528967	-14.2034756528967	-14.2034756528967	-14.2034756528967	-14.121215435468	-11.1991777928555	-11.0813227904801	-11.3823718021309	-14.2034756528967	-14.2034756528967	-14.2034756528967	-14.2034756528967	-14.2034756528967	-14.2034756528967	-14.2034756528967	-14.2034756528967	-12.7493842417382	-12.8342942976319	-14.2034756528967	-14.2034756528967	-14.2034756528967	-14.2034756528967	-14.2034756528967	-12.7988176015427	-14.0436847182087	-14.2034756528967	-12.9070033991016	-11.3009418094508	-10.1717389820429	-14.2034756528967	-14.2034756528967	-14.2034756528967	-10.5159549060067	-18.2945777958349	-18.2945777958349	-18.2945777958349	-18.2945777958349	-18.2945777958349	-14.121215435468	-16.7114639981666	-18.2945777958349	-18.2945777958349	-10.1068527625059	-10.6606376595359	-18.2945777958349	-18.2945777958349	-18.2945777958349	-12.8986862062089	-15.4965682994334	-13.5117901728284	-18.2945777958349	-18.2945777958349	-18.2945777958349	-18.2945777958349	-18.2945777958349	-18.2945777958349	-10.9517924610203	-12.7947265049036	-18.2945777958349	-12.9519330598897	-12.8165931990038	-14.8826000963051	-14.8568264287013	-12.9291272415561	-13.229243057545	-16.4417889294225	-14.672732864802	-15.2913211465042	-15.3799484131668	-15.7205241942807	-13.3014203080592	-13.3014203080592	-15.4232241705027	-16.4675625970263	-12.2660436046843	-16.4675625970263	-12.1226843565241	-12.9775812149045	-16.4675625970263	-12.9266934462502	-16.4675625970263	-16.4675625970263	-15.0462213556627	-15.4232241705027	-16.4675625970263	-14.1331910887751	-15.0752276712291	-15.1622705037308	-8.88644983044702	-10.8307495883168	-11.4019754678552	-10.1190306414641	-10.6100823385052	-10.286418255032	-12.7190124837058	-11.5080641257865	-11.8129329530268	-11.5080641257865	-11.2916719006591	-11.5080641257865	-11.5080641257865	-11.5080641257865	-11.8477197273071	-13.7611833864116	-11.6307700629628	-11.8129329530268	-22.2613812928607	-22.2613812928607	-12.7190124837058	-11.7919516025539	-11.8129329530268	-12.0977671734284	-12.2470502512117	-11.5080641257865	-11.5080641257865	-11.5080641257865	-11.5080641257865	-11.5080641257865	-11.2565156717867	-11.2415131063853	-10.6524604081859	-13.9005380853877	-15.7123892388168	-16.297351739538	-13.4605042534908	-16.297351739538	-16.297351739538	-14.3034486517132	-14.3034486517132	-16.297351739538	-16.297351739538	-12.0544661730765	-12.0544661730765	-12.5837487967976	-17.297351739538	-17.297351739538	-17.297351739538	-15.9119965082721	-17.297351739538	-12.6927671455405	-13.3870895972561	-11.3233083432839	-13.7611833864116	-13.7611833864116	-13.7611833864116	-12.2470502512117	-15.7132605959327	-16.3802078673606	-16.3802078673606	-12.1965290543615	-12.3153585051376	-12.3153585051376	-12.3153585051376	-12.3153585051376	-13.9003210058587	-13.9003210058587	-13.9003210058587	-13.9003210058587	-13.9003210058587	-13.8303378057342	-13.9003210058587	-13.9003210058587	-13.9003210058587	-11.8477197273071	-11.8477197273071	-13.160876819796	-13.9003210058587	-11.4772291488001	-14.3556381724899	-15.0646597071043	-11.5981500923131	-14.8918186263345	-15.0646597071043	-15.0646597071043	-15.0646597071043	-15.0646597071043	-15.0646597071043	-14.2034756528967	-14.2034756528967	-15.7205241942807	-20.2613812928607	-12.7611833864116	-13.2704604987699	-11.8129329530268	-13.7611833864116	-22.2613812928607	-13.7611833864116	-15.0646597071043	-13.7611833864116	-13.7611833864116	-13.7611833864116	-13.7611833864116	-12.6410383984166	-13.6780393353027	-13.6780393353027	-11.7909343962314	-13.5951416044126	-13.6742829888798	-17.7576819536829	-13.160876819796	-12.6780393353027	-13.6780393353027	-13.6780393353027	-13.7611833864116	-12.2470502512117	-12.2470502512117	-12.2470502512117	-18.6819520738986	-14.8918186263345	-15.9119965082721	-20.2767565187476	-18.807987035531	-14.8918186263345	-14.2034756528967	-15.7205241942807	-15.7205241942807	-19.9394531979734	-20.2613812928607	-15.7205241942807	-22.2613812928607	-15.0646597071043	-15.9119965082721	-15.7205241942807	-15.7205241942807	-15.7205241942807	-16.3802078673606	-13.2034756528967	-14.2034756528967	-14.2034756528967	-20.2767565187476	-18.2308018854016	-15.7301376189871	-18.2945777958349	-13.9003210058587	-13.9003210058587	-15.7205241942807	-14.8918186263345	-13.6780393353027	-14.8918186263345	-14.8918186263345	-18.6819520738986	-18.807987035531	-15.9119965082721	-15.9119965082721	-16.3802078673606	-13.6780393353027	-13.6780393353027	-22.2613812928607	-17.7576819536829	-14.2034756528967
Plate2_1136R_0_F_S5_week9_S69_L001	-6.91988733551218	-6.30257434877632	-6.49636490864236	-7.14697375965877	-6.67175386892414	-7.78146002954788	-8.17222073406655	-7.05514255158795	-6.19420057303294	-7.5122999552242	-7.36637232952321	-8.6294240873839	-9.21409161110031	-8.42737889000756	-9.44481224092587	-7.75482858739989	-7.44517904850595	-7.73452853523776	-8.46740787135147	-8.16950492561173	-10.0000928719057	-10.5651184282838	-8.86310929334427	-8.20015426012053	-9.33801209147554	-9.19092210965796	-8.50737836626019	-9.59073896647597	-9.59073896647597	-8.05626388469187	-10.70599579667	-9.56365138817625	-10.5841628846747	-10.70599579667	-8.3643406136441	-9.10943081685426	-9.70872121509276	-9.33495852451121	-9.69354366990941	-9.0595015591711	-9.77961836304984	-10.0760716033291	-9.66268332308753	-9.17558886500541	-8.69152732284391	-10.1075241861084	-11.1775204578655	-11.1759641175395	-9.00218649145844	-9.34120377186842	-9.86043066328535	-9.80388568549037	-9.33715732714232	-8.82548004882729	-8.60323540943057	-9.17682430192349	-8.72574222423494	-8.99575152925654	-8.84482784895899	-9.08182240772314	-9.02749685469345	-9.56704392999075	-8.71838107380271	-8.71838107380271	-9.88022629301065	-8.5185145171586	-8.53715068460173	-10.4999341514698	-9.88546117643011	-8.53310872619867	-9.25723041011182	-9.78082467767329	-9.18685252261887	-9.98461630164032	-8.6463045872669	-8.90445515763383	-9.3361394929352	-12.1365544236967	-8.06076913040134	-9.23846043688729	-9.70820542977152	-11.0713580173944	-9.70738914661818	-9.70738914661818	-9.68703715487279	-9.14340858600699	-8.14108729946956	-10.2684459794766	-9.71444222503322	-8.99575152925654	-8.76328169352599	-9.31740273463953	-9.38685468715054	-8.01954186648102	-8.16947570793624	-11.0902750505979	-9.71366181525768	-8.9745822338319	-8.5254918730769	-9.81374586236586	-8.88945127552471	-9.00300793405618	-9.33222004023156	-8.41854720425407	-9.59803954428858	-9.16194889260135	-9.67539088099064	-10.0679118753835	-9.81619617060576	-10.3487811573757	-12.1775204578655	-11.2504352877935	-16.6382277651781	-12.1730029017286	-12.1365544236967	-8.15801771595137	-9.67573217147583	-8.83785625488914	-9.1284126488301	-11.1859863400368	-11.1859863400368	-10.1482592380215	-10.318312274451	-10.318312274451	-9.86244197388421	-9.71949659697883	-9.70020786702068	-8.80687024349238	-9.3668103803135	-12.129929872652	-9.57505858937033	-9.3950495114247	-12.1191253876445	-9.23774152806912	-9.70577226517531	-9.99464914298757	-10.0021864914584	-10.0021864914584	-10.0021864914584	-10.3140048294242	-12.1365544236967	-10.0021864914584	-10.1016604653235	-8.66880755773632	-8.66880755773632	-10.1151897918667	-9.13063895458022	-9.13084516911862	-9.98500640568406	-10.2322506638011	-9.53216099187455	-10.0220973145876	-11.4201764230715	-10.1016604653235	-10.0060358550922	-8.76070578334779	-11.4201764230715	-10.4250862660904	-9.75195814255115	-9.94047912378397	-9.32696797641018	-11.8036725364059	-9.36107028189917	-9.71366181525768	-9.83429764488316	-9.98254672358064	-9.27007721815303	-9.19892366512491	-9.70151113826528	-10.4250862660904	-10.6464369966399	-9.53826557304799	-10.3487811573757	-10.0021864914584	-8.740480507625	-9.83429764488316	-9.83429764488316	-10.360526502523	-9.32876018008969	-10.8281847366004	-8.68596838246611	-9.59644094814856	-9.4958601199655	-10.0193807480819	-9.91087380687917	-9.45465046003983	-8.78930173106878	-10.0021864914584	-9.97093512073503	-10.0060358550922	-11.8753617695353	-10.2326764354106	-10.8470981736769	-9.51097852341324	-9.94047912378397	-8.93103982147927	-9.0976005025996	-10.0021864914584	-9.51275938910313	-9.24777383271202	-10.2646685002939	-9.23150129056342	-11.3279610150813	-11.998621811766	-10.1237530531752	-9.07239155511854	-9.22672247716365	-10.0045202858066	-9.24583563719128	-10.0021864914584	-9.98484893748457	-10.0021864914584	-10.110208055678	-9.94047912378397	-9.36292417442365	-10.4847359423959	-10.4847359423959	-10.7886716123054	-9.91221401631798	-9.99301620831667	-10.0181108632222	-9.74550132350732	-10.017099045619	-10.017099045619	-10.3452314826715	-10.0021864914584	-9.75195814255115	-10.0021864914584	-10.1287278954787	-9.81691680094244	-8.86686887562157	-10.2167078211432	-10.2087731718531	-9.75649237389126	-10.360526502523	-10.360526502523	-10.360526502523	-12.1775204578655	-10.4874586469604	-9.7064461429963	-10.360526502523	-9.68341542010996	-9.57345721392735	-10.017099045619	-10.0038298446339	-11.9538316686058	-9.77917134032627	-12.1365544236967	-10.7981925065829	-10.309885707581	-10.3406719513974	-10.0021864914584	-10.360526502523	-10.214954108127	-9.50162004684739	-10.4870325726048	-8.59520636851986	-10.0038298446339	-9.5115797712299	-10.3332903438941	-10.2551457621082	-11.3844351738307	-9.75521742743709	-9.13995972213	-9.66092062902391	-10.360526502523	-9.90913107645671	-9.99003319920215	-9.07794634500357	-10.0038298446339	-8.6100030391807	-9.45712922665154	-10.855849761366	-9.36875888354736	-10.360526502523	-9.54167166833628	-9.54167166833628	-12.1775204578655	-10.0036996097606	-9.55542810248306	-9.98653763532337	-9.64415546115281	-10.5930438007834	-10.3499834333075	-9.89223139702128	-9.89223139702128	-9.98254672358064	-9.36875888354736	-10.0129382711626	-11.4566652196844	-10.309674787253	-9.98905312319397	-9.87186019419155	-9.93764000296891	-10.0038298446339	-9.74356495162614	-12.1365544236967	-10.3203057947875	-10.3203057947875	-11.3238498724344	-13.6698435392151	-9.58837726267696	-11.1775204578655	-9.42541418383474	-9.7541829443869	-10.7503419094548	-10.5964659893156	-10.5404894361622	-9.97928688834178	-8.94217841840332	-9.58355641189754	-11.1568920393337	-11.0816581339718	-9.77862027727096	-10.0038298446339	-10.7947677471154	-10.0048330471385	-10.0227965558728	-12.1775204578655	-12.1775204578655	-9.91188037470668	-12.1365544236967	-11.2102112954326	-9.56074333057056	-9.74629806329757	-12.1775204578655	-10.0021864914584	-9.36778430297452	-10.0038298446339	-11.2617439457597	-12.1775204578655	-8.91612998468617	-9.93118626093448	-10.0038298446339	-10.0021864914584	-10.0021864914584	-11.7668084075449	-10.0021864914584	-11.7719562337897	-10.2856041329154	-8.91145029864039	-9.6064996773217	-9.16323960775558	-10.0038298446339	-10.0070523411231	-12.1365544236967	-10.4870325726048	-12.1775204578655	-9.7471399376906	-10.244224640576	-10.049085702827	-10.4441962052274	-9.6100868041685	-10.1135200403364	-9.90596951857009	-10.0863352147576	-10.3503518463303	-10.0927178163642	-9.5964802286045	-10.0038298446339	-9.99068157581758	-8.45470431068447	-9.80275057589115	-10.8884914905751	-9.03571480060436	-10.8884914905751	-10.0038298446339	-9.66557837907563	-9.61977831127653	-9.17000865832452	-11.3050832475334	-12.1269197132563	-10.360526502523	-12.0967195930133	-11.4564424067485	-10.3269480166992	-12.1365544236967	-10.2033519981589	-9.73574151774689	-9.91743644640001	-9.11706291514144	-10.3487811573757	-8.94106507637188	-9.99365299466261	-9.72111234702579	-9.72860586033832	-10.4615114382052	-10.3322400730151	-9.73372854669103	-9.9917408951303	-10.0929734039053	-9.77423877279192	-9.98792879046344	-9.95993475205181	-11.6333434947655	-10.4870325726048	-9.51219516410632	-10.360526502523	-9.71633187188007	-10.4870325726048	-9.99506397637107	-10.0038298446339	-9.72532983878687	-10.8825126460416	-10.0129382711626	-9.45903852910209	-9.8036243554714	-9.95540948965661	-9.73794034954194	-9.75018186045778	-11.9898629276901	-10.3798609523529	-10.3332903438941	-10.2073139848755	-9.95288152906018	-10.1097797866392	-10.0038298446339	-10.6631069782856	-10.6631069782856	-10.744996169031	-12.1365544236967	-12.1365544236967	-11.3656521638056	-10.0193254552096	-9.84179261869986	-9.83358448651317	-10.3203057947875	-9.91431479686988	-11.7521304215921	-10.0361023227607	-9.73952539092753	-10.401396267983	-9.47020082868235	-9.49936206574324	-12.0908587238533	-10.3203057947875	-9.76239757328978	-10.0021864914584	-9.55208463620965	-10.2719016300379	-10.2719016300379	-9.98416784447521	-9.8823043194684	-9.92998484415673	-10.0123643179079	-10.0186278938591	-10.0021864914584	-10.7006606321904	-8.92032270006624	-9.50876962067566	-9.89503017198613	-9.89503017198613	-10.0021864914584	-9.86053974139173	-11.8727334536598	-10.0118901270001	-10.3402377561709	-11.0730240575719	-12.0908587238533	-10.9678246022641	-9.7987409295889	-10.0038298446339	-10.2092363689917	-11.1615641914068	-10.0038298446339	-10.4686864911348	-10.0937307352477	-10.0030063069749	-9.36779687401598	-9.98368292234047	-10.0021864914584	-10.0038298446339	-9.60784912503704	-9.60784912503704	-10.360526502523	-11.3621033599039	-12.0091090326247	-9.96962638520626	-9.81680239113857	-10.1111652864515	-10.1111652864515	-11.2383761562629	-9.7968880864671	-10.360526502523	-9.7245333236178	-7.84358927248573	-10.288080198049	-10.0021864914584	-10.0021864914584	-9.94047912378397	-9.94622736697835	-12.1775204578655	-9.51514751154189	-9.96959013670698	-9.42997000094738	-11.3279610150813	-10.3584225402012	-9.65115625701382	-10.3612546462756	-9.98312048840156	-10.0597560674455	-10.1178407539256	-10.1178407539256	-10.0006749584729	-9.99086097921943	-9.81680239113857	-9.69688297488131	-9.97320420174473	-9.74671212782014	-9.28531599697992	-8.43476124216016	-12.1365544236967	-10.3378905962512	-9.88658344006894	-10.0021864914584	-11.3279610150813	-10.0021864914584	-9.86217277129568	-9.91342640806342	-9.87106408059496	-10.214954108127	-11.2213910520533	-10.4626852630247	-10.0038298446339	-9.9867441959524	-10.0038298446339	-10.3437116856286	-9.20134595401676	-12.1365544236967	-10.1194089790419	-11.3844351738307	-11.1673772356822	-9.76713057627223	-9.27224670953957	-10.0038298446339	-8.37394275547314	-10.3452314826715	-9.85131323818506	-10.360526502523	-9.98123190453354	-9.45170775444226	-9.21880678030238	-7.95990616841793	-10.7607013816666	-10.6246213011598	-8.95086793186856	-10.0374634699986	-10.0009784382395	-9.45394480183197	-11.0033610541004	-10.6334623776382	-9.29595135109149	-11.270494717107	-10.1629959881941	-10.002100632976	-11.2419724168676	-10.607029808291	-10.4196038262477	-9.48363258681471	-11.9668810737547	-12.2212063076175	-8.89084909670643	-10.5232548202224	-9.72936640172736	-12.7369419903402	-10.1964492467708	-10.3213417296871	-9.31965192449968	-9.3617427833806	-12.2483739294607	-10.5156887502771	-10.6655629261046	-10.6790876491255	-11.414793093669	-9.99002416914766	-10.7439504953369	-9.62489570211054	-8.59560281083653	-9.70450377093645	-11.6897987212197	-9.73003146386698	-11.414793093669	-10.3705584519957	-8.6035521536221	-8.99633996437005	-13.4630290022585	-10.2133741985072	-11.8993000173994	-9.86271713194496	-10.4715231267407	-12.9334401446261	-10.4756652818536	-10.5139728959804	-11.7699702073472	-12.74628553425	-10.1389510190337	-9.96065821706521	-8.52962103578011	-10.5139728959804	-9.01980242593146	-10.3543881922045	-13.7408484043447	-10.1364337703084	-11.2528338738283	-9.63691273436995	-10.4346499738748	-12.001180576886	-9.58992735145626	-11.9865826771759	-10.8304096561832	-10.6230400064982	-10.361340579804	-12.7995111069655	-10.7366616644469	-11.3347697083893	-14.5358483230423	-9.90248704077062	-10.3863354841705	-12.0348242936843	-10.977950089844	-10.7323446043192	-10.0507981884878	-11.3395086351113	-11.5810475658222	-12.9209663093415	-10.0900773191394	-11.2561126642157	-11.7783562427795	-9.39375747816449	-11.7026411703124	-10.0609534001191	-13.0143157729747	-11.2368308629503	-10.1059177953658	-11.1920932142105	-9.69833499282075	-11.7529051110979	-13.1692354150013	-10.1150800562359	-11.333111154816	-11.8827054347847	-12.9765589339485	-10.4875733807899	-10.1468462994663	-9.46584017279502	-11.8827054347847	-10.2281367723601	-13.3737115304219	-11.333111154816	-11.2086163041049	-10.8894308223204	-12.100516618619	-11.8964947684264	-9.63927893383442	-10.7920987831827	-11.2950430458021	-10.4679865124925	-10.2184727365186	-10.4449298213889	-9.82889984481647	-10.2833852302283	-12.0901284778271	-9.7366432665826	-8.92967242928973	-12.0875203147968	-9.7366432665826	-11.1159110189045	-10.912035575675	-11.3976841125578	-14.1767391413474	-13.1586062568979	-13.8116576181017	-10.8959919010563	-13.1867401555921	-12.4796038136038	-10.8261543781515	-11.9949202920246	-10.0749341760408	-12.1457824731605	-11.3381762904683	-13.2713771104464	-12.3736947001999	-12.3807367526964	-13.7738450504388	-12.20143071262	-14.3824222194136	-13.6533727939809	-12.4394552673271	-12.4027136234067	-10.7669023429681	-12.4126145967414	-10.6781697133723	-13.5248845669073	-13.6956817017231	-11.1291270226987	-10.2562871943335	-13.7855122657105	-12.4394552673271	-10.0076130849849	-12.3448520019259	-14.3219001612898	-10.7401582681131	-10.7401582681131	-11.0233555329387	-13.3935522764397	-14.5344478893625	-11.3822325907276	-12.0151110085255	-13.8930628004617	-13.8930628004617	-10.511719126158	-13.0917886627915	-12.6281544450963	-11.9813543565775	-14.2573542262896	-10.7136857806056	-10.8090846985916	-9.73106170365534	-14.4813001042647	-13.4844224290991	-12.37202947935	-11.086500711573	-11.086500711573	-11.4055239938397	-8.67668956419853	-10.0774696357647	-10.7350316586568	-10.3509530997099	-10.3623296009064	-10.7532466317884	-11.3530030533484	-11.3612771720453	-10.9848013790405	-12.2463078083357	-14.5184026453472	-11.1237516378796	-11.1237516378796	-10.8524180351124	-10.8524180351124	-10.8288271644134	-12.1660022939569	-11.1309422423716	-11.2370344590598	-10.4122152453181	-13.5563929219319	-10.7993630292065	-10.4878256451811	-10.6985763474259	-14.1489820693771	-11.793025775691	-13.7441517367846	-9.44173821814174	-10.3681606435913	-10.8288271644134	-10.7350316586568	-10.3923839082104	-14.5184026453472	-11.4597292659861	-10.9073356310598	-12.298483194782	-12.3792762543276	-14.5184026453472	-9.80149240198458	-10.8336817146258	-13.7560277790525	-13.1966323364152	-10.5073402843847	-10.5302256497391	-9.60103369057355	-16.7844916365705	-13.7848765259144	-13.7848765259144	-11.4648331853718	-9.85746454379118	-13.9119634723612	-12.2067217285971	-11.8023218128429	-8.99959250418415	-13.3235117336703	-12.1524803875602	-10.3902500289791	-10.3929679740495	-10.5020260772009	-13.7425773640199	-10.5749560326051	-10.1289452001649	-10.6068616486422	-12.2808556550026	-11.1192989220298	-14.3563133274262	-12.1363859401013	-13.7913904404824	-10.3373333269755	-10.3575635062479	-12.4368294968636	-12.2231003024356	-12.273278518922	-14.1146658091211	-14.3974000760408	-14.0678955367288	-10.4657513718282	-10.3401136069405	-11.8424719974238	-10.9207757169781	-10.3778923433086	-13.9910320140249	-10.868776215565	-10.8820613098146	-11.4766437106697	-10.2337658533523	-10.3653258377444	-13.2371814335062	-16.5712312011058	-16.4223193774119	-10.5029259128502	-12.4375435430131	-14.5184026453472	-12.6557815155095	-14.1003021612593	-13.7697287901048	-12.1970611250373	-12.2448663605815	-12.2482998680314	-12.4695612678079	-11.8240521330997	-10.637183927664	-11.8383180651319	-11.8383180651319	-14.5097952739974	-11.4436360797461	-10.3514004755279	-12.2633286427271	-10.5723993088487	-12.3578672727823	-12.3334417310066	-10.5155958990158	-10.5155958990158	-10.0605185071657	-12.8549637517573	-10.355715654025	-12.0676504791101	-10.3989244330132	-14.2442723365598	-9.56285150754615	-10.4922725509477	-11.1944486837038	-11.5605881432555	-10.2697718076406	-10.842093555065	-10.5062291978481	-12.3115040573629	-12.1956620771992	-17.4093435187289	-10.5150574795131	-10.842093555065	-10.5150574795131	-10.5150574795131	-12.2263668404485	-12.3223288717232	-12.2804958885463	-12.265459896975	-12.265459896975	-11.7983178743053	-12.7761255770136	-12.3556948770669	-10.7916782330297	-12.4100130196294	-14.0057717381607	-10.9367470844993	-14.0057717381607	-14.0057717381607	-11.6271529769805	-10.3524399170534	-14.4842043730681	-9.68924567072635	-12.3641500027973	-11.9916698621959	-10.5403364121745	-10.3632148697573	-14.5184026453472	-16.3511345187361	-16.77500042234	-14.2865259210792	-14.5184026453472	-11.4850004370252	-12.2666376493564	-10.7248638991729	-12.2660283470511	-9.84727577094418	-11.9791018768401	-14.1182707179822	-15.4045762786793	-10.5266359104831	-13.172885750887	-11.7943700725822	-15.748396306368	-15.6956059650617	-16.5856933414649	-13.6606808717831	-15.515711035469	-15.515711035469	-16.5200855924158	-14.5774824045682	-14.7616546590749	-15.3551697349362	-21.0331353054226	-17.1909154373085	-16.2421076048142	-12.2543762703874	-10.9264032487869	-14.987731075827	-14.987731075827	-9.73161808036779	-16.8059144448776	-16.2856769675929	-12.821729076132	-12.821729076132	-10.8301036416664	-14.3389778497854	-14.3389778497854	-19.3580437364108	-21.0331353054226	-21.0331353054226	-13.3059147970574	-13.9348052168065	-10.4663712987347	-11.6957616502905	-11.6957616502905	-20.4035037553677	-13.601018913712	-10.840882042882	-10.522300242391	-10.840882042882	-15.5915378262865	-13.9959354501661	-21.0331353054226	-14.8905754444694	-12.7983043205128	-16.7271510227945	-11.1708634702808	-12.8686789652726	-15.7107649425886	-17.1909154373085	-17.1909154373085	-11.8686789652726	-15.2019177043434	-9.91158346190106	-9.91158346190106	-9.63783105837221	-16.4093435187289	-11.5972881701662	-16.0575847139138	-16.77500042234	-16.2951832995855	-17.4093435187289	-17.4093435187289	-15.035646895069	-15.7853152459588	-17.2951832995855	-17.2951832995855	-16.0117729132195	-10.8349845087801	-10.8421156766555	-10.9954860509852	-19.8999688539904	-17.0756061215519	-16.77500042234	-9.92119443846662	-13.8105272007739	-14.7529248120173	-13.6093970031383	-16.77500042234	-12.8009995106029	-17.4093435187289	-11.1125661616899	-15.6753509480187	-17.4093435187289	-16.3511345187361	-17.4093435187289	-10.3398102673429	-10.6733878166894	-11.0139170079724	-15.3836282992847	-15.6400727474771	-15.4049890000456	-16.77500042234	-16.2328458633631	-11.0189292516277	-15.7102207988643	-15.7102207988643	-17.4093435187289	-17.2951832995855	-17.2951832995855	-14.3219001612898	-12.7628708367102	-12.7628708367102	-15.6753509480187	-16.77500042234	-10.3927863340836	-17.4093435187289	-11.8686789652726	-16.2118968126186	-16.77500042234	-16.0117729132195	-17.2951832995855	-16.77500042234	-10.7797404544315	-15.1180789804741	-15.5152356926864	-17.2951832995855	-15.7102207988643	-16.0117729132195	-9.38498719355064	-16.77500042234	-9.36603171528464	-17.4093435187289	-15.9174879689009	-14.0567089805203	-14.5583197167356	-13.2295524553715	-19.8999688539904	-12.4236986736966	-10.0444465998576	-16.2951832995855	-11.0062634909441	-10.6209369696151	-12.7961373521373	-11.787201470569	-11.6665780228004	-17.2951832995855	-11.0101708551348	-16.2951832995855	-12.5558657956207	-17.4093435187289	-11.8319522644216	-12.8266046821285	-12.7312293488573	-12.8686789652726	-11.2837164645515	-13.6179197132013	-12.5487037731146	-12.5487037731146	-12.5487037731146	-11.637708278245	-20.0331353054226	-20.0331353054226	-13.7191570915791	-10.2647512098085	-16.77500042234	-17.0355190815547	-18.1353469169213	-15.8093703520456	-14.8893429971506	-12.7081056901033	-12.4342927443713	-17.2951832995855	-17.4093435187289	-15.8125790162337	-16.1342972360329	-14.4686909850345	-14.9895043912822	-15.3712631146064	-15.2422550970232	-9.68504919229323	-14.9307584393881	-14.4878283775279	-9.32662544089166	-15.2951832995855	-9.81940860766355	-10.8421156766555	-10.3231208594941	-14.4878283775279	-17.2951832995855	-16.6549508906801	-8.84088553281023	-17.3047013448775	-10.3050832475334	-10.323897023077	-12.0420092560558	-16.5846955838866	-16.2951832995855	-12.8686789652726	-16.5846955838866	-11.0219924576194	-11.0219924576194	-17.2951832995855	-11.0219924576194	-11.0219924576194	-17.6382277651781	-17.2951832995855	-17.2951832995855	-17.6382277651781	-14.4842043730681	-17.1730907711031	-17.3649862023459	-11.0219924576194	-17.4093435187289	-12.741399882492	-11.6998385834111	-11.0627187039343	-12.5487037731146	-11.5220782512804	-17.2951832995855	-17.2951832995855	-17.2951832995855	-17.2951832995855	-11.6511210689505	-14.4878283775279	-14.7102207988643	-13.7147843533867	-15.2951832995855	-15.2951832995855	-13.4159624285985	-15.2951832995855	-13.3595695483598	-15.4326893735304	-10.7180359548358	-15.7102207988643	-10.9851600340825	-13.5650761489718	-9.90982828210202	-16.2951832995855	-16.2951832995855	-12.4980396990847	-12.4980396990847	-14.1313462510432	-16.2951832995855	-11.5829453296769	-15.4950598735302	-12.803101270783	-12.803101270783	-17.2951832995855	-16.2951832995855	-14.7148525755951	-12.1374800065195	-16.2951832995855	-16.2951832995855	-14.2132574879437	-16.2951832995855	-10.4430505659069	-10.8257422025922	-16.2951832995855	-13.7448916763916	-16.2951832995855	-16.2951832995855	-16.2951832995855	-12.7040963529733	-16.2951832995855	-16.2951832995855	-10.6353607928535	-16.2951832995855	-15.3745735002623	-15.3745735002623	-15.9771980853343	-16.2951832995855	-16.2951832995855	-13.6781083998579	-16.2951832995855	-16.2951832995855	-17.2951832995855	-10.8421156766555	-17.2951832995855	-16.3511345187361	-17.2951832995855	-17.2951832995855	-17.2951832995855	-16.1107668890879	-16.5846955838866	-16.1610034888044	-16.2951832995855	-17.2951832995855	-17.2951832995855	-17.2951832995855	-12.4959352230764	-17.2951832995855	-10.9617323944196	-17.2951832995855	-16.0117729132195	-21.9030747648582	-21.9030747648582	-17.2951832995855	-17.2951832995855	-18.8999688539904	-17.2951832995855	-17.0756061215519	-17.2951832995855	-17.2951832995855	-17.2951832995855	-10.3085812332103	-17.2951832995855	-11.3266914164394	-17.2951832995855	-17.2951832995855	-15.636094413397	-17.2951832995855	-17.2951832995855	-12.6593344537376	-17.2951832995855	-17.2951832995855	-17.2951832995855	-17.2951832995855	-17.2951832995855	-14.1489820693771	-17.2951832995855	-17.2951832995855	-17.2951832995855	-17.2951832995855	-17.2951832995855	-17.2951832995855	-17.2951832995855	-10.8394112082664	-13.7798631137121	-17.2951832995855	-17.2951832995855	-16.2951832995855	-17.2951832995855	-17.2951832995855	-17.2951832995855	-17.2951832995855	-15.6400727474771	-17.2951832995855	-17.2951832995855	-17.2951832995855	-12.803101270783	-17.2951832995855	-17.2951832995855	-17.2951832995855	-17.0382482288162	-12.4959352230764	-12.6802632100009	-16.2951832995855	-17.2951832995855	-11.9583551318247	-17.0756061215519	-16.0117729132195	-15.7102207988643	-17.2951832995855	-17.2951832995855	-17.2951832995855	-17.2951832995855	-17.2951832995855	-17.2951832995855	-17.2951832995855	-17.2951832995855	-9.04110817407415	-17.2951832995855	-17.2951832995855	-17.2951832995855	-17.2951832995855	-17.0756061215519	-17.2951832995855	-13.8007551079902	-12.4959352230764	-12.4959352230764	-17.2951832995855	-17.2951832995855	-17.2951832995855	-12.803101270783	-21.9030747648582	-17.2951832995855	-11.0048604169813	-17.2951832995855	-17.2951832995855	-17.2951832995855	-17.2951832995855	-17.2951832995855	-17.2951832995855	-17.2951832995855	-15.6400727474771	-11.0528852323014	-14.9111424820035	-17.2951832995855	-17.2951832995855	-15.5475565852377	-12.790657728037	-17.2951832995855	-17.8571739142496	-12.5127501225427	-17.2951832995855	-9.32612542804216	-16.5575242196938	-10.8096674461118	-17.2951832995855	-17.2951832995855	-17.2951832995855	-16.3511345187361	-17.2951832995855	-17.2951832995855	-17.2951832995855	-17.2951832995855	-11.0219924576194	-17.2951832995855	-17.2951832995855	-17.2951832995855	-17.0756061215519	-17.2951832995855	-11.637708278245	-12.3544820214108	-17.2951832995855	-17.2951832995855	-17.2951832995855	-10.8421156766555	-17.2951832995855	-16.2951832995855	-10.5231026799808	-17.2951832995855	-17.2951832995855	-17.2951832995855	-17.2951832995855	-10.9961051444767	-16.0117729132195	-17.2951832995855	-17.2951832995855	-17.2951832995855	-17.2951832995855	-12.7677281327394	-12.3399409668291	-12.803101270783	-12.6875417651126	-12.4959352230764	-17.2951832995855	-11.2091447687821	-12.790657728037	-17.9472745687688	-17.0756061215519	-17.2951832995855	-16.1912001516548	-10.9954860509852	-17.2951832995855	-17.2951832995855	-12.5168331684123	-17.2951832995855	-17.2951832995855	-17.2951832995855	-15.8125790162337	-17.2951832995855	-17.2951832995855	-17.2951832995855	-17.2951832995855	-17.2951832995855	-17.2951832995855	-17.2951832995855	-17.2951832995855	-17.2951832995855	-17.2951832995855	-17.2951832995855	-17.2951832995855	-15.6400727474771	-17.2951832995855	-17.2951832995855	-12.6690915265005	-15.7472794801925	-17.2951832995855	-17.2951832995855	-17.2951832995855	-17.0756061215519	-16.1107668890879	-12.4959352230764	-12.803101270783	-17.2951832995855	-17.2951832995855	-17.2951832995855	-17.2951832995855	-17.0756061215519	-10.7880692449471	-10.7730357304245	-11.4692015831786	-17.2951832995855	-17.2951832995855	-17.2951832995855	-17.2951832995855	-17.2951832995855	-17.2951832995855	-17.2951832995855	-17.2951832995855	-14.8184679488341	-13.687081595319	-17.2951832995855	-17.2951832995855	-17.2951832995855	-17.2951832995855	-17.2951832995855	-12.7628708367102	-15.6400727474771	-17.2951832995855	-15.0142055768877	-10.8421156766555	-9.80085806885859	-17.2951832995855	-17.2951832995855	-17.2951832995855	-10.0663700495111	-19.8999688539904	-19.8999688539904	-19.8999688539904	-19.8999688539904	-19.8999688539904	-17.0756061215519	-16.0848782831532	-19.8999688539904	-19.8999688539904	-9.39087325538748	-10.0999673094616	-19.8999688539904	-19.8999688539904	-19.8999688539904	-15.020010182976	-17.1730907711031	-12.7212370811112	-19.8999688539904	-19.8999688539904	-19.8999688539904	-19.8999688539904	-19.8999688539904	-19.8999688539904	-11.4690415523455	-12.0739699132603	-19.8999688539904	-14.6046566151142	-14.5010183388792	-16.3623120680476	-16.3623120680476	-13.4312243917164	-14.9214582769646	-17.9472745687688	-14.2726507142816	-16.9895662904852	-14.9920444388888	-17.4093435187289	-12.790657728037	-12.790657728037	-17.0382482288162	-17.9472745687688	-11.7281081999787	-17.9472745687688	-11.6398844997649	-12.6074562303203	-17.9472745687688	-12.7022691499285	-17.9472745687688	-17.9472745687688	-16.6533809662005	-17.0382482288162	-17.9472745687688	-16.3072707044896	-15.553431291759	-16.9124328195565	-8.27094113598223	-10.2067989330388	-10.9367694628896	-9.39251988490519	-9.93869468175036	-9.51234847435283	-11.6998385834111	-10.858677112258	-11.0407674069583	-10.858677112258	-10.8132316490602	-10.858677112258	-10.858677112258	-10.858677112258	-11.3938440897305	-12.5487037731146	-11.023910104342	-11.0407674069583	-24.0605203755451	-24.0605203755451	-11.6998385834111	-11.1458873833192	-11.0407674069583	-11.4253880174486	-11.6665780228004	-10.858677112258	-10.858677112258	-10.858677112258	-10.858677112258	-10.858677112258	-10.6970151075763	-10.778801898663	-9.94685134012147	-12.9511620539553	-14.6062376509337	-15.1912001516548	-12.6057433910909	-15.1912001516548	-15.1912001516548	-14.6753509480187	-14.6753509480187	-15.1912001516548	-15.1912001516548	-11.2364298779516	-11.2364298779516	-12.5166956416236	-16.1912001516548	-16.1912001516548	-16.1912001516548	-14.5184026453472	-16.1912001516548	-11.4901326765202	-13.150982541945	-10.680806580327	-12.5487037731146	-12.5487037731146	-12.5487037731146	-11.6665780228004	-17.7923889667906	-18.1353469169213	-18.1353469169213	-11.654063509899	-12.3498427160854	-12.3498427160854	-12.3498427160854	-12.3498427160854	-13.9348052168065	-13.9348052168065	-13.9348052168065	-13.9348052168065	-13.9348052168065	-13.9099411598475	-13.9348052168065	-13.9348052168065	-13.9348052168065	-11.3938440897305	-11.3938440897305	-12.8167326056133	-13.9348052168065	-10.6060844122717	-16.0575847139138	-16.77500042234	-11.0155350508519	-17.6382277651781	-16.77500042234	-16.77500042234	-16.77500042234	-16.77500042234	-16.77500042234	-17.2951832995855	-17.2951832995855	-17.4093435187289	-22.0605203755451	-11.5487037731146	-12.4736139111196	-11.0407674069583	-12.5487037731146	-24.0605203755451	-12.5487037731146	-16.77500042234	-12.5487037731146	-12.5487037731146	-12.5487037731146	-12.5487037731146	-12.3886225666132	-12.8686789652726	-12.8686789652726	-11.1458873833192	-12.8613920137438	-12.8686789652726	-20.4942692192909	-12.8167326056133	-11.8686789652726	-12.8686789652726	-12.8686789652726	-12.5487037731146	-11.6665780228004	-11.6665780228004	-11.6665780228004	-21.9030747648582	-17.6382277651781	-14.5184026453472	-21.0331353054226	-21.9030747648582	-17.6382277651781	-17.2951832995855	-17.4093435187289	-17.4093435187289	-21.7385922806577	-22.0605203755451	-17.4093435187289	-24.0605203755451	-16.77500042234	-14.5184026453472	-17.4093435187289	-17.4093435187289	-17.4093435187289	-18.1353469169213	-16.2951832995855	-17.2951832995855	-17.2951832995855	-21.0331353054226	-19.7809161823466	-14.5097952739974	-19.8999688539904	-13.9348052168065	-13.9348052168065	-17.4093435187289	-17.6382277651781	-12.8686789652726	-17.6382277651781	-17.6382277651781	-21.9030747648582	-21.9030747648582	-14.5184026453472	-14.5184026453472	-18.1353469169213	-12.8686789652726	-12.8686789652726	-24.0605203755451	-20.4942692192909	-17.2951832995855
Plate2_2402R_0_F_S5_week9_S70_L001	-6.41120453892972	-6.25283934931582	-6.41716228373989	-6.76291473698789	-6.64034748034177	-7.0226562401831	-7.68813854183616	-7.0965834537059	-6.51479575388069	-7.58393269902133	-7.29767045533697	-8.20644175897311	-8.44805973342451	-8.08613537780515	-8.55805950988657	-7.87855457175236	-7.44777975502605	-7.4356959298153	-8.0616170443836	-8.16388805085553	-9.37597449542633	-9.0966708115228	-8.50362406190262	-7.95165727754023	-8.72198293290605	-8.42588802506288	-8.34606863462559	-8.80751528029738	-8.80751528029738	-8.0728976091635	-9.65021295924159	-9.17882445678292	-9.51773773772329	-9.65021295924159	-8.41481296683409	-8.95343188769878	-9.20035544673745	-9.04110186887255	-9.21179494334654	-8.86048716802053	-9.20561602711584	-9.41009536185482	-8.78458665064999	-8.97716719662841	-9.00090846873966	-9.45101909227065	-9.74159559110437	-9.74159559110437	-8.85338974389429	-9.10169997718644	-9.805716057934	-9.27408237312322	-9.06611070995528	-8.64401742208478	-8.67827195865072	-8.9698932858155	-8.66853054725759	-8.85032697230717	-8.72899564344772	-8.95873199426761	-8.91419669817828	-9.12522143072118	-8.7271175800028	-8.7271175800028	-9.30402243912822	-8.64126552875708	-8.6328650521415	-11.0279075881292	-9.30408913118198	-8.87703957896906	-8.91509548329027	-9.2522642785626	-8.959009390261	-9.23501869124997	-8.66820967281083	-8.79849287986486	-9.0561894007802	-10.6525615679978	-8.24211104572813	-9.00502233624319	-9.22716033990226	-9.65635158610567	-9.23644556872952	-9.23644556872952	-9.20287243435996	-8.89339229295414	-8.30390538074408	-9.50550381884444	-9.23127078775506	-8.85032697230717	-8.79991521548981	-9.00127960190084	-9.07040861573348	-8.19778637810363	-8.36157842526377	-9.56584717958402	-9.23019185755897	-8.88574604772938	-8.48145974501233	-9.27438352860104	-8.76276083220744	-8.85422060279164	-8.98840456002246	-8.49797644744239	-9.17785770287421	-8.95480651362915	-9.72959965611872	-9.76162890962224	-9.74560601281742	-10.0274334843541	-10.7415955911044	-10.4006025025086	-14.5598015019417	-10.7379361673824	-10.6517993404385	-8.69433471702501	-9.7360001744973	-9.12913362844651	-9.36013936072779	-10.3946451861489	-10.3946451861489	-9.96810132161849	-10.0180871706163	-10.0180871706163	-9.77839151791013	-9.69778190741254	-9.67703747108016	-9.02616931858288	-9.49912039294914	-10.6499141664701	-9.57808770782966	-9.51821830710045	-10.713933572263	-9.37302333345741	-9.61494681123761	-9.80621170905094	-9.85338974389429	-9.85338974389429	-9.85338974389429	-10.0259902627175	-10.6525615679978	-9.85338974389429	-9.90827239091224	-8.90785074601178	-8.90785074601178	-9.91139272413586	-9.39154907528437	-9.39208189359795	-9.81525030542192	-9.98710729136049	-9.60281149293972	-9.86369430075449	-10.424760048824	-9.90827239091224	-9.85657730484038	-9.05075610772781	-10.424760048824	-9.99213647942709	-9.70465926325252	-9.82208184931112	-9.49470280296886	-10.6480938900354	-9.49826891024177	-9.23019185755897	-9.7556494178121	-9.84315826643294	-9.42864028126077	-9.34139497152904	-9.66979586543458	-9.99213647942709	-10.2006622903084	-9.55926002593756	-10.0274334843541	-9.85338974389429	-9.00565219857813	-9.75605892690932	-9.75605892690932	-10.0845296764968	-9.47702249935339	-9.77461146684054	-8.93459687074771	-9.584284187141	-9.55982635034726	-9.82565373204269	-9.86317432448996	-9.51789406978172	-9.04439863813448	-9.85338974389429	-9.74336593523375	-9.85657730484038	-10.6628445464291	-10.0365546514351	-10.1922326799558	-9.51653591807047	-9.82208184931112	-9.0998077254991	-9.36513377378928	-9.85338974389429	-9.50623768909562	-9.36627606427813	-9.98727740831299	-9.4083228571251	-10.4852621541909	-10.609098365556	-9.92043689843521	-9.27157780650763	-9.39782063870052	-9.8550519404626	-9.53273194873465	-9.85338974389429	-9.84393786563724	-9.85338974389429	-9.89981563929194	-9.82208184931112	-9.46324556620428	-10.1450927139149	-10.1450927139149	-10.2796546500114	-9.80372512312974	-9.80460481097209	-9.89017853145757	-9.72333809432962	-9.87023857893754	-9.87023857893754	-10.0694804697927	-9.85338974389429	-9.70465926325252	-9.85338974389429	-9.90307174099809	-9.74662129025388	-9.16665346363344	-9.9704963571531	-9.96120474688483	-9.70947250821946	-10.0845296764968	-10.0845296764968	-10.0845296764968	-10.7415955911044	-10.1725374246478	-9.69136708053096	-10.0845296764968	-9.63927680117608	-9.62256570749457	-9.87023857893754	-9.8550519404626	-10.5237117776008	-9.76533402716661	-10.6525615679978	-10.3193654586546	-10.0288820597636	-10.0393409456799	-9.85338974389429	-10.0845296764968	-9.96884573452264	-9.48802779381932	-10.1460538614037	-8.81323473468975	-9.8550519404626	-9.62560778077127	-10.033243590105	-10.081514547149	-10.414013886807	-9.70769882052128	-9.24775063981071	-9.72500637075584	-10.0845296764968	-9.8005186399819	-9.79887474276995	-8.93587633428412	-9.8550519404626	-8.87139210743937	-9.52700810229479	-10.2363616222313	-9.50150483514333	-10.0845296764968	-9.52872983701472	-9.52872983701472	-10.7415955911044	-9.85491335091252	-9.57726206973335	-9.8339368559107	-9.63586941161961	-9.99297346162273	-10.0504386788846	-9.7922455027806	-9.7922455027806	-9.84315826643294	-9.50150483514333	-9.90546016169411	-10.4713567605105	-9.95873422811626	-9.83837852014568	-9.72605604422965	-9.79585392623832	-9.8550519404626	-9.6936808421018	-10.6517993404385	-10.0218465936032	-10.0218465936032	-10.4826902333443	-14.2187902647628	-9.19902889039292	-9.74159559110437	-8.76829904950085	-9.70794724337005	-10.1611095085545	-9.90214855181843	-10.1188332959912	-9.78917628670979	-9.25045885996104	-9.67157235049075	-9.69639186134191	-10.2291954631498	-9.48116211325949	-9.8550519404626	-10.2415900583812	-9.85703522882147	-9.86369430075449	-10.7415955911044	-10.7415955911044	-9.71680006532367	-10.6525615679978	-10.3384869911312	-9.51245545495857	-9.68091699093748	-10.7415955911044	-9.85338974389429	-9.50031212142966	-9.8550519404626	-10.3789058009981	-10.7415955911044	-9.25203385818825	-9.86596250041806	-9.8550519404626	-9.85338974389429	-9.85338974389429	-10.5619977198524	-9.85338974389429	-10.5644884733952	-9.99474354712954	-9.14339828112125	-9.60970506083105	-9.39755465710139	-9.8550519404626	-9.90264982252797	-10.6525615679978	-10.1471276455125	-10.7415955911044	-9.68149444344564	-10.0245352341207	-9.82328053302036	-10.1671321598246	-9.69892575544564	-9.96263906597925	-9.79977148490858	-9.79637414501399	-10.0483675838729	-9.95239139816363	-9.64017633023543	-9.8550519404626	-9.84002350143347	-8.68219076533724	-9.69342433136983	-10.3819529019496	-9.19799049602664	-10.3819529019496	-9.8550519404626	-9.65905499862795	-9.58973746626389	-9.46928888088138	-10.4103524642648	-10.6482559997092	-10.0845296764968	-10.5687042367533	-10.4516534510617	-10.0465946098866	-10.6525615679978	-10.6418814226825	-9.69608459226498	-9.75914595144581	-9.22322926878831	-10.0274334843541	-9.16728616774894	-9.80429702646525	-9.68909161334513	-9.72596606039109	-10.0303375686451	-10.1243801260407	-9.68144959045086	-9.83820248119301	-9.85880445790704	-9.75489022510033	-9.83759781060434	-9.85082540939226	-10.5126997607852	-10.1471276455125	-9.52796234241394	-10.0845296764968	-9.52335051127385	-10.1471276455125	-9.85740028446588	-9.8550519404626	-9.68372410369077	-10.2782313369195	-9.90546016169411	-9.59031126974422	-9.69869815688441	-9.83793743581962	-9.66933274110465	-9.68742978097763	-10.6049203892948	-10.0197034775079	-10.033243590105	-10.0120803427383	-9.83127867908986	-9.95897029095236	-9.8550519404626	-10.2193485753456	-10.2193485753456	-10.188110907369	-10.6525615679978	-10.6525615679978	-10.3741420976848	-9.87274788504121	-9.76927720993862	-9.72321159667121	-10.0218465936032	-9.80061272889775	-10.5600533942363	-9.89532926503123	-9.72720478173108	-10.1088431022149	-9.55688253542655	-9.48348168220751	-10.7227152005371	-10.0218465936032	-9.7173983626233	-9.85338974389429	-9.59058585344069	-10.0146053043704	-10.0146053043704	-9.84480870981674	-9.76215317437057	-9.81102098887241	-9.86535655392972	-9.87178009361476	-9.85338974389429	-10.2607038094407	-9.21126438516213	-9.64747143808393	-9.71089654176882	-9.71089654176882	-9.85338974389429	-9.81008297138076	-10.5669063498259	-9.86846087636401	-10.0195054175102	-10.1980977299293	-10.7227152005371	-10.2494374441939	-9.70564861955322	-9.8550519404626	-9.94054152564842	-10.3218859704592	-9.8550519404626	-10.1287482140098	-9.89839813344256	-9.85352818715242	-9.50276421791612	-9.81442945581337	-9.85338974389429	-9.8550519404626	-9.62800367348002	-9.62800367348002	-10.0845296764968	-10.3839412236739	-10.7040787071354	-9.77489462737265	-9.74608593152218	-9.93926783746974	-9.93926783746974	-10.4643128695793	-9.69930516618984	-10.0845296764968	-9.63302486538477	-8.3211161444705	-9.89820105039412	-9.85338974389429	-9.85338974389429	-9.82208184931112	-9.81164622456795	-10.7415955911044	-9.53157074118462	-9.8282525783515	-9.541762580719	-10.4852621541909	-10.0825810933198	-9.72861850196781	-10.1075959791122	-9.70187908430451	-9.92616211403716	-9.92586585100674	-9.92586585100674	-9.85186774423556	-9.84179395074021	-9.74649273461915	-9.70818256491268	-9.83105988429571	-9.68190002698155	-9.42412763623975	-8.75549871149895	-10.6525615679978	-10.0365247881066	-9.74129839656027	-9.85338974389429	-10.4852621541909	-9.85338974389429	-9.77396538725243	-9.77205374353858	-9.84090708206343	-9.96884573452264	-10.4204394632091	-10.1484077307723	-9.8550519404626	-9.83579147205654	-9.8550519404626	-10.066925926104	-9.40783635896112	-10.6525615679978	-9.9519896422662	-10.414013886807	-10.3522732929845	-9.70376043681001	-9.42173109902429	-9.8550519404626	-8.76429215984019	-10.0694804697927	-9.75235170809007	-10.0845296764968	-9.77255105085043	-9.54751682612515	-9.95676754702491	-8.64673828571489	-10.9009154512272	-11.2689820192003	-9.62628946568349	-10.4878698292724	-10.6833844514491	-10.3653494266289	-10.9689942132488	-11.2149788390339	-9.94635684246349	-11.7787069696879	-10.6138383067641	-10.6570165437509	-11.532952550833	-11.0123415273707	-10.956478314676	-10.2171264255458	-12.626640780369	-12.2348478132183	-9.48247504290638	-11.0939523979732	-10.4144611128489	-12.9633552666159	-10.5890543898854	-10.8605369040422	-9.9239354444174	-10.0708745223263	-12.208749108686	-11.2169206955374	-11.0150581766372	-11.0381870723082	-12.0576105346352	-10.4712441609996	-11.1824183930965	-10.2150571034941	-9.40418751919617	-10.3974047801556	-12.5951911800088	-10.2415366111903	-12.0576105346352	-11.0714838880403	-9.32141291926751	-9.73040730678742	-12.2857944038844	-10.6849861937379	-12.2467702323141	-10.3941829134917	-10.940809929993	-13.772198991899	-11.0050784666572	-11.0475200221071	-12.1844858003989	-12.9809056618311	-10.7244802377316	-10.5720003081145	-9.1980168642801	-11.0475200221071	-9.70081322152599	-10.7130201588089	-13.1509645077662	-10.6627317339554	-11.5517124167391	-10.3373442186021	-11.232319921747	-12.2445644789716	-10.2634208426341	-12.4551282488118	-11.5145626545149	-11.3304381214464	-10.7349489821898	-12.7401307075637	-11.4565848637916	-11.6333974356206	-14.8658333314942	-10.5104157230475	-10.8247400835513	-12.4084830256428	-11.7172956897671	-11.3149027002606	-10.6723438784772	-11.2653544562509	-11.9666698003405	-13.747289964277	-10.6161583422539	-11.6079312825263	-11.9176095644834	-10.1004421707637	-11.472673552193	-10.6709293188985	-12.9311538569779	-11.5628497529152	-10.7518361534772	-11.6466609124799	-10.3723358281962	-12.1068061416474	-12.7256188514306	-10.7710818718695	-11.637861492218	-12.205684948919	-13.0552520435646	-11.1565203542112	-10.6820782739925	-10.0961154165137	-12.205684948919	-11.0121715201668	-13.9622859508774	-11.637861492218	-11.8544838078939	-11.2418382967124	-12.7847427366034	-12.5796854352223	-10.4158261113818	-11.3447213312823	-11.7690460731609	-10.8081725390645	-10.8077942433628	-10.7628791440322	-10.5288155078893	-10.7959616799414	-12.5165605804001	-10.3064778869967	-9.61036406427047	-12.7768599288307	-10.3064778869967	-11.683657643699	-11.591840604321	-11.8985295371003	-14.8334903002401	-12.1009269188917	-14.1033218271593	-11.5951610850136	-13.3183972758686	-12.6311765102193	-11.4297147892248	-12.1450317102908	-10.7654401764698	-12.3079597091913	-10.5509230595679	-12.6122890013223	-12.851842852134	-12.7266176194804	-13.0543606460222	-12.6375801465965	-15.214658710447	-12.6579012130996	-11.9519414687207	-13.0563798136588	-11.3573067556054	-13.0549527272578	-11.2759027736516	-13.128262403387	-13.5315718487617	-11.7603213519332	-10.8600764766278	-13.0451162907075	-11.9519414687207	-10.6916696336912	-12.6670844364503	-14.0033033430345	-11.4294361553407	-11.4294361553407	-11.5347030431725	-13.3381295353191	-13.7608535809629	-11.758653242781	-12.3926601738415	-13.3419935875946	-13.3419935875946	-11.13491040805	-11.5217523326801	-11.9405084381592	-12.3457122166981	-14.8858331199084	-11.3977348328267	-11.40078457668	-10.614084567496	-15.290000187583	-14.2253251340132	-12.8451927085792	-11.5962310003216	-11.5962310003216	-11.968224988999	-9.45095677148441	-10.8050070370847	-11.4990851977574	-10.9393589353469	-10.9725036564332	-11.3177037950858	-11.9574391763255	-11.7558040213326	-11.1915771296724	-12.3795745147313	-15.3638035583039	-11.8239450151244	-11.8239450151244	-11.5130463415825	-11.5130463415825	-11.4661428594209	-12.5686065049668	-11.5584693505288	-11.9945962114788	-11.1327279630969	-13.1875715341521	-11.4472213976099	-10.9290106518704	-11.3563019921521	-13.3157474169594	-11.7604277820326	-13.1560097355173	-10.1585749010718	-10.9836121860228	-11.4661428594209	-11.4990851977574	-11.0045111117738	-15.3638035583039	-12.0906294904599	-11.357018206978	-12.9275758423305	-13.0563798136588	-15.3638035583039	-10.3187517866612	-11.5628497529152	-13.0072469254175	-12.7547331337412	-11.0944971436243	-11.1389831477379	-10.3018252181832	-15.4142752623615	-14.2813475331503	-14.2813475331503	-11.9385715695357	-10.3999613797582	-13.6068503243512	-12.2821746875204	-12.3177973859802	-9.76004298349458	-13.9585406407383	-12.3163311896738	-11.1187168195874	-11.0041422201829	-11.1072121482785	-12.9935919817143	-11.3641329152943	-10.74492014116	-11.195471036317	-12.3153926901166	-11.4606514033684	-15.1423534840721	-12.2136809796674	-13.5084110237389	-10.9506673067002	-10.9596310254103	-12.6847312241266	-12.4174113749452	-12.7657436893453	-13.862151647349	-14.9897767931493	-14.7948206975409	-10.9608862857275	-10.9559788005013	-12.3860604521463	-11.5023441206011	-10.9991606727905	-13.4319375303451	-11.5457630302357	-11.6371868315596	-12.3394900839515	-11.0434302151585	-10.9781981677669	-12.950599185543	-14.571286297973	-16.5800565076007	-11.215009077072	-13.1648472036891	-15.3638035583039	-13.2973108468782	-13.7909337754568	-13.4470333679668	-12.6261818409297	-12.2658168458169	-12.3851795636923	-13.1920392222556	-10.661267185743	-11.2328204636684	-12.2555758996163	-12.2555758996163	-15.2922202727205	-12.1630719422512	-10.905723553005	-12.7454595634008	-11.3788569800953	-12.1158146036588	-13.1437342997293	-11.2401703038494	-11.2401703038494	-10.7102307314087	-13.5194660110285	-10.9686897733274	-12.5925267345463	-10.9988865506169	-14.8013649935436	-10.4165735250996	-11.0967519269165	-11.7475652393987	-12.239873491001	-10.8944131519077	-11.6541824892012	-11.2217483805154	-12.5973874935057	-12.3031264158694	-16.9895333537277	-11.2382529566303	-11.6541824892012	-11.2382529566303	-11.2382529566303	-12.6712660511214	-12.8345830358451	-12.7557884955446	-12.898598100282	-12.898598100282	-12.4801293020203	-13.2075630093396	-12.4093660513219	-11.2051124677072	-13.0856968384833	-13.2024403616907	-11.627971110001	-13.2024403616907	-13.2024403616907	-12.5815600981911	-11.1142180501711	-15.2960082963844	-10.4562232001856	-13.0876040419184	-12.5277888976831	-11.1604319788216	-10.9745800008972	-15.3638035583039	-14.4440532388034	-16.4324585932757	-14.9071482782416	-15.3638035583039	-12.1127293050314	-12.7454595634008	-11.3032512110808	-12.4085033657747	-10.4115698678975	-12.6396653145956	-14.9334114588631	-15.2826443645663	-11.2374758907588	-11.6253069486012	-12.189835111692	-15.4045708530066	-15.2954364492569	-16.548371552748	-14.2482947896698	-14.1015318500512	-14.1015318500512	-14.6122093543368	-13.2778206872289	-13.606953015578	-15.5419315780787	-20.4140465561618	-14.7151154599723	-13.701295285176	-11.7018859392727	-11.5629086104305	-14.4479612187304	-14.4479612187304	-10.4303124856067	-14.603242104753	-14.0306553009968	-13.5071559605533	-13.5071559605533	-11.5128386017709	-13.5007842097244	-13.5007842097244	-19.7412112994153	-20.4140465561618	-23.2161328293032	-13.05280838268	-14.6422222047839	-11.1839773751126	-12.346604400972	-12.346604400972	-18.7613522370106	-13.4601453573402	-11.5352714669444	-11.2131728214085	-11.5352714669444	-15.7958845221507	-12.6309107033901	-23.2161328293032	-14.0682845730395	-13.0208271087498	-16.1422723007638	-11.7418518424445	-13.554084207898	-13.5732275911409	-14.7151154599723	-14.7151154599723	-12.554084207898	-15.2824654219472	-10.652366457195	-10.652366457195	-10.4969642426584	-15.9895333537277	-12.0703490806555	-15.6842731310917	-16.4324585932757	-13.7151154599723	-16.9895333537277	-16.9895333537277	-12.5284828017535	-14.2159538902934	-14.7151154599723	-14.7151154599723	-14.3320518302472	-11.6505430859822	-11.5352714669444	-11.6595075731547	-19.7412112994153	-14.6715052275352	-16.4324585932757	-10.604163114302	-14.3733002138185	-13.6714173622041	-13.4601453573402	-16.4324585932757	-13.4031678198949	-16.9895333537277	-11.3666993461606	-15.9887059668215	-16.9895333537277	-14.4440532388034	-16.9895333537277	-11.1828845191927	-11.4977105498438	-11.8443807886155	-15.5920554180894	-14.4437697377743	-14.2158684580057	-16.4324585932757	-14.4078200943541	-11.7077482513819	-13.1301529592512	-13.1301529592512	-16.9895333537277	-14.7151154599723	-14.7151154599723	-14.0033033430345	-12.9966526366073	-12.9966526366073	-15.9887059668215	-16.4324585932757	-10.9939169826212	-16.9895333537277	-12.554084207898	-15.9147783710207	-16.3911641610989	-14.3320518302472	-14.7151154599723	-16.4324585932757	-11.4451085188967	-13.3694386144517	-13.5109069610494	-14.7151154599723	-13.1301529592512	-14.3320518302472	-10.232297419445	-16.4324585932757	-10.0491125819274	-16.9895333537277	-14.2984939490394	-14.31383368928	-15.2284672458128	-12.8452477705433	-19.7412112994153	-12.0646066581279	-10.7609288877538	-13.7087597658893	-11.8229850046292	-11.352063008757	-13.0031497553664	-12.4045505682422	-12.4077347081753	-14.7151154599723	-11.7018709830205	-13.7151154599723	-12.9137155781555	-16.9895333537277	-12.2524764803677	-13.5136784919343	-13.4263994418537	-13.554084207898	-11.9691217071769	-12.6886432486111	-13.6763656723755	-13.6763656723755	-13.6763656723755	-12.1422655356943	-18.6918973638081	-18.6918973638081	-13.6667778719341	-10.9494934071831	-16.4324585932757	-16.5656866983254	-17.313117647311	-13.6548096535353	-13.8801131113914	-13.3625893343882	-12.8839823750459	-14.7151154599723	-16.9895333537277	-14.2208176250486	-14.3905372623008	-13.8491956791765	-14.0230738857323	-13.4416202786429	-13.5730725562902	-10.3532488257778	-13.0339211974567	-11.9077605379147	-10.1604585258302	-12.7151154599723	-10.62585073819	-11.5352714669444	-11.2036681392893	-11.9059417664231	-14.7151154599723	-14.4945786507176	-9.68556404526986	-17.754386688163	-9.41035246426479	-11.1478982769686	-12.6720911332049	-14.638305080648	-13.7151154599723	-13.554084207898	-14.638305080648	-11.7132651029167	-11.7132651029167	-14.7151154599723	-11.7132651029167	-11.7132651029167	-15.571286297973	-14.7151154599723	-14.7151154599723	-15.571286297973	-15.2960082963844	-16.789810007741	-15.4932837859717	-11.7132651029167	-16.9895333537277	-13.1261000190296	-12.613929770129	-12.0494804675157	-13.6763656723755	-12.3621047186797	-14.7151154599723	-14.7151154599723	-14.7151154599723	-14.7151154599723	-11.1950271401344	-11.9077605379147	-12.1301529592512	-12.2097943922818	-12.7151154599723	-12.7151154599723	-12.0926380034338	-12.7151154599723	-13.0108368870532	-13.1040924641797	-11.0802689438244	-13.1301529592512	-11.3917068896322	-12.6965439682312	-10.520792295835	-13.7151154599723	-13.7151154599723	-12.4924039413147	-12.4924039413147	-13.2940904937253	-13.7151154599723	-11.8019018977743	-13.4690947713033	-13.0208271087498	-13.0208271087498	-14.7151154599723	-13.7151154599723	-13.3987971661508	-12.4848181704765	-13.7151154599723	-13.7151154599723	-12.9298278477286	-13.7151154599723	-11.1151588403432	-11.3842572094475	-13.7151154599723	-13.05607389057	-13.7151154599723	-13.7151154599723	-13.7151154599723	-12.8787993585544	-13.7151154599723	-13.7151154599723	-11.1385495460011	-13.7151154599723	-14.3597863327503	-14.3597863327503	-13.6501847005353	-13.7151154599723	-13.7151154599723	-13.1054437189284	-13.7151154599723	-13.7151154599723	-14.7151154599723	-11.5352714669444	-14.7151154599723	-14.4440532388034	-14.7151154599723	-14.7151154599723	-14.7151154599723	-14.553940215579	-14.638305080648	-14.4284108333411	-13.7087597658893	-14.7151154599723	-14.7151154599723	-14.7151154599723	-13.1042044713392	-14.7151154599723	-11.8228928338466	-14.7151154599723	-14.3320518302472	-19.6608637263541	-19.6608637263541	-14.7151154599723	-14.7151154599723	-18.7412112994153	-14.7151154599723	-14.6715052275352	-14.7151154599723	-14.7151154599723	-14.7151154599723	-11.0191101555075	-14.7151154599723	-11.8234947611664	-14.7151154599723	-14.7151154599723	-13.4854530877497	-14.7151154599723	-14.7151154599723	-12.8093885863342	-14.7151154599723	-14.7151154599723	-14.7151154599723	-14.7151154599723	-14.7151154599723	-13.3157474169594	-14.7151154599723	-14.7151154599723	-14.7151154599723	-14.7151154599723	-14.7151154599723	-14.7151154599723	-14.7151154599723	-11.5303938673261	-13.6567894211182	-14.7151154599723	-14.7151154599723	-13.7151154599723	-14.7151154599723	-14.7151154599723	-14.7151154599723	-14.7151154599723	-14.4437697377743	-14.7151154599723	-14.7151154599723	-14.7151154599723	-13.0208271087498	-14.7151154599723	-14.7151154599723	-14.7151154599723	-16.9005191934836	-13.1042044713392	-12.3241720156811	-13.7151154599723	-14.7151154599723	-12.2590707240083	-14.6715052275352	-14.3320518302472	-13.1301529592512	-14.7151154599723	-14.7151154599723	-14.7151154599723	-14.7151154599723	-14.7151154599723	-14.7151154599723	-14.7151154599723	-14.7151154599723	-9.73666075076855	-14.7151154599723	-14.7151154599723	-14.7151154599723	-14.7151154599723	-14.6715052275352	-14.7151154599723	-13.6782085080013	-13.1042044713392	-13.1042044713392	-14.7151154599723	-14.7151154599723	-14.7151154599723	-13.0208271087498	-19.6608637263541	-14.7151154599723	-11.6765101714864	-14.7151154599723	-14.7151154599723	-14.7151154599723	-14.7151154599723	-14.7151154599723	-14.7151154599723	-14.7151154599723	-14.4437697377743	-11.4675258823231	-14.0682845730395	-14.7151154599723	-14.7151154599723	-14.1197987481226	-13.4187914604883	-14.7151154599723	-18.5625690808719	-13.6283879780505	-14.7151154599723	-10.1220934557415	-14.4460059055227	-11.4705634398292	-14.7151154599723	-14.7151154599723	-14.7151154599723	-14.4440532388034	-14.7151154599723	-14.7151154599723	-14.7151154599723	-14.7151154599723	-11.7132651029167	-14.7151154599723	-14.7151154599723	-14.7151154599723	-14.6715052275352	-14.7151154599723	-12.1422655356943	-12.8422224789184	-14.7151154599723	-14.7151154599723	-14.7151154599723	-11.5352714669444	-14.7151154599723	-13.7151154599723	-11.2128175723003	-14.7151154599723	-14.7151154599723	-14.7151154599723	-14.7151154599723	-11.6662524842737	-14.3320518302472	-14.7151154599723	-14.7151154599723	-14.7151154599723	-14.7151154599723	-12.9490125766411	-12.6224117668303	-13.0208271087498	-12.7026164916437	-13.1042044713392	-14.7151154599723	-11.9026548361147	-13.4187914604883	-18.9078611688247	-14.6715052275352	-14.7151154599723	-16.9878790541505	-11.6595075731547	-14.7151154599723	-14.7151154599723	-13.5495373959734	-14.7151154599723	-14.7151154599723	-14.7151154599723	-14.2208176250486	-14.7151154599723	-14.7151154599723	-14.7151154599723	-14.7151154599723	-14.7151154599723	-14.7151154599723	-14.7151154599723	-14.7151154599723	-14.7151154599723	-14.7151154599723	-14.7151154599723	-14.7151154599723	-14.4437697377743	-14.7151154599723	-14.7151154599723	-12.925222580115	-13.5732275911409	-14.7151154599723	-14.7151154599723	-14.7151154599723	-14.6715052275352	-14.5653782615131	-13.1042044713392	-13.0208271087498	-14.7151154599723	-14.7151154599723	-14.7151154599723	-14.7151154599723	-14.6715052275352	-11.4688784176353	-11.3815755302379	-11.7936806167947	-14.7151154599723	-14.7151154599723	-14.7151154599723	-14.7151154599723	-14.7151154599723	-14.7151154599723	-14.7151154599723	-14.7151154599723	-13.700836884974	-13.5397378258089	-14.7151154599723	-14.7151154599723	-14.7151154599723	-14.7151154599723	-14.7151154599723	-12.9966526366073	-14.4437697377743	-14.7151154599723	-13.8217736998749	-11.5352714669444	-10.465447612993	-14.7151154599723	-14.7151154599723	-14.7151154599723	-10.7192382637761	-19.7412112994153	-19.7412112994153	-19.7412112994153	-19.7412112994153	-19.7412112994153	-14.6715052275352	-16.7883694733818	-19.7412112994153	-19.7412112994153	-10.2456714764245	-10.8974486692778	-19.7412112994153	-19.7412112994153	-19.7412112994153	-13.8023374444893	-16.789810007741	-13.4083894647298	-19.7412112994153	-19.7412112994153	-19.7412112994153	-19.7412112994153	-19.7412112994153	-19.7412112994153	-11.4000887726379	-13.0629985129939	-19.7412112994153	-14.255784472245	-13.9921646758409	-17.3228986681036	-17.106934863087	-13.4335095623974	-14.3753660879977	-18.6918973638081	-15.1354960936327	-16.8066090226848	-15.8088408355332	-16.9895333537277	-13.4187914604883	-13.4187914604883	-16.9005191934836	-18.9078611688247	-12.6571180356344	-18.9078611688247	-12.3487143316083	-13.1898071446268	-18.9078611688247	-13.245770502815	-18.9078611688247	-18.9078611688247	-16.6508967481512	-16.9005191934836	-18.9078611688247	-15.0879427853032	-15.9435379844776	-16.6599336553812	-9.08947830615861	-11.0133527113175	-11.5761170219127	-10.2502756626159	-10.7816321247076	-10.415556278726	-12.613929770129	-11.7039613757857	-11.905646037762	-11.7039613757857	-11.5970582968554	-11.7039613757857	-11.7039613757857	-11.7039613757857	-12.1283160020473	-13.6763656723755	-11.7886262280194	-11.905646037762	-21.538437418399	-21.538437418399	-12.613929770129	-11.8699248722489	-11.905646037762	-12.1803990941231	-12.4077347081753	-11.7039613757857	-11.7039613757857	-11.7039613757857	-11.7039613757857	-11.7039613757857	-11.5270445373753	-11.4985611617105	-10.8012822052003	-13.6770613602939	-15.4029165534293	-15.9878790541505	-13.3091022155155	-15.9878790541505	-15.9878790541505	-14.9887059668215	-14.9887059668215	-15.9878790541505	-15.9878790541505	-11.9252924237062	-11.9252924237062	-12.9878547403632	-16.9878790541505	-16.9878790541505	-16.9878790541505	-15.3638035583039	-16.9878790541505	-12.6054786972158	-13.8238120942173	-11.4680790389707	-13.6763656723755	-13.6763656723755	-13.6763656723755	-12.4077347081753	-16.843706829358	-17.313117647311	-17.313117647311	-12.2673284749659	-13.0572597040628	-13.0572597040628	-13.0572597040628	-13.0572597040628	-14.6422222047839	-14.6422222047839	-14.6422222047839	-14.6422222047839	-14.6422222047839	-14.5970165730664	-14.6422222047839	-14.6422222047839	-14.6422222047839	-12.1283160020473	-12.1283160020473	-13.235580161308	-14.6422222047839	-11.5292433856935	-15.6842731310917	-16.4324585932757	-11.7650481792302	-15.571286297973	-16.4324585932757	-16.4324585932757	-16.4324585932757	-16.4324585932757	-16.4324585932757	-14.7151154599723	-14.7151154599723	-16.9895333537277	-19.538437418399	-12.6763656723755	-13.4772123454711	-11.905646037762	-13.6763656723755	-21.538437418399	-13.6763656723755	-16.4324585932757	-13.6763656723755	-13.6763656723755	-13.6763656723755	-13.6763656723755	-12.741057611397	-13.554084207898	-13.554084207898	-11.8681531503585	-13.5285712211474	-13.5483984462054	-19.3626996761616	-13.235580161308	-12.554084207898	-13.554084207898	-13.554084207898	-13.6763656723755	-12.4077347081753	-12.4077347081753	-12.4077347081753	-20.1191328499317	-15.571286297973	-15.3638035583039	-23.2161328293032	-20.7946505583767	-15.571286297973	-14.7151154599723	-16.9895333537277	-16.9895333537277	-19.2165093235116	-19.538437418399	-16.9895333537277	-21.538437418399	-16.4324585932757	-15.3638035583039	-16.9895333537277	-16.9895333537277	-16.9895333537277	-17.313117647311	-13.7151154599723	-14.7151154599723	-14.7151154599723	-23.2161328293032	-19.6156804173314	-15.3307406748446	-19.7412112994153	-14.6422222047839	-14.6422222047839	-16.9895333537277	-15.571286297973	-13.554084207898	-15.571286297973	-15.571286297973	-20.1191328499317	-20.7946505583767	-15.3638035583039	-15.3638035583039	-17.313117647311	-13.554084207898	-13.554084207898	-21.538437418399	-19.3626996761616	-14.7151154599723
Plate2_2433R_0_F_S5_week9_S71_L001	-6.58149490889033	-6.26452125430837	-6.42825408729636	-6.86022884199502	-6.62908571608999	-7.29688789289039	-7.87487899622497	-7.04285411395662	-6.50689058732587	-7.56425672661747	-7.29011777017318	-8.34965832479764	-8.69732376103454	-8.21423302523227	-8.84719858193199	-7.80589601810072	-7.491026216157	-7.51206818907423	-8.21344464930121	-8.14511295198324	-9.56479314998751	-9.56202917764595	-8.63762437102394	-8.01414089270205	-8.9480963782284	-8.66305863902241	-8.39755541194284	-9.09736545659489	-9.09736545659489	-8.0438591126035	-9.98671523261286	-9.29592333270402	-9.89383520036273	-9.98671523261286	-8.40852199421647	-8.97172400042164	-9.3802234143633	-9.1177251288883	-9.35686307262174	-8.90623877437637	-9.46250215052532	-9.63653711537463	-9.0966638602394	-9.04344705824516	-8.84106507445858	-9.65550554858737	-10.1671125312143	-10.1665738153236	-8.88349726765343	-9.13605109554069	-9.87001879026726	-9.47213722826057	-9.12270582372506	-8.74126478291255	-8.59568723227667	-9.03177585450145	-8.68568170294225	-8.88137124098241	-8.7836632858207	-8.97518607230147	-8.93210652016219	-9.28713636183277	-8.67068197478225	-8.67068197478225	-9.51469417695646	-8.55244131639511	-8.57293562988303	-10.8380539039388	-9.47521388654879	-8.6744431754018	-9.05991643137337	-9.44291727367238	-9.00649925761195	-9.58317820371054	-8.61024621411602	-8.80024219771676	-9.15470331459088	-11.1370355152058	-8.22038898200777	-9.07276286132917	-9.38446374204397	-10.0735844641607	-9.38737906357341	-9.38737906357341	-9.36158552836274	-9.05966916036324	-8.22614121133772	-9.75858766252269	-9.3878448469175	-8.88137124098241	-8.71467480009692	-9.0994117608915	-9.16701476540688	-8.13698891667652	-8.19809453875463	-10.1046153614916	-9.38701970312193	-8.90284835202892	-8.52433166359363	-9.46866968721009	-8.8770496655956	-8.88430069373681	-9.10122889430174	-8.46188103446503	-9.30257165275343	-8.99309119988312	-9.6662763242417	-9.98115589309907	-9.7662692256061	-10.1263061832557	-11.1671125312143	-10.7753041356384	-14.5658456858525	-11.1643342198343	-11.1370355152058	-8.32617140627253	-9.67563758297382	-8.98153333874256	-9.20911481179019	-10.6863703280213	-10.6863703280213	-10.057007933128	-10.1219492628278	-10.1219492628278	-9.75204591875788	-9.64815493375784	-9.68706613576733	-8.90903207290259	-9.37973641866107	-11.1340171688923	-9.58720521182437	-9.43209929459436	-11.1138223472481	-9.3476765208207	-9.69093251218837	-9.87266021243707	-9.88349726765342	-9.88349726765342	-9.88349726765342	-10.0860619300988	-11.1370355152058	-9.88349726765342	-9.98581746084087	-8.81021323143242	-8.81021323143242	-9.95382748105829	-9.24677694048741	-9.24748427971998	-9.88096422887336	-10.0358676200844	-9.5398015803056	-9.89405454012239	-10.8124404077761	-9.98581746084087	-9.88681741866701	-8.8768442665186	-10.8124404077761	-10.1914309885135	-9.72212228603052	-9.84327828577221	-9.39686863642097	-10.9480594193836	-9.40361599114542	-9.38701970312193	-9.77732579135338	-9.8730166897069	-9.35847222315327	-9.30306288374394	-9.65822628868094	-10.1914309885135	-10.4293997399679	-9.49620017879145	-10.1263061832557	-9.88349726765342	-8.8839685567065	-9.77732579135338	-9.77732579135338	-10.1411548944467	-9.35324371835164	-10.2233827457475	-8.87349484771781	-9.56224402060555	-9.49545253888776	-9.88802156472569	-9.8449518949221	-9.48436539466869	-8.88670292678419	-9.88349726765342	-9.83698751281155	-9.88681741866701	-11.0527017087698	-10.0505574150918	-10.4528986807447	-9.47017750186445	-9.84327828577221	-9.04995833674637	-9.16376922795379	-9.88349726765342	-9.53842215026999	-9.30301752499155	-10.2242748993527	-9.29617611391065	-10.8025866575989	-11.0608377174728	-9.99869951857034	-9.14813640021475	-9.27778032732723	-9.88554778277347	-9.37680432382748	-9.88349726765342	-9.87505235218968	-9.88349726765342	-9.98002109486253	-9.84327828577221	-9.3729742736645	-10.2601819594528	-10.2601819594528	-10.5256149473999	-9.79096588317596	-9.87106670955301	-9.92976392947456	-9.75194945839749	-9.90760298530879	-9.90760298530879	-10.1314230408262	-9.88349726765342	-9.72212228603052	-9.88349726765342	-9.95222866782623	-9.76789928659685	-8.98651354948044	-10.0109245638693	-9.99622088087776	-9.71801364559983	-10.1411548944467	-10.1411548944467	-10.1411548944467	-11.1671125312143	-10.2400557184162	-9.66684084893173	-10.1411548944467	-9.6428137258893	-9.59047583796593	-9.90760298530879	-9.88510456749149	-11.0269100247345	-9.75560446559101	-11.1370355152058	-10.5196339973485	-10.0598506765441	-10.0996887466106	-9.88349726765342	-10.1411548944467	-10.0095409273896	-9.52325641096427	-10.2622691519633	-8.72476193522584	-9.88510456749149	-9.53792367558082	-10.0808215548544	-10.0433050803283	-10.7998635027576	-9.71688414806208	-9.17182922847461	-9.63724902024088	-10.1411548944467	-9.78795580944217	-9.86767310791322	-8.97421142952823	-9.88510456749149	-8.75256156965535	-9.47493685293403	-10.4364034548605	-9.38152505849605	-10.1411548944467	-9.56110560312041	-9.56110560312041	-11.1671125312143	-9.88476509949155	-9.58035972182601	-9.85403525871383	-9.64254485792516	-10.3441081122604	-10.1066182287581	-9.7796385903715	-9.7796385903715	-9.8730166897069	-9.38152505849605	-9.89731476514822	-10.8746449898405	-10.0962136937507	-9.86136880408386	-9.8399112501668	-9.87276367390408	-9.88510456749149	-9.70752907228583	-11.1370355152058	-10.0728377551872	-10.0728377551872	-10.7995522656723	-13.4443204621757	-9.3485568222557	-10.1671125312143	-8.98101991461553	-9.724582227124	-10.4562801587268	-10.2755014754933	-10.2756635624272	-9.84773302852547	-9.15240936408915	-9.55007594778724	-10.151995644682	-10.6003588433413	-9.66007191539901	-9.88510456749149	-10.4898271214346	-9.88624862669022	-9.89450051392873	-11.1671125312143	-11.1671125312143	-9.81040291169889	-11.1370355152058	-10.6829453959506	-9.55174224715323	-9.69848231719437	-11.1671125312143	-9.88349726765342	-9.38063046138621	-9.88510456749149	-10.7387962762915	-11.1671125312143	-9.06133068367199	-9.82199790272866	-9.88510456749149	-9.88349726765342	-9.88349726765342	-10.9195805394973	-9.88349726765342	-10.922181623788	-10.1286719340352	-9.03169198539296	-9.56101367784048	-9.25606375143367	-9.88510456749149	-9.89450626933046	-11.1370355152058	-10.2622691519633	-11.1671125312143	-9.69833159889365	-10.0294254107147	-9.92382161674045	-10.23478808275	-9.634202271671	-10.0010120115725	-9.86440090144255	-9.94589804120951	-10.1513585252425	-9.99082942819464	-9.63687346620311	-9.88510456749149	-9.86295162538395	-8.64754371607199	-9.74377834746783	-10.5330054942554	-9.17457659897037	-10.5330054942554	-9.88510456749149	-9.66572000135999	-9.59850772043781	-9.28475877488256	-10.7791709519606	-11.1306237644791	-10.1411548944467	-11.1075727546949	-10.8142630076257	-10.0865492100649	-11.1370355152058	-10.3994711913284	-9.71372434721697	-9.8122949710401	-9.18396780315972	-10.1263061832557	-9.04739052978598	-9.87152687407079	-9.70558011052507	-9.70934968026738	-10.2301640984855	-10.1368533852174	-9.7080107186007	-9.86708781216723	-9.97411867694022	-9.73368590344184	-9.86120358730691	-9.86788073667649	-10.8424494949408	-10.2622691519633	-9.47018554347997	-10.1411548944467	-9.68114909793841	-10.2622691519633	-9.8942285973662	-9.88510456749149	-9.69407341204851	-10.4843507768227	-9.89731476514822	-9.51615901675957	-9.75356471583891	-9.90562747504623	-9.68298143171768	-9.70094942642355	-11.0547551296707	-10.1601767591017	-10.0808215548544	-10.0467899664564	-9.89053618521278	-9.9975423425323	-9.88510456749149	-10.4488572576993	-10.4488572576993	-10.4873456538373	-11.1370355152058	-11.1370355152058	-10.7477908557869	-9.91034619376715	-9.7239300939387	-9.71279608570816	-10.0728377551872	-9.82635094834523	-10.9164727206047	-9.95791873218398	-9.73289971322481	-10.2101906811087	-9.49843230490877	-9.48445202198053	-11.1417294561806	-10.0728377551872	-9.73043262416912	-9.88349726765342	-9.53579122772086	-10.0597804875794	-10.0597804875794	-9.87461234905506	-9.763753657503	-9.8364622142932	-9.90033748020026	-9.90889218862515	-9.88349726765342	-10.3461354398541	-9.00366689009237	-9.52002074680515	-9.76773652704773	-9.76773652704773	-9.88349726765342	-9.82553730899434	-10.9884633113543	-9.90622426842656	-10.1186387136797	-10.5594906264394	-11.1417294561806	-10.5502929849508	-9.74400648140583	-9.88510456749149	-10.0230849821531	-10.6619952222789	-9.88510456749149	-10.2335626706649	-9.97905805681602	-9.88427926323369	-9.40822717336594	-9.84772536730596	-9.88349726765342	-9.88510456749149	-9.57451674839395	-9.57451674839395	-10.1411548944467	-10.754885261786	-11.1167852655238	-9.87763332913608	-9.76758630375975	-9.97965625521165	-9.97965625521165	-10.782785804253	-9.74938519672609	-10.1411548944467	-9.6839590899642	-8.07713906879163	-10.0774487655615	-9.88349726765342	-9.88349726765342	-9.84327828577221	-9.84935882357259	-11.1671125312143	-9.53276584745021	-9.85104718433942	-9.45088660475499	-10.8025866575989	-10.139235656734	-9.66333993846253	-10.1199687508105	-9.84288604316163	-9.95996946961004	-10.0116992000162	-10.0116992000162	-9.8822305490002	-9.87539522184153	-9.76758630375975	-9.64964889824508	-9.85694612069205	-9.69822171005825	-9.31176851143966	-8.60825286939498	-11.1370355152058	-10.0965612363998	-9.74559275012394	-9.88349726765342	-10.8025866575989	-9.88349726765342	-9.7657440468294	-9.7920745029269	-9.76080567210789	-10.0095409273896	-10.730647097937	-10.2139751230097	-9.88510456749149	-9.85838376027003	-9.88510456749149	-10.114738910649	-9.25551803889694	-11.1370355152058	-9.99295370673086	-10.7998635027576	-10.6919099487371	-9.7246225156058	-9.39009030999647	-9.88510456749149	-8.55750377652258	-10.1314230408262	-9.78130245951647	-10.1411548944467	-9.83297935091963	-9.79610216998015	-9.65060725751338	-8.32241520411719	-10.904238330789	-10.9843290504847	-9.13594903340677	-10.3883280028666	-10.3592836774851	-9.92639432538422	-11.2703074823192	-11.066730410958	-9.60523871779739	-11.6828285965477	-10.3622843122646	-10.3339037448931	-11.6952772964669	-10.8532513036957	-10.8363516494991	-10.0068149566955	-12.2983079841945	-12.4067565374001	-9.20966114931172	-10.9877064202575	-10.1087590807517	-13.1533585285262	-10.5403935706339	-10.8488589735622	-9.72444921917283	-9.73239361285361	-12.6677418430962	-10.9349988674794	-10.9979403311044	-11.0310892207342	-11.9409644607341	-10.3218687245471	-11.179323937586	-10.0259742875389	-9.03494112330768	-10.0545887226924	-12.198289895217	-10.2014628109467	-11.9409644607341	-10.6633957145839	-9.02022225214486	-9.34093127759174	-12.8787337610978	-10.557528837333	-12.1718671568305	-10.1545400476417	-10.9255163992796	-13.4431245606934	-10.7448370121295	-10.7451846673077	-12.2751567499706	-13.0107592372072	-10.4265528188307	-10.3547760836056	-8.94291942680776	-10.7451846673077	-9.44529813199404	-10.5831822622156	-14.0525379465889	-10.5045701259414	-11.5788114960002	-10.0671090322406	-10.7869999206093	-12.3144836460742	-9.89336714734672	-12.3598825107344	-11.197363075004	-10.8559707443687	-10.5863722971674	-13.1752087629911	-11.0649318987165	-11.6929456038595	-15.1574411099515	-10.216518899326	-10.8490987684123	-12.4898542945889	-11.3668184574184	-11.0617260665705	-10.3847886110594	-11.6280083877468	-11.9271491512123	-13.4243065324912	-10.3284246312558	-11.5924829757113	-12.0991232215507	-9.71433505398133	-11.9504700728178	-10.3735893469789	-13.1978139821147	-11.6162763444621	-10.5006333942256	-11.6536511391102	-10.0705024088898	-12.1516998349446	-13.235786661688	-10.5240380804362	-11.8462656029228	-12.345342653512	-13.4110396692591	-10.7613611997262	-10.5015809563436	-9.87346187843919	-12.345342653512	-10.6574453585886	-13.8453252307298	-11.8462656029228	-11.7053434587703	-11.1905120958289	-12.6530278521477	-12.3853677969968	-9.97466235288223	-11.2420379961885	-11.6875254156621	-10.8618512047218	-10.5818470504591	-10.7573088613935	-10.2066233453471	-10.5490886425552	-12.6056844471958	-10.0671933640006	-9.274713318029	-12.5787351976103	-10.0671933640006	-11.4027561985758	-11.4940756037076	-11.6539921130999	-14.7171360607477	-12.8810583090347	-13.6760431525462	-11.2484857116803	-13.6221447362067	-13.0010104624787	-11.1307152816321	-12.413206626909	-10.3990230725117	-12.4212685447111	-10.8182590140271	-12.9739521934004	-12.9667578114288	-12.9021900274951	-13.8070121122011	-12.5194376104884	-14.8968535086369	-13.6290230960962	-11.9702413325819	-12.9623352727151	-11.0535641751677	-12.8950387433038	-10.8967742450236	-13.4136931977974	-13.9526375676115	-11.423687625491	-10.5549373498379	-13.666625824365	-11.9702413325819	-10.3904336959615	-12.7939574233607	-14.6428209769552	-11.0994830754843	-11.0994830754843	-11.4244290992632	-13.844357676869	-14.2925819484455	-11.8441659113545	-12.2728469669376	-13.745466225617	-13.745466225617	-10.8704064529196	-13.0393313838316	-12.1495724802674	-12.2149638863685	-14.761059469875	-11.0050111150351	-11.0939112707685	-10.0628194866865	-14.9723537132543	-13.9687136060896	-12.7589360279197	-11.3417265472062	-11.3417265472062	-11.9071485888224	-9.00872851333671	-10.4478877315149	-10.9864529733612	-10.6330026560227	-10.6441606322919	-11.0521430672022	-11.8241738115238	-11.5269459343881	-11.2885490091767	-12.5001166053221	-15.0280870614145	-11.7123724437147	-11.7123724437147	-11.1775581034833	-11.1775581034833	-11.1238877961351	-12.4308816526351	-11.243237649744	-11.6868673883069	-10.7062966131454	-13.4078733651648	-11.2060652105092	-10.6064301889098	-10.9891299499757	-14.3390551593578	-11.8997012386426	-14.0336539000149	-9.72995627255754	-10.6539007728789	-11.1238877961351	-10.9864529733612	-10.6716658175409	-15.0280870614145	-11.9731436151643	-11.1510826134526	-12.80201030656	-12.9577578658606	-15.0280870614145	-10.1706704965435	-11.1366474528353	-13.581540080141	-13.2756326427048	-10.8080728292719	-10.864451631346	-9.93015692399484	-15.4295091888359	-14.1325061182005	-14.1325061182005	-11.8695124390443	-10.1427621934526	-14.2352034659404	-12.3880068937719	-12.2611416929869	-9.30319658099477	-13.6084195400725	-12.4286463316779	-10.6992845290379	-10.6694913534662	-10.8350186288058	-13.5667900710517	-10.8058060372124	-10.4525914737178	-10.8417127290876	-12.4680421635655	-11.4701335418253	-14.8805737192493	-12.6155456569367	-13.9015421244056	-10.6270159086636	-10.7978880849872	-12.8536876364372	-12.5846475486634	-12.6837408773875	-13.7376910516972	-14.8505634972843	-14.5841461905686	-10.7881115102959	-10.6315354142505	-12.3039956803518	-11.3824832705038	-10.660437042473	-13.8944228182525	-11.1263982718001	-11.1944710363454	-12.0228278232187	-10.6297929795151	-10.6493107700317	-13.6627387964983	-14.5545246440185	-17.0838273174292	-10.8458231621374	-13.0181769981793	-15.0280870614145	-13.2624186180121	-14.437017363641	-13.7505619251821	-12.5122220396838	-12.6097701350318	-12.5192379224504	-13.0428417552361	-11.0411030219531	-10.8925622500286	-12.1151160939332	-12.1151160939332	-14.9897092847932	-11.74620087141	-10.5974293361642	-12.6651620518586	-10.9663509397718	-11.9215730627757	-12.7113607725212	-10.8705139982429	-10.8705139982429	-10.3690698923531	-13.4348143725302	-10.6418641512096	-12.4723997644309	-10.7367027479539	-14.3988485581969	-9.97234308290893	-10.8247823932477	-11.5113899242218	-12.1453031898879	-10.6456201922721	-11.1976932530104	-10.8517475266665	-12.7531269765589	-12.3928930429539	-16.4581450567968	-10.8683363534753	-11.1976932530104	-10.8683363534753	-10.8683363534753	-12.5675056481002	-12.7253127104994	-12.6206872999806	-12.7688036943027	-12.7688036943027	-12.4333252812938	-13.1341768554546	-12.8159393828644	-11.0391405014977	-12.981402673306	-14.0401715662669	-11.2825150115094	-14.0401715662669	-14.0401715662669	-11.9812559753392	-10.7014981064787	-14.9839416875295	-9.95712960665376	-12.9517989237454	-12.411430799176	-10.8920881457355	-10.6465819365135	-15.0280870614145	-15.5903977548225	-15.8991381714629	-14.7988020695946	-15.0280870614145	-12.0253179782476	-12.6682091557662	-11.1162549474573	-12.5440770167203	-10.194278853012	-12.2667366031731	-14.6664685695439	-14.7352666570075	-10.8561290580475	-12.3610829116841	-12.1241880803041	-14.8453252307298	-14.8101572482849	-16.1039164700061	-14.2244566517656	-14.695836360592	-14.695836360592	-16.3165642009663	-13.6529596964702	-14.0982446927786	-15.2140622075516	-19.8641374164726	-16.6857414620758	-15.6557762333742	-12.5064534640739	-11.2084528617498	-14.2456344476443	-14.2456344476443	-10.0226391118795	-16.3383190944386	-14.9429867584254	-13.4133385621201	-13.4133385621201	-11.1004735517864	-13.9415827450295	-13.9415827450295	-19.6041117605111	-19.8641374164726	-21.5537972958604	-12.9412438448603	-13.775614159856	-10.7482588319302	-11.8640416156859	-11.8640416156859	-19.0403880561643	-13.3155929019509	-11.1146165568121	-10.8534456792264	-11.1146165568121	-15.5591518819628	-13.4227618376223	-21.5537972958604	-14.7772687484596	-13.3160399266219	-16.1017886008285	-11.7026175070086	-13.4628312104666	-15.0365216026509	-16.6857414620758	-16.6857414620758	-12.4628312104666	-14.8611424267455	-10.1925972343073	-10.1925972343073	-9.94439809743965	-15.4581450567968	-11.8045847466467	-15.1517342283096	-15.8991381714629	-15.7360090174691	-16.4581450567968	-16.4581450567968	-14.0920670242959	-14.9599905488095	-16.7360090174691	-16.7360090174691	-15.2577248006121	-11.0927816583149	-11.115656056725	-11.303221889369	-20.0363183918553	-16.5965267140638	-15.8991381714629	-10.2153807889712	-13.5667625559443	-13.9104996767996	-13.3203786301621	-15.8991381714629	-13.2803024617572	-16.4581450567968	-11.5524549379913	-15.6968999324616	-16.4581450567968	-15.5903977548225	-16.4581450567968	-10.6298097467109	-11.0835385973138	-11.3370142855198	-15.2726973516802	-15.854297604618	-15.0434733815292	-15.8991381714629	-15.5256773448128	-11.3606157495561	-15.151046516748	-15.151046516748	-16.4581450567968	-16.7360090174691	-16.7360090174691	-14.6428209769552	-13.2909749953625	-13.2909749953625	-15.6968999324616	-15.8991381714629	-10.669401488666	-16.4581450567968	-12.4628312104666	-15.9080807640602	-15.8991381714629	-15.2577248006121	-16.7360090174691	-15.8991381714629	-11.034433706062	-14.3854891219334	-14.8152691437853	-16.7360090174691	-15.151046516748	-15.2577248006121	-9.70893464002962	-15.8991381714629	-9.67212268669137	-16.4581450567968	-15.2060973532161	-14.0697345474337	-15.297352699387	-13.4910982860122	-20.0363183918553	-12.6875603194336	-10.4554075133775	-15.7360090174691	-11.3153424745283	-10.9834840289971	-13.3085052903723	-12.3747711036143	-11.9427189385566	-16.7360090174691	-11.3563982656118	-15.7360090174691	-12.8567568797631	-16.4581450567968	-12.3836056919453	-13.429926212987	-13.3422779037596	-13.4628312104666	-11.8778687097454	-13.9425344693427	-13.0754908533251	-13.0754908533251	-13.0754908533251	-11.8916055813881	-19.2133728573557	-19.2133728573557	-14.3187713253193	-10.6354726216557	-15.8991381714629	-16.2450179050194	-18.2936744854465	-15.5190604451727	-14.800224675828	-13.3037434362165	-12.8669240565972	-16.7360090174691	-16.4581450567968	-15.7428732964276	-16.0128381163313	-14.8580189550892	-15.2336445751165	-15.1556190719225	-15.2288183367518	-9.90940528511428	-14.7939413196069	-13.9286540954115	-9.66691888005659	-14.7360090174691	-10.1119809277799	-11.115656056725	-10.7550380870908	-13.9286540954115	-16.7360090174691	-16.31409868718	-9.13272928056439	-17.7937480885812	-9.77917095196061	-10.7142633047544	-12.3121831199159	-16.445542653005	-15.7360090174691	-13.4628312104666	-16.445542653005	-11.3641480640879	-11.3641480640879	-16.7360090174691	-11.3641480640879	-11.3641480640879	-15.5658456858525	-16.7360090174691	-16.7360090174691	-15.5658456858525	-14.9839416875295	-16.3421444600709	-15.5021936427373	-11.3641480640879	-16.4581450567968	-13.0943656772231	-12.2562005584831	-11.6084525815026	-13.0754908533251	-12.0195446244478	-16.7360090174691	-16.7360090174691	-16.7360090174691	-16.7360090174691	-12.0170738046184	-13.9286540954115	-14.151046516748	-13.6727820417426	-14.7360090174691	-14.7360090174691	-13.5581486613385	-14.7360090174691	-13.7735380039887	-15.0475889065537	-11.0903124743068	-15.151046516748	-11.2960977089861	-13.3052728653167	-10.2085083107729	-15.7360090174691	-15.7360090174691	-12.996932821454	-12.996932821454	-14.3142064653167	-15.7360090174691	-11.7323961847065	-14.907337298421	-13.3208271404027	-13.3208271404027	-16.7360090174691	-15.7360090174691	-14.876702849551	-12.5731463455926	-15.7360090174691	-15.7360090174691	-13.3455078633651	-15.7360090174691	-10.7616472454142	-11.0866223573521	-15.7360090174691	-14.1391597926887	-15.7360090174691	-15.7360090174691	-15.7360090174691	-13.0857711196464	-15.7360090174691	-15.7360090174691	-10.8890589955152	-15.7360090174691	-15.6894513710425	-15.6894513710425	-15.5315368834827	-15.7360090174691	-15.7360090174691	-13.4456775788916	-15.7360090174691	-15.7360090174691	-16.7360090174691	-11.115656056725	-16.7360090174691	-15.5903977548225	-16.7360090174691	-16.7360090174691	-16.7360090174691	-16.2038704869004	-16.445542653005	-16.0919350290314	-15.7360090174691	-16.7360090174691	-16.7360090174691	-16.7360090174691	-12.9656871836647	-16.7360090174691	-11.3404735344752	-16.7360090174691	-15.2577248006121	-20.2412070655524	-20.2412070655524	-16.7360090174691	-16.7360090174691	-19.0363183918553	-16.7360090174691	-16.5965267140638	-16.7360090174691	-16.7360090174691	-16.7360090174691	-10.624622420372	-16.7360090174691	-11.4516564839138	-16.7360090174691	-16.7360090174691	-15.2674407557854	-16.7360090174691	-16.7360090174691	-12.9634577484374	-16.7360090174691	-16.7360090174691	-16.7360090174691	-16.7360090174691	-16.7360090174691	-14.3390551593578	-16.7360090174691	-16.7360090174691	-16.7360090174691	-16.7360090174691	-16.7360090174691	-16.7360090174691	-16.7360090174691	-11.112682064098	-13.5846568347159	-16.7360090174691	-16.7360090174691	-15.7360090174691	-16.7360090174691	-16.7360090174691	-16.7360090174691	-16.7360090174691	-15.854297604618	-16.7360090174691	-16.7360090174691	-16.7360090174691	-13.3208271404027	-16.7360090174691	-16.7360090174691	-16.7360090174691	-17.5654791009081	-12.9656871836647	-13.0729224224914	-15.7360090174691	-16.7360090174691	-12.1529488397147	-16.5965267140638	-15.2577248006121	-15.151046516748	-16.7360090174691	-16.7360090174691	-16.7360090174691	-16.7360090174691	-16.7360090174691	-16.7360090174691	-16.7360090174691	-16.7360090174691	-9.31760994541225	-16.7360090174691	-16.7360090174691	-16.7360090174691	-16.7360090174691	-16.5965267140638	-16.7360090174691	-13.6012345122735	-12.9656871836647	-12.9656871836647	-16.7360090174691	-16.7360090174691	-16.7360090174691	-13.3208271404027	-20.2412070655524	-16.7360090174691	-11.3225141683265	-16.7360090174691	-16.7360090174691	-16.7360090174691	-16.7360090174691	-16.7360090174691	-16.7360090174691	-16.7360090174691	-15.854297604618	-11.2851477723142	-14.7904885348102	-16.7360090174691	-16.7360090174691	-14.7365247704046	-13.381208484102	-16.7360090174691	-18.420530764997	-13.0404262636364	-16.7360090174691	-9.62965286128298	-16.2187816035243	-11.0854902228375	-16.7360090174691	-16.7360090174691	-16.7360090174691	-15.5903977548225	-16.7360090174691	-16.7360090174691	-16.7360090174691	-16.7360090174691	-11.3641480640879	-16.7360090174691	-16.7360090174691	-16.7360090174691	-16.5965267140638	-16.7360090174691	-11.8916055813881	-12.6302014359419	-16.7360090174691	-16.7360090174691	-16.7360090174691	-11.115656056725	-16.7360090174691	-15.7360090174691	-10.8536484729801	-16.7360090174691	-16.7360090174691	-16.7360090174691	-16.7360090174691	-11.3381723178931	-15.2577248006121	-16.7360090174691	-16.7360090174691	-16.7360090174691	-16.7360090174691	-13.2756026605765	-12.264655959972	-13.3208271404027	-12.9049410691597	-12.9656871836647	-16.7360090174691	-11.8151520201378	-13.381208484102	-18.9006632924977	-16.5965267140638	-16.7360090174691	-16.9831580932182	-11.303221889369	-16.7360090174691	-16.7360090174691	-13.027493689654	-16.7360090174691	-16.7360090174691	-16.7360090174691	-15.7428732964276	-16.7360090174691	-16.7360090174691	-16.7360090174691	-16.7360090174691	-16.7360090174691	-16.7360090174691	-16.7360090174691	-16.7360090174691	-16.7360090174691	-16.7360090174691	-16.7360090174691	-16.7360090174691	-15.854297604618	-16.7360090174691	-16.7360090174691	-13.2001595508494	-15.0523581507016	-16.7360090174691	-16.7360090174691	-16.7360090174691	-16.5965267140638	-16.2038704869004	-12.9656871836647	-13.3208271404027	-16.7360090174691	-16.7360090174691	-16.7360090174691	-16.7360090174691	-16.5965267140638	-11.075019523193	-11.0094715856114	-11.7449291066503	-16.7360090174691	-16.7360090174691	-16.7360090174691	-16.7360090174691	-16.7360090174691	-16.7360090174691	-16.7360090174691	-16.7360090174691	-14.2434630394928	-13.4146915941445	-16.7360090174691	-16.7360090174691	-16.7360090174691	-16.7360090174691	-16.7360090174691	-13.2909749953625	-15.854297604618	-16.7360090174691	-14.162851750268	-11.115656056725	-9.98593166380797	-16.7360090174691	-16.7360090174691	-16.7360090174691	-10.2817375984676	-20.0363183918553	-20.0363183918553	-20.0363183918553	-20.0363183918553	-20.0363183918553	-16.5965267140638	-16.8190439781276	-20.0363183918553	-20.0363183918553	-9.72252006488204	-10.3464355533043	-20.0363183918553	-20.0363183918553	-20.0363183918553	-14.2633473255102	-16.3421444600709	-13.3284110251153	-20.0363183918553	-20.0363183918553	-20.0363183918553	-20.0363183918553	-20.0363183918553	-20.0363183918553	-11.1485477273117	-12.3738761700639	-20.0363183918553	-15.0266987016162	-14.8382227177218	-17.3157007917765	-17.3157007917765	-13.3800718086273	-15.2382824851045	-18.9006632924977	-14.8434352126815	-17.3557087639407	-15.8038305786088	-16.4581450567968	-13.381208484102	-13.381208484102	-17.5654791009081	-18.9006632924977	-11.9159804715548	-18.9006632924977	-11.8809784830489	-13.1171327631252	-18.9006632924977	-13.1490471390809	-18.9006632924977	-18.9006632924977	-16.2145219574092	-17.5654791009081	-18.9006632924977	-15.243844266524	-16.2451353213978	-17.3481222694689	-8.55534278054957	-10.4895934534328	-11.2578654672007	-9.72467687486433	-10.2471549104515	-9.87157714708797	-12.2562005584831	-11.1452860695892	-11.3994160621433	-11.1452860695892	-11.0403148280044	-11.1452860695892	-11.1452860695892	-11.1452860695892	-11.584359710679	-13.0754908533251	-11.318138168095	-11.3994160621433	-24.0605203755451	-24.0605203755451	-12.2562005584831	-11.5111935531767	-11.3994160621433	-11.743339679889	-11.9427189385566	-11.1452860695892	-11.1452860695892	-11.1452860695892	-11.1452860695892	-11.1452860695892	-10.9292877606249	-11.0081446056164	-10.2667626767716	-13.6213158173949	-15.3981955924971	-15.9831580932182	-13.2310259362546	-15.9831580932182	-15.9831580932182	-14.6968999324616	-14.6968999324616	-15.9831580932182	-15.9831580932182	-11.8365548188286	-11.8365548188286	-12.9178568840587	-16.9831580932182	-16.9831580932182	-16.9831580932182	-15.0280870614145	-16.9831580932182	-12.0262540779357	-13.226317087138	-11.0531915007262	-13.0754908533251	-13.0754908533251	-13.0754908533251	-11.9427189385566	-17.6814451189564	-18.2936744854465	-18.2936744854465	-12.1720799228748	-12.1906516591348	-12.1906516591348	-12.1906516591348	-12.1906516591348	-13.775614159856	-13.775614159856	-13.775614159856	-13.775614159856	-13.775614159856	-13.75195858275	-13.775614159856	-13.775614159856	-13.775614159856	-11.584359710679	-11.584359710679	-13.1609259490814	-13.775614159856	-11.0066228852304	-15.1517342283096	-15.8991381714629	-11.309786475614	-15.5658456858525	-15.8991381714629	-15.8991381714629	-15.8991381714629	-15.8991381714629	-15.8991381714629	-16.7360090174691	-16.7360090174691	-16.4581450567968	-22.0605203755451	-12.0754908533251	-12.8848722912834	-11.3994160621433	-13.0754908533251	-24.0605203755451	-13.0754908533251	-15.8991381714629	-13.0754908533251	-13.0754908533251	-13.0754908533251	-13.0754908533251	-12.9124971719933	-13.4628312104666	-13.4628312104666	-11.5111935531767	-13.4492408122611	-13.4628312104666	-20.18606551136	-13.1609259490814	-12.4628312104666	-13.4628312104666	-13.4628312104666	-13.0754908533251	-11.9427189385566	-11.9427189385566	-11.9427189385566	-20.2412070655524	-15.5658456858525	-15.0280870614145	-21.5537972958604	-20.2412070655524	-15.5658456858525	-16.7360090174691	-16.4581450567968	-16.4581450567968	-21.7385922806577	-22.0605203755451	-16.4581450567968	-24.0605203755451	-15.8991381714629	-15.0280870614145	-16.4581450567968	-16.4581450567968	-16.4581450567968	-18.2936744854465	-15.7360090174691	-16.7360090174691	-16.7360090174691	-21.5537972958604	-19.6942124150303	-14.9897092847932	-20.0363183918553	-13.775614159856	-13.775614159856	-16.4581450567968	-15.5658456858525	-13.4628312104666	-15.5658456858525	-15.5658456858525	-20.2412070655524	-20.2412070655524	-15.0280870614145	-15.0280870614145	-18.2936744854465	-13.4628312104666	-13.4628312104666	-24.0605203755451	-20.18606551136	-16.7360090174691
Plate2_2475R_0_M_S5_week9_S77_L001	-6.62327212528595	-6.26452320179635	-6.45815952566191	-6.90254882134367	-6.61933864327165	-7.28393362118883	-7.89000219746375	-7.09979688448556	-6.36826356969437	-7.57443176142884	-7.36837757961652	-8.34849185569814	-8.67228060395251	-8.23218503592169	-8.87113947101716	-7.81391752641873	-7.4321746209206	-7.52470711241887	-8.23288370308194	-8.1699262786094	-9.61309280200024	-9.57014324259155	-8.58613849595887	-8.02398178459496	-8.94721114543262	-8.65376800115616	-8.41849663188525	-9.00783268243731	-9.00783268243731	-8.07184712228645	-9.9968416900696	-9.30871140535153	-9.84445934063217	-9.9968416900696	-8.38540914942149	-8.9859436759823	-9.3853288953841	-9.13762471098138	-9.34290173281195	-8.90016212834531	-9.36805095978608	-9.66154208439245	-9.02492301036279	-9.08216679789608	-8.86643256936449	-9.71625482383976	-10.1703498212046	-10.1700086430791	-8.88552474997788	-9.20301864226663	-9.87990083460597	-9.49174968539234	-9.1835210827141	-8.7265020392732	-8.71217178616134	-9.06285206589719	-8.65096121156031	-8.88433892517447	-8.73965107708416	-9.01597953715991	-8.92986500673372	-9.27929345392868	-8.72324264146165	-8.72324264146165	-9.55183350846887	-8.57935737946264	-8.60359832785594	-10.8064585743406	-9.48514938673314	-8.67996071598949	-9.00410889233133	-9.44502295772986	-9.10841158351764	-9.50858127048656	-8.62005957455511	-8.77771199651063	-9.13649147194606	-11.147543685014	-8.18620132910867	-9.07273660768601	-9.38679501721562	-10.0393232313331	-9.38489174561703	-9.38489174561703	-9.34190927545386	-9.01802790330956	-8.19654781592214	-9.74438342336557	-9.39070378055434	-8.88433892517447	-8.80817084915511	-9.15950892805221	-9.12250894456579	-8.11667838502256	-8.27124525277351	-10.1209796193914	-9.38939933400639	-8.8846526926343	-8.48620328448751	-9.48382368106873	-8.82314466633804	-8.88658467568125	-9.16651442024445	-8.40842334690221	-9.38664114000989	-9.01845053374464	-9.76371748848632	-9.80522127686877	-9.75855214480952	-10.2003271686711	-11.1703498212046	-10.7244735290401	-14.2198005804781	-11.1652227065639	-11.1466901285579	-8.43775331423027	-9.69174576882511	-8.9639852386734	-9.22246582222612	-10.595029258389	-10.595029258389	-10.1009556721811	-10.143812436955	-10.143812436955	-9.82664300148877	-9.75032211173266	-9.64589699005781	-8.92273681125014	-9.41923988615452	-11.1437921608201	-9.54767875431539	-9.58770287843426	-11.0889139761363	-9.25153450966918	-9.66498998991275	-9.87822782633395	-9.88552474997788	-9.88552474997788	-9.88552474997788	-10.1341431544525	-11.147543685014	-9.88552474997788	-10.0031277651687	-8.81056900404545	-8.81056900404545	-9.90919873334257	-9.378879933555	-9.37975176646314	-9.88150228168468	-10.0631967460519	-9.56700313072675	-9.89756474902293	-10.7893673790028	-10.0031277651687	-9.88949564003449	-8.92019136834387	-10.7893673790028	-10.2245401256827	-9.69423282772703	-9.82927339440342	-9.45047868187092	-10.9228381627186	-9.43881369860303	-9.38939933400639	-9.77115066586431	-9.87358439959771	-9.41090710114723	-9.35744679845261	-9.72952998576492	-10.2245401256827	-10.3742633402917	-9.51573646202495	-10.2003271686711	-9.88552474997788	-8.92659431881299	-9.77147957402649	-9.77147957402649	-10.2121101528576	-9.380901003428	-10.0043869930404	-8.85295735641576	-9.61682066429113	-9.54669175998202	-9.90267468360414	-9.82526173588009	-9.53946933469314	-8.95190746764691	-9.88552474997788	-9.83323084125513	-9.88949564003449	-11.0052676654264	-10.1941638933569	-10.5362731231541	-9.47700677606402	-9.82927339440342	-9.06421125866204	-9.25780096117823	-9.88552474997788	-9.59188387947392	-9.32469685349569	-10.1590273034025	-9.2540135600907	-10.8237857461582	-11.0404027355982	-10.0188466096174	-9.16642576259453	-9.32522210075824	-9.88792590609922	-9.47682853404794	-9.88552474997788	-9.87525861527734	-9.88552474997788	-10.0297098463034	-9.82927339440342	-9.41508450065568	-10.3553000706673	-10.3553000706673	-10.5021573902634	-9.78072574784016	-9.87612098343979	-9.94334268899625	-9.72722309462277	-9.92249783149907	-9.92249783149907	-10.1935040259779	-9.88552474997788	-9.69423282772703	-9.88552474997788	-10.0535352882103	-9.76095028596454	-9.0443441174802	-10.0242124183941	-10.001635555741	-9.69012722817612	-10.2121101528576	-10.2121101528576	-10.2121101528576	-11.1703498212046	-10.3195355267004	-9.6492238154624	-10.2121101528576	-9.58681575732705	-9.60623907022478	-9.92249783149907	-9.88764538066818	-11.0116019034736	-9.87164272551013	-11.147543685014	-10.5357513270562	-10.0848410654033	-10.1503393904753	-9.88552474997788	-10.2121101528576	-10.0224891349231	-9.49777007645411	-10.357250022577	-8.71608277326339	-9.88764538066818	-9.63126363912726	-10.1244443027979	-10.0902639787449	-10.7724899202937	-9.68844941902929	-9.18236933627473	-9.74661886400619	-10.2121101528576	-9.77678992345694	-9.86985166183266	-8.99459260942634	-9.88764538066818	-8.73241283101638	-9.51064878844555	-10.5235081516477	-9.42150908601946	-10.2121101528576	-9.51535148349885	-9.51535148349885	-11.1703498212046	-9.88709187207391	-9.56292416283703	-9.84150799220255	-9.61787153312711	-10.2370386256763	-10.1656030287786	-9.76766463031798	-9.76766463031798	-9.87358439959771	-9.42150908601946	-9.89656765783848	-10.8639615982282	-10.1694952323014	-9.85154383896072	-9.84918733633498	-9.86743379013503	-9.88764538066818	-9.67275180287633	-11.1466901285579	-10.1099883465979	-10.1099883465979	-10.8197308463094	-13.1780802368185	-9.33516784019847	-10.1703498212046	-8.97075721838436	-9.69793976033717	-10.3615842786197	-10.197341503159	-10.2017553277025	-9.8403567149449	-9.16453077731629	-9.63669468717978	-10.1589016886278	-10.5097822286347	-9.54726825055691	-9.88764538066818	-10.3957774885466	-9.88975804451784	-9.89784721006506	-11.1703498212046	-11.1703498212046	-9.79677828925204	-11.147543685014	-10.5992140491475	-9.50870501098753	-9.66493748612235	-11.1703498212046	-9.88552474997788	-9.42037403993696	-9.88764538066818	-10.6873818612275	-11.1703498212046	-9.15697207062791	-9.81976676145973	-9.88764538066818	-9.88552474997788	-9.88552474997788	-10.9004350445932	-9.88552474997788	-10.9036036068926	-10.0502828568885	-9.08619742512176	-9.61090066969777	-9.33246559360835	-9.88764538066818	-9.8945191717927	-11.147543685014	-10.3582377504017	-11.1703498212046	-9.66474456691698	-10.0794317149883	-9.92239650393572	-10.3034010355294	-9.66689470188559	-10.0160158447002	-9.87149673078626	-9.99819664866065	-10.1988244051079	-10.0042941534615	-9.65073507512117	-9.88764538066818	-9.85361506899526	-8.57021225148507	-9.73310070423621	-10.486475193797	-9.11093333651823	-10.486475193797	-9.88764538066818	-9.6458614070708	-9.52764669217026	-9.38393350168129	-10.8058195667088	-11.1388638248034	-10.2121101528576	-11.1250924651844	-10.7169058522706	-10.1263365345053	-11.147543685014	-10.3353983738258	-9.68484692741074	-9.79348292401944	-9.24137673994508	-10.2003271686711	-9.10303841781439	-9.87613196768304	-9.6763248188398	-9.84024742351878	-10.3322877668358	-10.203383336275	-9.70449264668348	-9.85593693815785	-9.99494879175311	-9.74160699293155	-9.85122351415708	-9.85538246696457	-10.7978918292815	-10.3582377504017	-9.50318166231718	-10.2121101528576	-9.61292621717757	-10.3582377504017	-9.90656074175217	-9.88764538066818	-9.65597537692354	-10.5858082179886	-9.89656765783848	-9.49988477066539	-9.74996511364173	-9.89332778665095	-9.64221412819881	-9.67268184459015	-11.0323423943567	-10.2227325708518	-10.1244443027979	-10.0749701828313	-9.87059554050602	-10.0110863882617	-9.88764538066818	-10.3925696980803	-10.3925696980803	-10.4494655335791	-11.147543685014	-11.147543685014	-10.7081452446745	-9.92622694372545	-9.80909642810692	-9.800176373682	-10.1099883465979	-9.80352955750676	-10.8994895525159	-9.95807593499651	-9.71454964392593	-10.2807535358882	-9.55433305377149	-9.40985403747868	-11.1414279788481	-10.1099883465979	-9.70878088549504	-9.88552474997788	-9.5675706493719	-10.0975793178307	-10.0975793178307	-9.87568753874167	-9.74490150709372	-9.81665180773465	-9.91064928735928	-9.9241056571982	-9.88552474997788	-10.4119115681845	-9.06344394951521	-9.54265114005239	-9.76328469957839	-9.76328469957839	-9.88552474997788	-9.79616780183546	-10.9406714445167	-9.92252807991223	-10.1900043856268	-10.461435387662	-11.1414279788481	-10.4324215938245	-9.7028448138408	-9.88764538066818	-10.0171967412018	-10.5762590337229	-9.88764538066818	-10.3112942333814	-9.98917724048981	-9.88635787826722	-9.44575093556824	-9.83637043883154	-9.88552474997788	-9.88764538066818	-9.62607461334787	-9.62607461334787	-10.2121101528576	-10.6964758868759	-11.1130745588159	-9.89398748635817	-9.76011690221233	-9.99132746569875	-9.99132746569875	-10.722484073386	-9.70582085926793	-10.2121101528576	-9.65511690068635	-8.09822171218299	-10.09874006327	-9.88552474997788	-9.88552474997788	-9.82927339440342	-9.8354617294402	-11.1703498212046	-9.46731710214636	-9.83988032208912	-9.50297019119013	-10.8237857461582	-10.2094551913782	-9.67808241344953	-10.1755898458417	-9.85867776769633	-9.99371445511297	-10.043589355693	-10.043589355693	-9.88395932831545	-9.87152957831104	-9.76044330418891	-9.64612486683307	-9.84910252798054	-9.66520951440631	-9.39576856521545	-8.57734415648388	-11.147543685014	-10.1459845144946	-9.68968378292785	-9.88552474997788	-10.8237857461582	-9.88552474997788	-9.88199115055928	-9.7581728606464	-9.86211839531733	-10.0224891349231	-10.6585708788478	-10.2749809466913	-9.88764538066818	-9.84746411824069	-9.88764538066818	-10.1696226703769	-9.29032855993888	-11.147543685014	-10.0398620622058	-10.7724899202937	-10.6070914254653	-9.70555472853197	-9.35443523411273	-9.88764538066818	-8.61832283986087	-10.1935040259779	-9.72895787655906	-10.2121101528576	-9.82476698036894	-9.39656926018169	-9.50438096186146	-8.22741194295354	-10.4607697362581	-10.8563847136413	-8.97961424823386	-10.1026253978402	-10.2720122368893	-9.95525584132147	-10.9861993284084	-10.7327810924643	-9.56733356495394	-11.38087398871	-10.263838926004	-10.2184872113301	-11.4333845862158	-10.5221370016382	-10.6350363345322	-9.82548443122719	-11.9066235662828	-11.9356733867501	-9.1312741885667	-10.7373419258028	-10.1734096628958	-12.6690201341397	-10.2749944635605	-10.5769801759827	-9.59004798298601	-9.78569678454032	-12.1709443821963	-10.919159282743	-10.7215548444229	-10.7628188685149	-11.8411562942442	-10.2783844348445	-10.9382489929702	-9.96427517118772	-9.07232965406704	-10.0514871882256	-11.9400880316392	-10.1458856324616	-11.8411562942442	-10.6490611395546	-9.02641513405884	-9.41911131604737	-12.5548750955061	-10.5130716656561	-11.6763209933833	-10.0484076895033	-10.7230042290018	-12.9500984018938	-10.663207195718	-10.6775392763268	-11.927955824913	-12.5529071384451	-10.3579830850545	-10.3064272180876	-8.95748428057544	-10.6775392763268	-9.35989877989495	-10.5406933917633	-13.8397446467601	-10.4705734903297	-11.30656931878	-9.98012414652664	-10.8267618818314	-12.0136126443009	-9.93541928346708	-12.146905679005	-11.3155480114096	-10.8433078541536	-10.3641054409962	-12.7976088559691	-11.0937151943675	-11.4387347443386	-14.657108014536	-10.1647449849717	-10.6185506901008	-12.1962312403141	-11.4717083533088	-10.9827055162974	-10.3402491192477	-11.4047370087031	-11.5853077050371	-12.9324778449867	-10.2602067126823	-11.3108606363727	-11.7926326129833	-9.73805311527032	-11.6745114150709	-10.3171198248041	-12.7584549521769	-11.3652530688647	-10.4567636472196	-11.4003914113478	-10.1168793304791	-11.8403645728174	-12.9151180542103	-10.4910256043245	-11.6140542440645	-11.9996071249188	-12.9153407652523	-10.7251065138682	-10.476237883041	-9.88987484834202	-11.9996071249188	-10.6662899096857	-13.2492403731158	-11.6140542440645	-11.5466882632699	-11.0168108053977	-12.3442883703932	-12.2617030796183	-10.0357476106766	-11.047508540118	-11.4158204100725	-10.6365563666077	-10.517690885056	-10.4964344165454	-10.1907664746528	-10.5101810656135	-12.3663244638996	-9.96573466927115	-9.26004473921532	-12.2800296078447	-9.96573466927115	-11.4067391180676	-11.2799114104562	-11.7714938760825	-14.1986211024702	-12.4835547812318	-13.1425831605184	-11.3923193732058	-13.2154433834658	-12.7334256933628	-11.2180379309325	-12.1505324586758	-10.4092642123421	-12.1431364255903	-10.8211892976799	-12.4803853197614	-12.6581603214122	-12.7260314347093	-13.4324022113158	-12.2162255218779	-14.4579972977467	-13.3261486212067	-11.4474239597697	-12.7037406219655	-11.1063451232417	-12.6316795933089	-10.9244350096376	-12.9934014686862	-13.5421357466587	-11.5540149554621	-10.6791354436406	-13.2976853915957	-11.4474239597697	-10.4120230418661	-12.5838215586333	-14.3183669680697	-11.1938033474973	-11.1938033474973	-11.2217421716902	-13.4389207804682	-13.861199125686	-11.5667750038515	-12.0751651915998	-13.3295056745839	-13.3295056745839	-10.9252606139616	-13.0276415849923	-11.6983002964709	-11.8531739179677	-14.2150950791391	-11.0786343613583	-11.1623944667405	-10.078611610375	-14.4857073845816	-13.4563935387014	-12.4926155823021	-11.1590531404215	-11.1590531404215	-11.6937319753117	-9.10184552388846	-10.5775444891008	-11.049287583453	-10.6120819950592	-10.6442704337986	-11.0710135048495	-11.6879537837236	-11.5879919099964	-11.1447216295548	-12.2198340340607	-14.5380423863902	-11.5586827400992	-11.5586827400992	-11.2672603740307	-11.2672603740307	-11.18033349822	-12.10722326507	-11.25323492188	-11.6127846657057	-10.7150708757559	-13.0316032632109	-11.0810918935845	-10.5847247904459	-11.0347827460043	-14.1277630056243	-11.6716818120292	-13.8340435493022	-9.74876190247531	-10.6575509975665	-11.18033349822	-11.049287583453	-10.6776043654091	-14.5380423863902	-11.8737335300228	-11.1540156630993	-12.533438491927	-12.7130237011104	-14.5380423863902	-10.1250428639478	-11.1854874708452	-13.2006517511944	-12.9574552271785	-10.8218506662087	-10.9075273455654	-10.0927192947409	-15.1331994709615	-13.6119502824052	-13.6119502824052	-11.5877952183233	-10.2260988628277	-13.7744117344579	-12.1058281116591	-12.0977791147377	-9.48913270866893	-13.0983872140254	-12.1506458318612	-10.7099936172574	-10.6746018401	-10.8637655553154	-13.183318565975	-10.8199998795624	-10.4359136148002	-10.8475617529545	-12.2182365624484	-11.1586326781743	-14.4205886954717	-12.4035628290421	-13.4474174313686	-10.6250472892582	-10.8218055312118	-12.9556898789527	-12.349077673432	-12.4213535986923	-13.3475701698266	-14.2560089243706	-14.1321637056533	-10.8103461502622	-10.6311208949772	-12.1661947409827	-11.2194958168964	-10.6712052445116	-13.5122019426933	-11.1976379616355	-11.2888109949758	-11.9104400477048	-10.6869437549015	-10.6513653386145	-13.4883377384945	-14.2213328067602	-16.4867804192468	-10.8676696438023	-12.809759967803	-14.5380423863902	-13.0936113163125	-14.0272837454818	-13.2621508571058	-12.2070040397639	-12.3699290354858	-12.2538836785796	-12.8252850642569	-11.0061264382494	-10.8204465010087	-11.8989880232544	-11.8989880232544	-14.4898070971439	-11.8871686125848	-10.5771218287788	-12.4004756673839	-11.0374630647168	-11.6784112032949	-12.6974641458365	-10.90485505454	-10.90485505454	-10.3723976936548	-13.3158777316872	-10.6443203200368	-12.163475408247	-10.7955354125342	-13.8604919477933	-10.0821085146786	-10.8532906801124	-11.3798000440353	-11.9492076220052	-10.6676214210927	-11.2853663176047	-10.8759562298258	-12.5035832034991	-12.0869752400766	-15.8698757224927	-10.9023472781348	-11.2853663176047	-10.9023472781348	-10.9023472781348	-12.2772419550689	-12.4848807980556	-12.3529980483346	-12.4921396394439	-12.4921396394439	-12.1727133471913	-12.985353912069	-12.6631958232536	-11.1542056721273	-12.7300917333077	-13.7452599293488	-11.3282468657629	-13.7452599293488	-13.7452599293488	-11.8206888897625	-10.7054181034607	-14.4991780243791	-10.0439126004101	-12.7335371350613	-12.1063365334959	-10.9512797644941	-10.6477666430091	-14.5380423863902	-15.3700816560141	-15.2763989770076	-14.2323741418729	-14.5380423863902	-11.7932409145759	-12.4020774677136	-10.9740524958113	-12.2809677796995	-10.1462564750363	-12.0303934067541	-14.2386721282777	-14.2198303169577	-10.6672538974502	-12.0018169042685	-11.9539452369331	-14.2731399742393	-14.2224644257662	-15.631288976145	-13.6868153031971	-14.2784570191596	-14.2784570191596	-16.6217099993329	-13.3239495429108	-13.7728075454521	-14.7202357358171	-19.3347773258018	-17.0999256877387	-15.9923851283547	-12.6657505602922	-11.3217238928281	-13.8145683766231	-13.8145683766231	-10.1192347924787	-16.5091370507164	-14.7759193328326	-13.3058056920734	-13.3058056920734	-11.2337527630264	-13.6384654932834	-13.6384654932834	-19.4953935495516	-19.3347773258018	-22.2161328293032	-12.6947028577109	-13.5880230952854	-10.7867907877886	-11.7986466962417	-11.7986466962417	-18.2524153562443	-13.0902096146094	-11.2543918530872	-10.9478786395591	-11.2543918530872	-15.0965363832912	-13.108489004349	-22.2161328293032	-14.5190372318318	-13.2468977998405	-15.310603311645	-11.4589314542595	-13.3503588670007	-14.989923472323	-17.0999256877387	-17.0999256877387	-12.3503588670007	-14.3965083392416	-10.3210947464053	-10.3210947464053	-10.0515889039599	-14.8698757224927	-12.0129619458675	-14.5428330533817	-15.2763989770076	-16.1421322478594	-15.8698757224927	-15.8698757224927	-14.1839420641657	-14.5984430488267	-17.1421322478594	-17.1421322478594	-14.9265992481137	-11.1920448106727	-11.2551154065087	-11.4675140325885	-19.7327413117217	-16.9205451265946	-15.2763989770076	-10.3735829525156	-13.3143925990524	-13.4040906692828	-13.0927941761075	-15.2763989770076	-13.0987494623717	-15.8698757224927	-11.3067746000486	-15.2599783305724	-15.8698757224927	-15.3700816560141	-15.8698757224927	-10.6502002563019	-11.2233099968216	-11.4960393612994	-14.7803638884402	-15.9588938792306	-14.7985023529003	-15.2763989770076	-15.3016060705531	-11.569270994143	-15.5571697471382	-15.5571697471382	-15.8698757224927	-17.1421322478594	-17.1421322478594	-14.3183669680697	-13.2289810353652	-13.2289810353652	-15.2599783305724	-15.2763989770076	-10.7499745071966	-15.8698757224927	-12.3503588670007	-15.2113949102965	-15.2615385467425	-14.9265992481137	-17.1421322478594	-15.2763989770076	-11.129952946175	-14.1019521374583	-14.6452784704714	-17.1421322478594	-15.5571697471382	-14.9265992481137	-9.87693550879822	-15.2763989770076	-9.84118702865498	-15.8698757224927	-14.8759313353604	-13.6178647982749	-15.0514640344263	-13.2885419791109	-19.7327413117217	-12.5872556532614	-10.4528931571812	-16.1151662438757	-11.4622629371061	-11.0743903555857	-13.2282330792913	-12.2029460819113	-12.2183776631284	-17.1421322478594	-11.5666260907401	-16.1421322478594	-12.6148654057739	-15.8698757224927	-12.2880040978225	-13.3242052633924	-13.2237012876976	-13.3503588670007	-11.7653963662795	-13.8857230351188	-13.1384175860834	-13.1384175860834	-13.1384175860834	-12.171612882282	-18.4916548779623	-18.4916548779623	-14.2201425870034	-10.6956278692938	-15.2763989770076	-15.6542118432923	-16.9483605044627	-15.8901765120903	-14.2946990041524	-13.1663774061727	-12.678337139238	-17.1421322478594	-15.8698757224927	-15.2655232173157	-15.7825583688623	-14.5066499109119	-14.8367544622319	-14.9064530489214	-15.4324625133092	-9.93876053666357	-15.0476058521809	-14.3347773258018	-9.80445947894197	-15.1421322478594	-10.212918230522	-11.2551154065087	-10.8773070323111	-14.3270211843404	-17.1421322478594	-16.0419955765739	-9.2640305503996	-17.7310450210608	-9.8058195667088	-10.8184849329822	-12.2909258804934	-16.8604339977606	-16.1421322478594	-13.3503588670007	-16.8604339977606	-11.5743116096596	-11.5743116096596	-17.1421322478594	-11.5743116096596	-11.5743116096596	-15.2269997989087	-17.1421322478594	-17.1421322478594	-15.2269997989087	-14.4991780243791	-15.7739750437621	-15.1648523243595	-11.5743116096596	-15.8698757224927	-12.8956885307421	-12.2404997772599	-11.6207011139163	-13.1384175860834	-12.0941358918207	-17.1421322478594	-17.1421322478594	-17.1421322478594	-17.1421322478594	-12.0253009719607	-14.3347773258018	-14.5571697471382	-13.6434326028159	-15.1421322478594	-15.1421322478594	-13.5132493175445	-15.1421322478594	-13.5701331729002	-15.4570330758528	-11.2101667034812	-15.5571697471382	-11.5147283212267	-13.2598713187596	-10.3725877655203	-16.1421322478594	-16.1421322478594	-12.9352705050223	-12.9352705050223	-14.0884099594854	-16.1421322478594	-11.9606227786966	-14.6672703706437	-13.2497791721253	-13.2497791721253	-17.1421322478594	-16.1421322478594	-14.8541890555679	-12.5498948084786	-16.1421322478594	-16.1421322478594	-12.9012276506984	-16.1421322478594	-10.8887515579073	-11.2309406482433	-16.1421322478594	-13.9139388607067	-16.1421322478594	-16.1421322478594	-16.1421322478594	-12.9202430863881	-16.1421322478594	-16.1421322478594	-11.1677983278997	-16.1421322478594	-15.7848881683347	-15.7848881683347	-15.8213316989778	-16.1421322478594	-16.1421322478594	-13.3611824491097	-16.1421322478594	-16.1421322478594	-17.1421322478594	-11.2551154065087	-17.1421322478594	-15.3700816560141	-17.1421322478594	-17.1421322478594	-17.1421322478594	-16.5873131972544	-16.8604339977606	-15.9037275085343	-16.1151662438757	-17.1421322478594	-17.1421322478594	-17.1421322478594	-13.0511729897874	-17.1421322478594	-11.5281655646641	-17.1421322478594	-14.9265992481137	-19.4163910913554	-19.4163910913554	-17.1421322478594	-17.1421322478594	-18.7327413117217	-17.1421322478594	-16.9205451265946	-17.1421322478594	-17.1421322478594	-17.1421322478594	-10.8606976892111	-17.1421322478594	-11.55811165727	-17.1421322478594	-17.1421322478594	-14.9984939379374	-17.1421322478594	-17.1421322478594	-12.7560434330283	-17.1421322478594	-17.1421322478594	-17.1421322478594	-17.1421322478594	-17.1421322478594	-14.1277630056243	-17.1421322478594	-17.1421322478594	-17.1421322478594	-17.1421322478594	-17.1421322478594	-17.1421322478594	-17.1421322478594	-11.2510738710287	-13.4514794485109	-17.1421322478594	-17.1421322478594	-16.1421322478594	-17.1421322478594	-17.1421322478594	-17.1421322478594	-17.1421322478594	-15.9588938792306	-17.1421322478594	-17.1421322478594	-17.1421322478594	-13.2497791721253	-17.1421322478594	-17.1421322478594	-17.1421322478594	-16.6991887520107	-13.0511729897874	-13.0642617318825	-16.1421322478594	-17.1421322478594	-11.9529006992121	-16.9205451265946	-14.9265992481137	-15.5571697471382	-17.1421322478594	-17.1421322478594	-17.1421322478594	-17.1421322478594	-17.1421322478594	-17.1421322478594	-17.1421322478594	-17.1421322478594	-9.56841524659645	-17.1421322478594	-17.1421322478594	-17.1421322478594	-17.1421322478594	-16.9205451265946	-17.1421322478594	-13.4701489757675	-13.0511729897874	-13.0511729897874	-17.1421322478594	-17.1421322478594	-17.1421322478594	-13.2497791721253	-19.4163910913554	-17.1421322478594	-11.5026558689369	-17.1421322478594	-17.1421322478594	-17.1421322478594	-17.1421322478594	-17.1421322478594	-17.1421322478594	-17.1421322478594	-15.9588938792306	-11.3868127532705	-14.5260061664746	-17.1421322478594	-17.1421322478594	-14.3224800291184	-13.2152803369295	-17.1421322478594	-18.6696444763967	-13.1075533508801	-17.1421322478594	-9.78641708207183	-15.8989582643864	-11.1907783143363	-17.1421322478594	-17.1421322478594	-17.1421322478594	-15.3700816560141	-17.1421322478594	-17.1421322478594	-17.1421322478594	-17.1421322478594	-11.5743116096596	-17.1421322478594	-17.1421322478594	-17.1421322478594	-16.9205451265946	-17.1421322478594	-12.171612882282	-12.5374493025146	-17.1421322478594	-17.1421322478594	-17.1421322478594	-11.2551154065087	-17.1421322478594	-16.1421322478594	-10.9473092303993	-17.1421322478594	-17.1421322478594	-17.1421322478594	-17.1421322478594	-11.52478417029	-14.9265992481137	-17.1421322478594	-17.1421322478594	-17.1421322478594	-17.1421322478594	-13.1427311469485	-11.9892928732293	-13.2497791721253	-12.7334044673486	-13.0511729897874	-17.1421322478594	-11.7074727482703	-13.2152803369295	-19.3555358859686	-16.9205451265946	-17.1421322478594	-16.7963278478976	-11.4675140325885	-17.1421322478594	-17.1421322478594	-13.0249372176543	-17.1421322478594	-17.1421322478594	-17.1421322478594	-15.2655232173157	-17.1421322478594	-17.1421322478594	-17.1421322478594	-17.1421322478594	-17.1421322478594	-17.1421322478594	-17.1421322478594	-17.1421322478594	-17.1421322478594	-17.1421322478594	-17.1421322478594	-17.1421322478594	-15.9588938792306	-17.1421322478594	-17.1421322478594	-13.1196118501555	-14.9995911706151	-17.1421322478594	-17.1421322478594	-17.1421322478594	-16.9205451265946	-16.6248565546498	-13.0511729897874	-13.2497791721253	-17.1421322478594	-17.1421322478594	-17.1421322478594	-17.1421322478594	-16.9205451265946	-11.1923784760038	-11.1024540549617	-11.9810192649339	-17.1421322478594	-17.1421322478594	-17.1421322478594	-17.1421322478594	-17.1421322478594	-17.1421322478594	-17.1421322478594	-17.1421322478594	-13.6984530822273	-13.219793146454	-17.1421322478594	-17.1421322478594	-17.1421322478594	-17.1421322478594	-17.1421322478594	-13.2289810353652	-15.9588938792306	-17.1421322478594	-13.7054935709481	-11.2551154065087	-10.148755966613	-17.1421322478594	-17.1421322478594	-17.1421322478594	-10.5185993598353	-19.7327413117217	-19.7327413117217	-19.7327413117217	-19.7327413117217	-19.7327413117217	-16.9205451265946	-16.6191976869159	-19.7327413117217	-19.7327413117217	-9.89958035241536	-10.4913239422774	-19.7327413117217	-19.7327413117217	-19.7327413117217	-13.7335477490054	-15.7739750437621	-13.2079475028424	-19.7327413117217	-19.7327413117217	-19.7327413117217	-19.7327413117217	-19.7327413117217	-19.7327413117217	-11.1317527549087	-12.3351678401985	-19.7327413117217	-13.9934014686862	-13.6905089963183	-17.7705733852474	-17.5379126284572	-12.9932172038677	-14.0653166508086	-19.1228751291783	-14.4391804058625	-16.5662148867412	-15.678853112718	-15.8698757224927	-13.2152803369295	-13.2152803369295	-16.6991887520107	-19.3555358859686	-11.8357059422565	-19.3555358859686	-12.1079110290872	-12.8993035050001	-19.3555358859686	-12.902485987554	-19.3555358859686	-19.3555358859686	-15.7465124314943	-16.6991887520107	-19.3555358859686	-14.7829317627258	-15.7469408869028	-16.4796418839456	-8.69061266413055	-10.6740071765893	-11.1480298900728	-9.90329539174153	-10.4002934698906	-9.9963521150962	-12.2404997772599	-11.2797021666955	-11.6050522012247	-11.2797021666955	-11.1103552427377	-11.2797021666955	-11.2797021666955	-11.2797021666955	-11.7450860566863	-13.1384175860834	-11.4859800385894	-11.6050522012247	-21.8701090587983	-21.8701090587983	-12.2404997772599	-11.6760812850102	-11.6050522012247	-11.9054991218416	-12.2183776631284	-11.2797021666955	-11.2797021666955	-11.2797021666955	-11.2797021666955	-11.2797021666955	-11.0143909686455	-11.0603326099274	-10.4332251202517	-13.2461783550472	-15.2113653471764	-15.7963278478976	-13.1072713978804	-15.7963278478976	-15.7963278478976	-14.2599783305724	-14.2599783305724	-15.7963278478976	-15.7963278478976	-11.7219298860633	-11.7219298860633	-12.6223191086484	-16.7963278478976	-16.7963278478976	-16.7963278478976	-14.5380423863902	-16.7963278478976	-12.0810885172994	-12.8964904157504	-10.9161973192385	-13.1384175860834	-13.1384175860834	-13.1384175860834	-12.2183776631284	-16.5227926064501	-16.9483605044627	-16.9483605044627	-12.1405727543596	-12.0030605945642	-12.0030605945642	-12.0030605945642	-12.0030605945642	-13.5880230952854	-13.5880230952854	-13.5880230952854	-13.5880230952854	-13.5880230952854	-13.560696258405	-13.5880230952854	-13.5880230952854	-13.5880230952854	-11.7450860566863	-11.7450860566863	-13.00290067714	-13.5880230952854	-11.1734600553665	-14.5428330533817	-15.2763989770076	-11.45988816608	-15.2269997989087	-15.2763989770076	-15.2763989770076	-15.2763989770076	-15.2763989770076	-15.2763989770076	-17.1421322478594	-17.1421322478594	-15.8698757224927	-19.8701090587983	-12.1384175860834	-12.8430501845373	-11.6050522012247	-13.1384175860834	-21.8701090587983	-13.1384175860834	-15.2763989770076	-13.1384175860834	-13.1384175860834	-13.1384175860834	-13.1384175860834	-12.7398662713062	-13.3503588670007	-13.3503588670007	-11.6748502196948	-13.3272694409169	-13.3464334733914	-19.3041890059684	-13.00290067714	-12.3503588670007	-13.3503588670007	-13.3503588670007	-13.1384175860834	-12.2183776631284	-12.2183776631284	-12.2183776631284	-19.7071704876721	-15.2269997989087	-14.5380423863902	-22.2161328293032	-20.071742919968	-15.2269997989087	-17.1421322478594	-15.8698757224927	-15.8698757224927	-19.548180963911	-19.8701090587983	-15.8698757224927	-21.8701090587983	-15.2763989770076	-14.5380423863902	-15.8698757224927	-15.8698757224927	-15.8698757224927	-16.9483605044627	-16.1421322478594	-17.1421322478594	-17.1421322478594	-22.2161328293032	-19.296642196915	-14.5072304650037	-19.7327413117217	-13.5880230952854	-13.5880230952854	-15.8698757224927	-15.2269997989087	-13.3503588670007	-15.2269997989087	-15.2269997989087	-19.7071704876721	-20.071742919968	-14.5380423863902	-14.5380423863902	-16.9483605044627	-13.3503588670007	-13.3503588670007	-21.8701090587983	-19.3041890059684	-17.1421322478594
Plate2_2518R_0_M_S5_week9_S78_L001	-6.58773979772609	-6.2734524245052	-6.43079849304333	-6.86397502464787	-6.6142146830504	-7.31440709470861	-7.91911160053344	-7.04786106192333	-6.49676180393004	-7.58372600185969	-7.30443999896638	-8.35355234800545	-8.71454799468653	-8.25385903800218	-8.89740177377737	-7.79423748735323	-7.48184423645419	-7.47877696329198	-8.22134914375537	-8.15180154131468	-9.58007555846186	-9.62382112902261	-8.65337114467637	-8.01825373717972	-8.97027029065234	-8.66827441394596	-8.41683153721956	-9.13055674039995	-9.13055674039995	-8.04567411807153	-10.0375788933551	-9.31510056195688	-9.94088027601494	-10.0375788933551	-8.41685044736776	-8.9632950495186	-9.39509245136206	-9.12602527937244	-9.38016556331727	-8.90460946210455	-9.4949314270765	-9.68240428803929	-9.09135625612455	-9.07796594532402	-8.85003978777453	-9.70431351647356	-10.2215167275653	-10.2209320285305	-8.87701331931785	-9.13158613143951	-9.89613022820196	-9.51185062942378	-9.11841022004232	-8.73395959747254	-8.61869686325317	-9.04857621055335	-8.66876492964083	-8.87285269074637	-8.81163169885779	-8.99240652415201	-8.93324387420312	-9.31649890747559	-8.67208222246753	-8.67208222246753	-9.5547770032198	-8.53967510660393	-8.58287239073641	-10.8506213024754	-9.48697517971656	-8.6817310565329	-9.06787550504988	-9.48984846386635	-9.04590806522455	-9.61730339598435	-8.60720278364849	-8.7701586452674	-9.15731185373306	-11.2024589773063	-8.21556820105833	-9.07746111576374	-9.39397647154927	-10.1626215656387	-9.41210465325287	-9.41210465325287	-9.3750670475282	-9.09269972145514	-8.16980825192916	-9.76333897472679	-9.39875658516854	-8.87285269074637	-8.71408432935717	-9.10101450873704	-9.14762759065606	-8.13506524881778	-8.17229953502366	-10.1787525506491	-9.39800061560275	-8.89351241277895	-8.51864897859625	-9.51190559391457	-8.87870143076604	-8.87777050621714	-9.11375637727278	-8.42797808096889	-9.32519449452975	-8.99275536476675	-9.71553601878195	-9.96239525136086	-9.75997205931342	-10.128584945359	-11.2215167275653	-10.8077230430672	-14.3055008529174	-11.2152489887674	-11.2024589773063	-8.27594252903049	-9.67784200679469	-8.96596515689863	-9.18275907655311	-10.7186875761307	-10.7186875761307	-10.0923431901413	-10.104244354581	-10.104244354581	-9.80774011505849	-9.67806714061515	-9.6706510370714	-8.90110172068394	-9.35385975896144	-11.197497675349	-9.57350945917161	-9.4812943460994	-11.1882227157237	-9.33444984159691	-9.69891311691918	-9.87098537714563	-9.87701331931785	-9.87701331931785	-9.87701331931785	-10.0735544203697	-11.2024589773063	-9.87701331931785	-10.0245048587443	-8.81607827311939	-8.81607827311939	-9.91597084489021	-9.28781421507986	-9.2882224856813	-9.89069783359482	-10.0188003713491	-9.53860815894647	-9.88585382576605	-10.8516417175007	-10.0245048587443	-9.88097642010013	-8.84589225806949	-10.8516417175007	-10.2262702360905	-9.70944712030389	-9.83291463331395	-9.39932550685186	-10.9063915626652	-9.40708556784369	-9.39800061560275	-9.76965696685735	-9.86822665570939	-9.39517978816955	-9.34340546988984	-9.6821531400477	-10.2262702360905	-10.4828557259333	-9.49730983773475	-10.128584945359	-9.87701331931785	-8.88879826499011	-9.76965696685735	-9.76965696685735	-10.1376067876631	-9.32541561228958	-10.396948426883	-8.89054758409597	-9.56761928671438	-9.53447133577617	-9.88685224285768	-9.82022408196868	-9.53518723968307	-8.87508013701248	-9.87701331931785	-9.84891635752183	-9.88097642010013	-11.0883254349936	-10.0977719979389	-10.5118983093436	-9.45684213594487	-9.83291463331395	-9.04113930684476	-9.15430065989203	-9.87701331931785	-9.59415386792933	-9.30124093564827	-10.2547957740403	-9.29246739995984	-10.8594586348596	-11.1481668482011	-10.0361467080347	-9.12586462745196	-9.25618454736553	-9.87898923829994	-9.41443876949542	-9.87701331931785	-9.8701905688564	-9.87701331931785	-9.98376286468182	-9.83291463331395	-9.35103914020614	-10.3120749744909	-10.3120749744909	-10.5654602988689	-9.74597398940854	-9.86947850048875	-9.92275347972264	-9.73989359409293	-9.89186678375855	-9.89186678375855	-10.1232708281397	-9.87701331931785	-9.70944712030389	-9.87701331931785	-9.9873511157304	-9.76106568130013	-8.97337821644135	-10.0047535451874	-9.99687713987242	-9.71469280157673	-10.1376067876631	-10.1376067876631	-10.1376067876631	-11.2215167275653	-10.2774179568948	-9.65300303867881	-10.1376067876631	-9.63016212940313	-9.59405922436009	-9.89186678375855	-9.87852809072857	-11.1214034277001	-9.80095166311864	-11.2024589773063	-10.5687712886406	-10.087375783667	-10.085980082225	-9.87701331931785	-10.1376067876631	-10.002588477654	-9.51762206224007	-10.3141232765227	-8.6814040546537	-9.87852809072857	-9.54465788106063	-10.0797970666094	-9.98849051762779	-10.8435968743991	-9.7129218210223	-9.16479924721314	-9.64517385513608	-10.1376067876631	-9.7432115898129	-9.86211536014624	-8.98499319387365	-9.87852809072857	-8.75276156790776	-9.47527806833732	-10.4794937554585	-9.35662227328761	-10.1376067876631	-9.56372389937187	-9.56372389937187	-11.2215167275653	-9.87899777946005	-9.57613951468897	-9.86052242446237	-9.64479549017949	-10.3803003601974	-10.0951433405846	-9.73657392582727	-9.73657392582727	-9.86822665570939	-9.35662227328761	-9.88658261072835	-10.9287492562663	-10.1049624151665	-9.86381062885082	-9.88145460687301	-9.85529195994512	-9.87852809072857	-9.69992896262748	-11.2024589773063	-10.0709694810992	-10.0709694810992	-10.8564703996326	-13.0857346178725	-9.38131567045349	-10.2215167275653	-8.99586724107259	-9.71300175393408	-10.4851291355333	-10.2747714191302	-10.2528177647925	-9.85471401904184	-9.15271016290378	-9.52561255182514	-10.2119563839693	-10.6615462216201	-9.72949916970321	-9.87852809072857	-10.5178135559566	-9.8810063555872	-9.88631732129074	-11.2215167275653	-11.2215167275653	-9.80801979929709	-11.2024589773063	-10.7209455355602	-9.53661135634705	-9.6800517692589	-11.2215167275653	-9.87701331931785	-9.35524035490681	-9.87852809072857	-10.767361055706	-11.2215167275653	-9.07284888866674	-9.7632845818182	-9.87852809072857	-9.87701331931785	-9.87701331931785	-10.8870540705793	-9.87701331931785	-10.8910535007814	-10.1094446309638	-9.03244325088733	-9.55339823400156	-9.25744696799957	-9.87852809072857	-9.88246710647089	-11.2024589773063	-10.3141232765227	-11.2215167275653	-9.68165618965183	-9.98035210205894	-9.98439581565036	-10.2846036809094	-9.62678769484701	-10.0362695743667	-9.90078345467547	-9.964862436201	-10.1850460582887	-10.0271421953123	-9.67298530222978	-9.87852809072857	-9.86531159402682	-8.65242915599856	-9.74791706056337	-10.4983637224884	-9.14214202911951	-10.4983637224884	-9.87852809072857	-9.67650159060368	-9.59004504797846	-9.29627252546099	-10.8446089953888	-11.1933709400501	-10.1376067876631	-11.1836496979186	-10.8295111380278	-10.1036264495008	-11.2024589773063	-10.3480330781762	-9.70216528636876	-9.81076015641847	-9.20484112337436	-10.128584945359	-9.05708429128562	-9.86852425207675	-9.69651472982136	-9.75957022385845	-10.2938109477113	-10.1263334567846	-9.66298898844183	-9.86634838290037	-10.0173453337614	-9.73023397715563	-9.86245476118798	-9.86735033242858	-10.8291430932614	-10.3141232765227	-9.45124738533493	-10.1376067876631	-9.74103574457049	-10.3141232765227	-9.8793411759779	-9.87852809072857	-9.69209825201959	-10.5408712146912	-9.88658261072835	-9.51133618385788	-9.7507861760991	-9.92328799370177	-9.6701742906028	-9.68469495610537	-11.1394134444933	-10.2023574464627	-10.0797970666094	-10.0341194962053	-9.91486451417269	-10.0312111911994	-9.87852809072857	-10.4772253228174	-10.4772253228174	-10.5285793144016	-11.2024589773063	-11.2024589773063	-10.7795739428312	-9.89554692883633	-9.73118269402518	-9.72437057403612	-10.0709694810992	-9.81531232070703	-10.8828087607298	-10.0056997450004	-9.73965472586978	-10.2547359288339	-9.51831368719202	-9.46373075408306	-11.1993073738016	-10.0709694810992	-9.72074575642924	-9.87701331931785	-9.5324500184032	-10.0439729104478	-10.0439729104478	-9.86973222471521	-9.70411981016945	-9.82367886777862	-9.88730660970622	-9.89387179499771	-9.87701331931785	-10.3339691531442	-8.96946707213196	-9.46075619861554	-9.73224235659006	-9.73224235659006	-9.87701331931785	-9.80296458996122	-11.0958439800547	-9.88940422028998	-10.1172163863337	-10.6107702952474	-11.1993073738016	-10.5928217177733	-9.73311365203305	-9.87852809072857	-10.0509071947666	-10.7025265036571	-9.87852809072857	-10.2962770878366	-10.0178596493035	-9.8770047898982	-9.40748159867526	-9.83399462097872	-9.87701331931785	-9.87852809072857	-9.57705029064611	-9.57705029064611	-10.1376067876631	-10.8054729350606	-11.1774347415637	-9.88768721985837	-9.76149863843802	-10.0049371433228	-10.0049371433228	-10.8138232701612	-9.74324968273127	-10.1376067876631	-9.66979374565136	-8.06013872388688	-10.1270625989925	-9.87701331931785	-9.87701331931785	-9.83291463331395	-9.84172207548476	-11.2215167275653	-9.52065103857388	-9.85510376771963	-9.45522522960685	-10.8594586348596	-10.1357942262579	-9.69381529182701	-10.1032392707055	-9.83674499658427	-9.95231325081284	-10.0426587350561	-10.0426587350561	-9.87503158509699	-9.866881878875	-9.76149863843802	-9.6109681778517	-9.85712139166403	-9.68208458498753	-9.32212097836075	-8.61552378308688	-11.2024589773063	-10.0817814005665	-9.75443408369208	-9.87701331931785	-10.8594586348596	-9.87701331931785	-9.77651578823324	-9.78006831576912	-9.7566208297412	-10.002588477654	-10.7492989887207	-10.2554364949396	-9.87852809072857	-9.86067421750439	-9.87852809072857	-10.1218046087484	-9.23752415516094	-11.2024589773063	-9.99142190885345	-10.8435968743991	-10.7565274587598	-9.69966116846314	-9.38011116455601	-9.87852809072857	-8.5760685467962	-10.1232708281397	-9.75970468079745	-10.1376067876631	-9.83304534743306	-9.7286585284746	-9.60991382625058	-8.25675652287965	-11.0216658247767	-10.965519795682	-8.88803526961919	-10.3221053020836	-10.2762161216974	-9.95101349673535	-11.4028162074039	-11.0387100187421	-9.58073735745362	-11.5852098460663	-10.2803479652338	-10.291595702349	-11.7182535229218	-10.845142854204	-10.8106493668655	-9.93580114052145	-11.9999900339947	-12.4781138957036	-9.15674172813455	-10.8611668115917	-10.1296444311562	-13.0485862974405	-10.6027798319519	-10.8134804263198	-9.69980448873456	-9.74498202951748	-12.5746827763604	-10.9390501896264	-10.9658517626877	-10.9845685703895	-11.9563403037175	-10.2924429420305	-11.1342234806268	-9.97153879453289	-9.05072390617624	-10.0881407864589	-12.1343764001784	-10.2084190507557	-11.9563403037175	-10.6050893913335	-9.01470471632333	-9.33244617699956	-13.0381033353299	-10.5730913887445	-12.188186734359	-10.064504497478	-10.9115506032684	-13.301832204937	-10.6709667373182	-10.77213418963	-12.2049621005444	-13.055249422862	-10.3654352119193	-10.3646205547295	-8.92820299414448	-10.77213418963	-9.35114576920115	-10.6381687931619	-14.1375648943442	-10.5198311031208	-11.543346273234	-10.0412855383844	-10.7208337783075	-12.2870597855828	-9.86459009022191	-12.3828112128631	-11.222318366863	-10.7278637571021	-10.3844883539743	-13.148065979366	-10.9826382017514	-11.6124208569008	-15.1251122847908	-10.1893142241006	-10.8249954712088	-12.4909119214991	-11.3708131883014	-11.1018121970669	-10.3343625914793	-11.5176725928355	-11.8928805831115	-13.2856641961054	-10.2534409991324	-11.6212863681959	-12.1770545451902	-9.66086099029379	-11.9712974789753	-10.3366457137339	-13.0949508731727	-11.5496055815197	-10.5481624746246	-11.6070121367361	-10.1034118917137	-12.0929087293817	-13.1732329453624	-10.562151404776	-11.8228513631921	-12.299877875961	-13.3100076977418	-10.7172071358472	-10.5335332590524	-9.89730186002987	-12.299877875961	-10.6724670725885	-13.6649912596476	-11.8228513631921	-11.7166132478929	-11.2666596618166	-12.5621212340319	-12.3731788380802	-9.93383197246147	-11.1189240388512	-11.6173169321583	-10.8637928802965	-10.5666002600387	-10.7248793901213	-10.1560709151772	-10.5125553931527	-12.5765820176552	-10.0104456886295	-9.22918736314834	-12.5463545144273	-10.0104456886295	-11.4346436162565	-11.4526322820143	-11.70072283061	-14.5030081403637	-13.2611189779991	-13.981920711871	-11.2818445639157	-13.5072582346408	-12.9908274010415	-11.1406416673466	-12.4426627986761	-10.3616433752202	-12.4292379346413	-10.863605266076	-13.3667113558993	-12.867326609605	-12.8903577496554	-14.0016629137315	-12.50291336789	-14.742561832901	-13.8755580772743	-12.4432688796981	-12.8983826799333	-11.0886552938632	-12.889889512081	-10.8368420474163	-13.4383971372958	-14.0597112462786	-11.4369352960367	-10.6023806925388	-13.9894399386989	-12.4432688796981	-10.3551892641643	-12.8367856410099	-14.6618841832579	-11.1551707768901	-11.1551707768901	-11.4022686172341	-13.8149928172353	-14.7750002644281	-11.8775396820756	-12.2801674850974	-13.6621428508616	-13.6621428508616	-10.8817421084805	-13.3679095161095	-12.6627191408972	-12.2754604236352	-14.5560997320445	-10.9349156589292	-11.1198724873444	-9.94007364707384	-14.8388243075965	-13.7719517793194	-12.6704507104493	-11.2634383898722	-11.2634383898722	-11.8462829703425	-8.96223101277463	-10.4709948404652	-10.9011867191263	-10.5819749651449	-10.5963955799323	-10.9757825212647	-11.862917555932	-11.5567745313995	-11.252898559739	-12.5041827826429	-14.8867947056581	-11.691627117947	-11.691627117947	-11.2242224197715	-11.2242224197715	-11.1908666253012	-12.4526755020143	-11.1585424564297	-11.730450485525	-10.6427311191805	-13.5050630742074	-11.1298060127001	-10.4965253345794	-10.9174420103517	-14.4673534096332	-11.8742396529904	-14.1616331737872	-9.67332002944835	-10.6076460732026	-11.1908666253012	-10.9011867191263	-10.6200524189963	-14.8867947056581	-11.97898474221	-11.1895758429533	-12.7787880791527	-12.8902337896249	-14.8867947056581	-10.196240323559	-11.0515577926651	-13.9433430601742	-13.2191598896635	-10.8550483229064	-10.8849255659287	-9.96717222353966	-15.1391515588914	-14.1170954958417	-14.1170954958417	-11.8470780792675	-10.1471142483502	-14.140019237087	-12.5167579970507	-12.2208172820937	-9.30409477292295	-13.6044819972828	-12.4409166891777	-10.632150276	-10.6195742618414	-10.8637472421594	-13.9024883410139	-10.6724670725885	-10.4066748699894	-10.7883494803593	-12.3894098366094	-11.4978416024533	-14.7165644042378	-12.6175506292902	-13.9794718243068	-10.5811923901484	-10.8119255913158	-12.9486756312484	-12.5415064803477	-12.6106071866265	-13.5151694679896	-14.7033157531078	-14.4831789811219	-10.8206005211729	-10.5871313778336	-12.2733753116237	-11.4138465335731	-10.6159924139489	-13.7865923404674	-11.114492764064	-11.1957242854976	-12.0064767453015	-10.6349299264209	-10.6016222089102	-13.7904300315471	-14.2956168340224	-16.6010402233242	-10.8631084597841	-12.9694993559828	-14.8867947056581	-13.2516660987752	-14.3634573854471	-13.9391623871206	-12.4964257456489	-12.6846591247683	-12.4916953363875	-13.0048504671798	-11.0819937483897	-10.7953156946995	-11.9710279817651	-11.9710279817651	-14.8671436180768	-11.7590639604521	-10.541780947571	-12.587198356874	-10.997159852862	-11.5511290677115	-12.6747323667622	-10.8836294039589	-10.8836294039589	-10.3129689458937	-13.4306644501111	-10.592384709779	-12.3640693370649	-10.6963544271528	-14.5125169667076	-9.99212843616973	-10.8511925789438	-11.3704120857428	-12.122258471916	-10.66323388017	-11.2297209585878	-10.8693987435624	-12.7800188708513	-12.4240842162302	-17.2434882187062	-10.8823960456997	-11.2297209585878	-10.8823960456997	-10.8823960456997	-12.5339931430362	-12.658478801836	-12.5995869893991	-12.780842110217	-12.780842110217	-12.4541864732457	-13.069074004964	-12.8470613707914	-11.0004619613901	-12.9236729311882	-14.2707686699075	-11.3158484128314	-14.2707686699075	-14.2707686699075	-11.7895017607079	-10.6467013956684	-14.824278221538	-9.85403556997683	-12.9297963947923	-12.3229253418773	-10.8985835299169	-10.5991226012204	-14.8867947056581	-16.3450108506386	-16.642197548081	-14.6078187559553	-14.8867947056581	-12.0089457741526	-12.5902156366595	-11.013189589802	-12.5265401388485	-10.1660899270388	-12.0656676333318	-14.6111518996194	-15.3641649779573	-10.6126395595948	-13.1172486255091	-12.0507551742358	-15.608724971463	-15.4829297177169	-16.5144262759148	-14.1573341247909	-15.4073867384662	-15.4073867384662	-16.6378435673839	-13.7022272460881	-14.2781206163895	-15.7136124352707	-19.6449835709118	-17.3688399746107	-16.3042891674601	-12.7170162711568	-11.3026064299839	-14.4224649989524	-14.4224649989524	-10.0168095875265	-16.6517854524677	-14.8925218787742	-13.3941235507856	-13.3941235507856	-11.0367306545271	-14.1315937630682	-14.1315937630682	-19.0825050843421	-19.6449835709118	-21.4900089109355	-12.6888694203743	-13.2558567761366	-10.6969249750378	-11.5889800240531	-11.5889800240531	-19.1896139775978	-13.0321568633939	-11.05726597363	-10.8038504872526	-11.05726597363	-15.9329778451535	-14.1302756165039	-21.4900089109355	-15.2762296199038	-13.3684082439827	-16.5435899511403	-11.698653048742	-13.4614888709255	-15.767947739853	-17.3688399746107	-17.3688399746107	-12.4614888709255	-15.2719166270327	-10.1983947803612	-10.1983947803612	-9.88987402152305	-16.2434882187062	-11.8968149336217	-15.9117410627884	-16.642197548081	-16.4542221044575	-17.2434882187062	-17.2434882187062	-14.3779459470259	-15.7254075821311	-17.4542221044575	-17.4542221044575	-15.991817152085	-11.0454215169207	-11.058310124197	-11.3751242680877	-19.3838095071036	-17.1179338783571	-16.642197548081	-10.2137358485089	-13.1676634299492	-14.6156081040609	-13.0362657644007	-16.642197548081	-13.3328491441044	-17.2434882187062	-11.5938166847422	-16.2376588561323	-17.2434882187062	-16.3450108506386	-17.2434882187062	-10.6180737350559	-11.1088124756831	-11.3966231377878	-15.8114152920643	-16.3387574169036	-15.5132803871963	-16.642197548081	-16.179345642144	-11.4073448541251	-15.8692596037363	-15.8692596037363	-17.2434882187062	-17.4542221044575	-17.4542221044575	-14.6618841832579	-13.3281119001758	-13.3281119001758	-16.2376588561323	-16.642197548081	-10.6339898081662	-17.2434882187062	-12.4614888709255	-16.1781344807121	-16.642197548081	-15.991817152085	-17.4542221044575	-16.642197548081	-11.0003801991322	-15.0825365570903	-15.545150465128	-17.4542221044575	-15.8692596037363	-15.991817152085	-9.70875470137933	-16.642197548081	-9.68823918752198	-17.2434882187062	-15.8605443491372	-14.5231777164836	-15.3994455663569	-13.9541287575123	-19.3838095071036	-12.7357461676529	-10.4706691548922	-16.4542221044575	-11.3845683819727	-10.9940521278298	-13.345945541336	-12.3375362666186	-11.9838078694403	-17.4542221044575	-11.4012599257551	-16.4542221044575	-12.848305010086	-17.2434882187062	-12.4025608031656	-13.4131933138847	-13.3594574145004	-13.4614888709255	-11.8765263702043	-14.2953797181503	-13.1000470130942	-13.1000470130942	-13.1000470130942	-11.951629543777	-18.7450505260158	-18.7450505260158	-14.6399494385316	-10.5915698753944	-16.642197548081	-16.6491727189973	-17.9229683182116	-15.9665050355581	-15.1047057099071	-13.2840075542045	-12.808308483787	-17.4542221044575	-17.2434882187062	-15.8367259189834	-16.2241247705169	-15.0208042717306	-15.3718368654375	-15.4297533195849	-15.7912656647895	-9.8539810056353	-15.3953349309207	-14.6468671823999	-9.650075414087	-15.4542221044575	-10.03234873198	-11.058310124197	-10.7811389745141	-14.6468671823999	-17.4542221044575	-16.6696408170254	-9.06546642246422	-17.5392640257376	-9.84460899538881	-10.7309745548593	-12.1368702556669	-16.8294715233197	-16.4542221044575	-13.4614888709255	-16.8294715233197	-11.4130844726856	-11.4130844726856	-17.4542221044575	-11.4130844726856	-11.4130844726856	-15.3055008529174	-17.4542221044575	-17.4542221044575	-15.3055008529174	-14.824278221538	-16.9485537284061	-15.2225286000705	-11.4130844726856	-17.2434882187062	-13.0200279950833	-12.2694783090396	-11.6257998337812	-13.1000470130942	-12.06520110031	-17.4542221044575	-17.4542221044575	-17.4542221044575	-17.4542221044575	-12.1747796625092	-14.6468671823999	-14.8692596037363	-13.9617356955656	-15.4542221044575	-15.4542221044575	-13.9802045883058	-15.4542221044575	-13.9397894289816	-15.6296806103473	-11.147240766666	-15.8692596037363	-11.3699198667546	-13.0374930937249	-10.2024408081041	-16.4542221044575	-16.4542221044575	-13.1141649878258	-13.1141649878258	-14.4089644459705	-16.4542221044575	-11.7808612609091	-15.4982141512071	-13.3735975581103	-13.3735975581103	-17.4542221044575	-16.4542221044575	-15.1400683665559	-12.6274404269644	-16.4542221044575	-16.4542221044575	-14.1178048647159	-16.4542221044575	-10.7300822095214	-11.0412788477289	-16.4542221044575	-14.4342042910417	-16.4542221044575	-16.4542221044575	-16.4542221044575	-13.2110260802631	-16.4542221044575	-16.4542221044575	-10.947458857346	-16.4542221044575	-16.0166789708055	-16.0166789708055	-15.9752437255025	-16.4542221044575	-16.4542221044575	-13.1066726182188	-16.4542221044575	-16.4542221044575	-17.4542221044575	-11.058310124197	-17.4542221044575	-16.3450108506386	-17.4542221044575	-17.4542221044575	-17.4542221044575	-16.3949440519888	-16.8294715233197	-16.2750062956069	-16.4542221044575	-17.4542221044575	-17.4542221044575	-17.4542221044575	-13.0311770218815	-17.4542221044575	-11.3841658618821	-17.4542221044575	-15.991817152085	-21.0749714116567	-21.0749714116567	-17.4542221044575	-17.4542221044575	-18.3838095071036	-17.4542221044575	-17.1179338783571	-17.4542221044575	-17.4542221044575	-17.4542221044575	-10.6704063614525	-17.4542221044575	-11.4082542640731	-17.4542221044575	-17.4542221044575	-15.6359947876846	-17.4542221044575	-17.4542221044575	-13.1444229638833	-17.4542221044575	-17.4542221044575	-17.4542221044575	-17.4542221044575	-17.4542221044575	-14.4673534096332	-17.4542221044575	-17.4542221044575	-17.4542221044575	-17.4542221044575	-17.4542221044575	-17.4542221044575	-17.4542221044575	-11.0538198437538	-13.1599053751922	-17.4542221044575	-17.4542221044575	-16.4542221044575	-17.4542221044575	-17.4542221044575	-17.4542221044575	-17.4542221044575	-16.3387574169036	-17.4542221044575	-17.4542221044575	-17.4542221044575	-13.3735975581103	-17.4542221044575	-17.4542221044575	-17.4542221044575	-17.115613396154	-13.0311770218815	-13.2124115371152	-16.4542221044575	-17.4542221044575	-11.942000500021	-17.1179338783571	-15.991817152085	-15.8692596037363	-17.4542221044575	-17.4542221044575	-17.4542221044575	-17.4542221044575	-17.4542221044575	-17.4542221044575	-17.4542221044575	-17.4542221044575	-9.35751334648057	-17.4542221044575	-17.4542221044575	-17.4542221044575	-17.4542221044575	-17.1179338783571	-17.4542221044575	-13.1793372277937	-13.0311770218815	-13.0311770218815	-17.4542221044575	-17.4542221044575	-17.4542221044575	-13.3735975581103	-21.0749714116567	-17.4542221044575	-11.3879505887101	-17.4542221044575	-17.4542221044575	-17.4542221044575	-17.4542221044575	-17.4542221044575	-17.4542221044575	-17.4542221044575	-16.3387574169036	-11.2985703663437	-15.2957992573698	-17.4542221044575	-17.4542221044575	-15.4859653519666	-13.3512156747081	-17.4542221044575	-18.1363719563208	-13.0567403171768	-17.4542221044575	-9.59456125668341	-16.4185862761747	-11.0192577838579	-17.4542221044575	-17.4542221044575	-17.4542221044575	-16.3450108506386	-17.4542221044575	-17.4542221044575	-17.4542221044575	-17.4542221044575	-11.4130844726856	-17.4542221044575	-17.4542221044575	-17.4542221044575	-17.1179338783571	-17.4542221044575	-11.951629543777	-12.8124784833308	-17.4542221044575	-17.4542221044575	-17.4542221044575	-11.058310124197	-17.4542221044575	-16.4542221044575	-10.8056190448994	-17.4542221044575	-17.4542221044575	-17.4542221044575	-17.4542221044575	-11.3782718807767	-15.991817152085	-17.4542221044575	-17.4542221044575	-17.4542221044575	-17.4542221044575	-13.3132632124847	-11.9099702353349	-13.3735975581103	-12.9449228817253	-13.0311770218815	-17.4542221044575	-11.8100955466835	-13.3512156747081	-18.3380058174905	-17.1179338783571	-17.4542221044575	-17.2318529529589	-11.3751242680877	-17.4542221044575	-17.4542221044575	-13.0444268805803	-17.4542221044575	-17.4542221044575	-17.4542221044575	-15.8367259189834	-17.4542221044575	-17.4542221044575	-17.4542221044575	-17.4542221044575	-17.4542221044575	-17.4542221044575	-17.4542221044575	-17.4542221044575	-17.4542221044575	-17.4542221044575	-17.4542221044575	-17.4542221044575	-16.3387574169036	-17.4542221044575	-17.4542221044575	-13.2709300461948	-15.7955413883453	-17.4542221044575	-17.4542221044575	-17.4542221044575	-17.1179338783571	-16.3949440519888	-13.0311770218815	-13.3735975581103	-17.4542221044575	-17.4542221044575	-17.4542221044575	-17.4542221044575	-17.1179338783571	-11.0172485087485	-10.9410853475292	-11.7990635561636	-17.4542221044575	-17.4542221044575	-17.4542221044575	-17.4542221044575	-17.4542221044575	-17.4542221044575	-17.4542221044575	-17.4542221044575	-14.7448761776891	-13.0955700351621	-17.4542221044575	-17.4542221044575	-17.4542221044575	-17.4542221044575	-17.4542221044575	-13.3281119001758	-16.3387574169036	-17.4542221044575	-14.8955598884826	-11.058310124197	-9.88990156040771	-17.4542221044575	-17.4542221044575	-17.4542221044575	-10.305721268742	-19.3838095071036	-19.3838095071036	-19.3838095071036	-19.3838095071036	-19.3838095071036	-17.1179338783571	-16.9390626555837	-19.3838095071036	-19.3838095071036	-9.71611725639264	-10.2621311732987	-19.3838095071036	-19.3838095071036	-19.3838095071036	-14.9199564570618	-16.9485537284061	-13.3374611526592	-19.3838095071036	-19.3838095071036	-19.3838095071036	-19.3838095071036	-19.3838095071036	-19.3838095071036	-11.0532087017942	-12.1638041601702	-19.3838095071036	-14.6010402233242	-14.4311152218819	-16.7530433167693	-16.7530433167693	-13.2111637058902	-14.8355054769613	-18.3380058174905	-14.6445188599911	-17.0257278926368	-15.9305397582772	-17.2434882187062	-13.3512156747081	-13.3512156747081	-17.115613396154	-18.3380058174905	-11.6154800235112	-18.3380058174905	-11.9466333258509	-13.168222754834	-18.3380058174905	-13.2108712671241	-18.3380058174905	-18.3380058174905	-16.6893486414519	-17.115613396154	-18.3380058174905	-14.9435431228801	-16.1725627971523	-16.7834169658128	-8.48769556930962	-10.4593507142967	-11.1221674856738	-9.72010909720056	-10.2329441479676	-9.87010737706657	-12.2694783090396	-11.075544862263	-11.4351609362823	-11.075544862263	-11.0165718551264	-11.075544862263	-11.075544862263	-11.075544862263	-11.4825065878431	-13.1000470130942	-11.3329380576642	-11.4351609362823	-24.0605203755451	-24.0605203755451	-12.2694783090396	-11.5411928674462	-11.4351609362823	-11.7696728024989	-11.9838078694403	-11.075544862263	-11.075544862263	-11.075544862263	-11.075544862263	-11.075544862263	-10.7879212207787	-10.8537820731297	-10.244176742045	-13.6833936550828	-15.6468904522377	-16.2318529529589	-13.2641677362411	-16.2318529529589	-16.2318529529589	-15.2376588561323	-15.2376588561323	-16.2318529529589	-16.2318529529589	-11.8417079258954	-11.8417079258954	-13.0028164714641	-17.2318529529589	-17.2318529529589	-17.2318529529589	-14.8867947056581	-17.2318529529589	-12.0573858191892	-12.8098773347692	-10.8673113594245	-13.1000470130942	-13.1000470130942	-13.1000470130942	-11.9838078694403	-17.2762296199038	-17.9229683182116	-17.9229683182116	-12.2027197840115	-11.6708942754154	-11.6708942754154	-11.6708942754154	-11.6708942754154	-13.2558567761366	-13.2558567761366	-13.2558567761366	-13.2558567761366	-13.2558567761366	-13.2401931391446	-13.2558567761366	-13.2558567761366	-13.2558567761366	-11.4825065878431	-11.4825065878431	-13.1069846915589	-13.2558567761366	-11.0396930820923	-15.9117410627884	-16.642197548081	-11.3247715557589	-15.3055008529174	-16.642197548081	-16.642197548081	-16.642197548081	-16.642197548081	-16.642197548081	-17.4542221044575	-17.4542221044575	-17.2434882187062	-22.0605203755451	-12.1000470130942	-12.9812310835704	-11.4351609362823	-13.1000470130942	-24.0605203755451	-13.1000470130942	-16.642197548081	-13.1000470130942	-13.1000470130942	-13.1000470130942	-13.1000470130942	-12.9064594625944	-13.4614888709255	-13.4614888709255	-11.5411928674462	-13.4321174414713	-13.4614888709255	-19.064987323084	-13.1069846915589	-12.4614888709255	-13.4614888709255	-13.4614888709255	-13.1000470130942	-11.9838078694403	-11.9838078694403	-11.9838078694403	-21.0749714116567	-15.3055008529174	-14.8867947056581	-21.4900089109355	-21.0749714116567	-15.3055008529174	-17.4542221044575	-17.2434882187062	-17.2434882187062	-21.7385922806577	-22.0605203755451	-17.2434882187062	-24.0605203755451	-16.642197548081	-14.8867947056581	-17.2434882187062	-17.2434882187062	-17.2434882187062	-17.9229683182116	-16.4542221044575	-17.4542221044575	-17.4542221044575	-21.4900089109355	-19.7732211987069	-14.8671436180768	-19.3838095071036	-13.2558567761366	-13.2558567761366	-17.2434882187062	-15.3055008529174	-13.4614888709255	-15.3055008529174	-15.3055008529174	-21.0749714116567	-21.0749714116567	-14.8867947056581	-14.8867947056581	-17.9229683182116	-13.4614888709255	-13.4614888709255	-24.0605203755451	-19.064987323084	-17.4542221044575
Plate2_3924R_L_F_S5_week9_S72_L001	-6.5845758332743	-6.26359537400353	-6.42243284120309	-6.86761432674181	-6.63036109626152	-7.27967241876159	-7.86738354618777	-7.05073203850418	-6.46335790943294	-7.55140193732259	-7.30313002092807	-8.33239865003895	-8.69063433831873	-8.21221714973024	-8.83342642834184	-7.79829779298935	-7.46031561324701	-7.49902552966146	-8.21627594912007	-8.14464259591756	-9.56463183308505	-9.53747048268709	-8.60881207941059	-8.02351445780591	-8.92936680528969	-8.64693266390205	-8.39635939147022	-9.06357907313669	-9.06357907313669	-8.05086020968706	-9.95540669016522	-9.28463240593616	-9.86174087836083	-9.95540669016522	-8.39878219325193	-8.97502835942578	-9.37253373623302	-9.12742201603177	-9.35866333272574	-8.91718935488712	-9.42751106728332	-9.6291148501686	-9.06826701845842	-9.03729471292885	-8.84367441744409	-9.65311301630847	-10.141337628972	-10.1408430550629	-8.88245578791186	-9.14770493187196	-9.84635312225383	-9.45812877357917	-9.1266720357569	-8.7455504142955	-8.63023131749421	-9.03673759977024	-8.66748339745139	-8.87665067023707	-8.7927601237358	-8.97425008513696	-8.92633628914319	-9.27555709138218	-8.68129857529827	-8.68129857529827	-9.49752899788107	-8.54311229356316	-8.56665937615491	-10.8448060022298	-9.47715164222601	-8.70885994002426	-9.03671295371507	-9.43669197452662	-9.02895602663452	-9.53543012409033	-8.61798576453475	-8.80536899940999	-9.13404046595626	-11.1130727516673	-8.17935128293744	-9.0827570928545	-9.37154440528264	-10.074112620974	-9.38587621442845	-9.38308846978519	-9.35692425511927	-9.02378881762282	-8.20759830739071	-9.72071160799473	-9.37966513860152	-8.87665067023707	-8.7415745649	-9.10149774938863	-9.15808904548674	-8.13389677908693	-8.23063437061806	-10.0817163391596	-9.37873286356959	-8.89299538709501	-8.50670394462101	-9.46182806568957	-8.82934140962905	-8.88332345849877	-9.12005589175781	-8.44033799519305	-9.32017807793784	-9.00003609898441	-9.69732234441292	-9.93538114156907	-9.75257173115371	-10.1394168058989	-11.141337628972	-10.7274586260401	-14.1729744509185	-11.1385137733136	-11.112149697249	-8.36458517254147	-9.65857356232879	-8.97159538801079	-9.2174804076526	-10.6483620549341	-10.6483620549341	-10.05079384131	-10.1247457399973	-10.1247457399973	-9.79747263312389	-9.66940801623012	-9.67204261533491	-8.92405769467111	-9.39352371962532	-11.1098282211201	-9.56287211987851	-9.47195976740401	-11.0962649054325	-9.32177379100393	-9.67150995293557	-9.8722990066818	-9.88245578791186	-9.88245578791186	-9.88245578791186	-10.0971007489804	-11.1130727516673	-9.88245578791186	-9.98263565038847	-8.81534175983084	-8.81534175983084	-9.95795278097597	-9.26607422437343	-9.26634391490391	-9.88817429321069	-10.0428739963527	-9.56709595807889	-9.89347287903966	-10.762673675191	-9.98263565038847	-9.88599250711702	-8.89318428245996	-10.762673675191	-10.1944987192373	-9.70903929210458	-9.84422859617006	-9.40606476018738	-10.9301265745731	-9.41437417632529	-9.37873286356959	-9.75959247148061	-9.87152219122232	-9.36325019341331	-9.30030865460626	-9.67186588996042	-10.1944987192373	-10.3903909853223	-9.52088421085262	-10.1394168058989	-9.88245578791186	-8.89464831624259	-9.76357484693501	-9.76357484693501	-10.1537404743669	-9.36836386781411	-10.3076995290454	-8.85339798720088	-9.58487626648071	-9.51626861627335	-9.88723481718834	-9.84581539989285	-9.4984287388689	-8.92737012391124	-9.88245578791186	-9.8439252449975	-9.88599250711702	-11.0303760677621	-10.0982259628234	-10.4793182634957	-9.4877478777715	-9.84422859617006	-9.03950556440158	-9.19990366225509	-9.88245578791186	-9.55619906405545	-9.30585989041483	-10.1433123146315	-9.32079364399302	-10.7685120456359	-11.0440972299934	-10.0002407450149	-9.14933968479107	-9.28404718910636	-9.88066818627528	-9.3735434598313	-9.88245578791186	-9.87287382619301	-9.88245578791186	-9.97928283624932	-9.84422859617006	-9.387260848899	-10.2709943658974	-10.2709943658974	-10.4787690485317	-9.7920381400432	-9.87057738537458	-9.92824695163528	-9.73765805152465	-9.89948552718497	-9.89948552718497	-10.141921621074	-9.87852421705635	-9.7055524722489	-9.88245578791186	-9.99678927771738	-9.75382377567696	-8.9984655763024	-10.0256040000122	-10.0161239669249	-9.71052667862068	-10.1537404743669	-10.1537404743669	-10.1537404743669	-11.141337628972	-10.2490865192597	-9.65231978744002	-10.1537404743669	-9.63748893459601	-9.57709093982068	-9.89948552718497	-9.88419165123714	-11.0123895550295	-9.77435359116397	-11.1130727516673	-10.4796432024831	-10.0966793410903	-10.1115144663437	-9.88245578791186	-10.1537404743669	-10.0240762593861	-9.49973269049848	-10.2722357324488	-8.72711754179232	-9.88419165123714	-9.54948347080253	-10.1002343312308	-10.0567600971064	-10.7516012164271	-9.70894961327735	-9.18923447892353	-9.66194410269662	-10.1537404743669	-9.78878295407	-9.86706725323919	-8.97038814492675	-9.88419165123714	-8.76781675159439	-9.48172521786939	-10.4557767618447	-9.3954976486796	-10.1537404743669	-9.53905457688953	-9.53905457688953	-11.141337628972	-9.88384061678872	-9.56038389473282	-9.85933130371136	-9.62414708406394	-10.2924737599066	-10.1180141095165	-9.78014942780951	-9.78014942780951	-9.87152219122232	-9.3954976486796	-9.89582918248396	-10.8268858522903	-10.1048897962995	-9.86734044445347	-9.81597116350334	-9.86057703266821	-9.88813871830622	-9.69832718518127	-11.112149697249	-10.0860989350327	-10.0860989350327	-10.7653094532673	-13.529544205454	-9.33124373845149	-10.141337628972	-8.97186593958125	-9.7081342499632	-10.3929441607526	-10.2309339375678	-10.2370837344281	-9.85458574117456	-9.10367891047814	-9.57704972007331	-10.1271359717313	-10.5660231285225	-9.68169772266871	-9.88419165123714	-10.43549357157	-9.88932502143942	-9.89388951200331	-11.141337628972	-11.141337628972	-9.81588092976716	-11.1130727516673	-10.6467436273635	-9.5313592009038	-9.68097079830025	-11.141337628972	-9.88245578791186	-9.3945103465555	-9.88419165123714	-10.6862222547084	-11.141337628972	-9.07255330100368	-9.81568779214456	-9.88813871830622	-9.88245578791186	-9.88245578791186	-10.9028681104679	-9.88245578791186	-10.9056786219419	-10.0802372600005	-9.03713856807425	-9.57736278069062	-9.27929476421462	-9.88419165123714	-9.89087535815208	-11.1130727516673	-10.273267149513	-11.141337628972	-9.68493930257087	-10.043363330422	-9.93267426236222	-10.2482738968052	-9.61676881014704	-9.99763098150621	-9.84718277390322	-9.94849293472512	-10.1561141234727	-9.98623661900398	-9.62304703132088	-9.88419165123714	-9.86905820503167	-8.64184391197249	-9.73484033247794	-10.502949499235	-9.1361261954257	-10.502949499235	-9.88419165123714	-9.66774546300521	-9.58990145881923	-9.28789299223246	-10.7466354500772	-11.1074448995272	-10.1537404743669	-11.0853510080406	-10.8049271362149	-10.1153647559661	-11.1130727516673	-10.4579984028838	-9.69970405019222	-9.81648306478763	-9.2108580988112	-10.1394168058989	-9.06889146624456	-9.87112661580406	-9.68862828771723	-9.73385636187708	-10.2423245052025	-10.1425907194899	-9.68703177122955	-9.87153318097682	-9.9753967893061	-9.72546894507988	-9.86638012119341	-9.87097940153847	-10.8282033996225	-10.273267149513	-9.49499509636476	-10.1537404743669	-9.68329091615739	-10.273267149513	-9.88207048798516	-9.88419165123714	-9.68361504011917	-10.5089590313029	-9.89582918248396	-9.50463814574852	-9.73818097534299	-9.89740517584264	-9.67372226759276	-9.68355715549931	-11.0475331095259	-10.1726792317404	-10.1002343312308	-10.0631409857941	-9.8779736355473	-9.99360276940975	-9.88419165123714	-10.4046232726303	-10.4046232726303	-10.4407007403045	-11.1130727516673	-11.1130727516673	-10.6999486168895	-9.90191902017219	-9.75817488628399	-9.7472732179306	-10.0860989350327	-9.82716432727041	-10.8957204025743	-9.96689652072295	-9.72916426221454	-10.2233499900719	-9.50906616514139	-9.46107984092128	-11.1153092332606	-10.0860989350327	-9.71850517693881	-9.88245578791186	-9.55631624151313	-10.0731113615861	-10.0731113615861	-9.87324494104419	-9.74853412608532	-9.83544648742213	-9.89458913079243	-9.90088680759032	-9.88245578791186	-10.3705521283159	-9.02546704844955	-9.50677591854832	-9.76980463461289	-9.76980463461289	-9.88245578791186	-9.82779109257746	-10.9951975384726	-9.89554681874743	-10.1316045588789	-10.53771751946	-11.1153092332606	-10.5259867818339	-9.74926696776182	-9.88419165123714	-10.0391150468585	-10.6253153042464	-9.88419165123714	-10.253481079988	-9.9761930136307	-9.88322004908315	-9.42025661749541	-9.8447045978874	-9.88245578791186	-9.88419165123714	-9.59509361804205	-9.59509361804205	-10.1537404743669	-10.713104252103	-11.089742119161	-9.87957738454189	-9.75314328461073	-9.97236790981606	-9.97236790981606	-10.7368736873328	-9.73664346561944	-10.1537404743669	-9.66508376881632	-8.08944725802226	-10.0910663282832	-9.88245578791186	-9.88245578791186	-9.84422859617006	-9.84696379170759	-11.141337628972	-9.51338549156528	-9.85265875857777	-9.46392538276523	-10.7685120456359	-10.1516482697212	-9.64808717064524	-10.1269627981584	-9.83255686759414	-9.95807880323497	-9.99690595186719	-9.99690595186719	-9.88107228704407	-9.87341879644658	-9.74990724707905	-9.64411598416625	-9.86012556785993	-9.68476227778406	-9.3438227971249	-8.61290514025037	-11.1130727516673	-10.1087008337827	-9.7645738615523	-9.88245578791186	-10.7685120456359	-9.88245578791186	-9.80049152067848	-9.79652987273412	-9.79063612447782	-10.0240762593861	-10.6786005653524	-10.2269963705242	-9.88419165123714	-9.86461814894015	-9.88419165123714	-10.1355177110727	-9.26355024725653	-11.1130727516673	-9.99164900877124	-10.7516012164271	-10.6710686619397	-9.70551720905332	-9.34818880743985	-9.88813871830622	-8.59060561275956	-10.141921621074	-9.77852809184027	-10.1537404743669	-9.84009284766846	-9.76168480124337	-9.67898069503991	-8.29139029882194	-11.0192868014205	-11.0844302306446	-9.15032773717848	-10.3740384669228	-10.3697840485046	-9.89385677220041	-11.2895664320948	-11.0480430706975	-9.62798810687484	-11.6322564210922	-10.4063810405972	-10.3589154651031	-11.6277572950238	-10.8303051523503	-10.7568114703214	-9.90681412161692	-12.2864627400718	-12.5443620880772	-9.20291308141863	-10.9011904108552	-10.1299165904634	-13.1385296420537	-10.5606679618406	-10.7421126411351	-9.66922842930034	-9.76849362744683	-12.6706058340634	-10.9427316580122	-10.9246219702137	-10.9460899918899	-11.8593073299827	-10.3113699576762	-11.0861839512759	-9.98299178130499	-9.02115808996424	-10.1186817739597	-12.169309710365	-10.1365984646307	-11.8593073299827	-10.6801909820318	-8.99333927172942	-9.3687821224885	-13.0198810623538	-10.5724232763151	-12.2563882663426	-10.1817674810576	-10.8212285510457	-13.5114844905648	-10.7683142329418	-10.7952548217725	-12.2227984528939	-13.1594153628722	-10.4328110693683	-10.3362596804231	-8.90982417714502	-10.7952548217725	-9.36800309778637	-10.6288950042238	-14.0469356246623	-10.4960022496198	-11.4970824461421	-10.027429631686	-10.8001526000753	-12.2773720579947	-9.92005710379415	-12.3123004618913	-11.2406344475763	-10.9061318140482	-10.5300448652206	-13.2389265194512	-11.0918146643422	-11.5943268118381	-15.0241096486858	-10.2289323668334	-10.7560091872333	-12.4481136172816	-11.3880550612277	-11.0958095060243	-10.3798542712234	-11.5943147203674	-11.9112076761526	-13.4901790733247	-10.3581771651632	-11.5610412909884	-12.1061047163239	-9.72616432577462	-11.9162742532894	-10.3784022850156	-13.1842141213159	-11.509989669501	-10.5087561826365	-11.5723935032974	-10.0872547345908	-12.1133083723498	-13.2646428192178	-10.5248179001342	-11.7252114081542	-12.2492807029098	-13.4251428078708	-10.8254119669846	-10.5021121551435	-9.8764760573732	-12.2492807029098	-10.6539665390978	-13.8465720117704	-11.7252114081542	-11.6442405247249	-11.1871800141791	-12.573637347734	-12.3515330630371	-9.99703941948539	-11.1501535349282	-11.578293401906	-10.7704698068484	-10.5480611867102	-10.6657264982214	-10.1785942175543	-10.5767480751601	-12.5069158939376	-10.0228194293863	-9.25212839829327	-12.532571626138	-10.0228194293863	-11.5207526404491	-11.3527107299452	-11.7668526241231	-14.6572720075388	-13.0495989034155	-13.9601878082736	-11.2949604607876	-13.553792848976	-12.7367842635212	-11.1666859111863	-12.3790614347905	-10.4010580973445	-12.3589051940843	-10.7837318937004	-13.2613906215327	-12.6532811612994	-12.7901575473295	-13.943382985875	-12.4487518444659	-14.9153434939609	-13.7569007908089	-12.306437187277	-12.8513324241629	-11.1028792415157	-12.8352164192982	-10.9456919470385	-13.4555010817209	-14.0435771051462	-11.4470170506035	-10.6283798908706	-13.887234076518	-12.306437187277	-10.3804400623169	-12.7272385196875	-14.7140721948977	-11.1399232453264	-11.1399232453264	-11.2446009254874	-13.8155355558917	-14.5312561859408	-11.7824777417142	-12.2507398198057	-13.7346077697246	-13.7346077697246	-10.8708065721191	-13.084302863072	-12.4421820127217	-12.2034289408902	-14.7689582469453	-11.0517025236838	-11.140226841283	-10.0595692864419	-15.0381196847616	-14.0298150785175	-12.6527270496909	-11.3163156628806	-11.3163156628806	-11.7317454556047	-9.02969489491169	-10.4871112512505	-11.0342270985708	-10.6576863558271	-10.6612878565547	-11.0787030266031	-11.7510821680168	-11.6243063311246	-11.2587952815012	-12.4124280961489	-15.101323330143	-11.5647348898805	-11.5647348898805	-11.2439729156766	-11.2439729156766	-11.2054480516987	-12.3910808427547	-11.3279722700855	-11.658788494992	-10.7188808099565	-13.5036419799719	-11.1386636517082	-10.6551427710382	-11.0376263713559	-14.4090764810562	-11.9430103225957	-14.0533038608915	-9.7514751446433	-10.6701622706649	-11.2054480516987	-11.0342270985708	-10.6944325404964	-15.101323330143	-11.8905679785555	-11.2012837348297	-12.7004105447524	-12.8255553136062	-15.101323330143	-10.1317282747465	-11.175412543051	-13.8219660032789	-13.2955835435488	-10.8448247016812	-10.8833581761788	-9.99625317741206	-15.2852793467384	-14.2136754607032	-14.2136754607032	-11.7773457141311	-10.1948021044139	-14.2400989657091	-12.3730745531798	-12.110068498729	-9.380013724597	-13.7683797127616	-12.3666290699365	-10.7073324238719	-10.6874534669033	-10.8443644779237	-13.8099309265968	-10.8636013433906	-10.4469067847433	-10.8893198292381	-12.365060353127	-11.3840381965902	-14.729882014845	-12.4857580902563	-14.0049399626391	-10.6431732042332	-10.7509244682181	-12.7989314726625	-12.447235423712	-12.5797290623299	-13.7098322430839	-14.8157610968109	-14.6210114017734	-10.8013524300752	-10.6472502885153	-12.1550641358006	-11.3028622576794	-10.6780110176246	-13.9026509921542	-11.1691638184891	-11.2411720214883	-11.9269421878514	-10.6226529932816	-10.6660200133927	-13.6466608728932	-14.5191586620079	-16.6148168250335	-10.8596008539589	-12.8968533077503	-15.101323330143	-13.0617451821984	-14.3672198448501	-13.8855049077893	-12.4409464262491	-12.5488307330929	-12.4412117270799	-12.9371374365988	-11.0075782902332	-10.9292219148154	-12.0893109264253	-12.0893109264253	-15.0572983306637	-11.8317199022778	-10.6133850447472	-12.541678203237	-10.9891358024196	-11.9156184285422	-12.6153222100242	-10.8782216656473	-10.8782216656473	-10.3575839238797	-13.2781060652134	-10.6546156803771	-12.3752460833616	-10.7530029057604	-14.6239113319323	-9.98273535818396	-10.8396742625882	-11.4525498844186	-11.9980964075083	-10.6369153237723	-11.2472107569068	-10.8650316361184	-12.6881668903424	-12.3590366686482	-17.0057759832713	-10.8773975165444	-11.2472107569068	-10.8773975165444	-10.8773975165444	-12.4802508449227	-12.6028328311683	-12.5361999289885	-12.6768812973065	-12.6768812973065	-12.3389496960522	-12.9795575971067	-12.728495964542	-11.0919273323484	-12.8669818002996	-14.1805933677593	-11.3380484173243	-14.1805933677593	-14.1805933677593	-11.9745537903671	-10.7174697271401	-15.0506735564079	-10.001806787263	-12.8456390821133	-12.3178761596003	-10.893452794419	-10.6630368192138	-15.101323330143	-15.89964763241	-16.4515003193559	-14.7867324975193	-15.101323330143	-11.9107920354072	-12.5442920102268	-11.0317917768843	-12.487454792573	-10.1768938559649	-12.2357543488819	-14.729499523117	-15.1438431296485	-10.7933811383732	-12.74548025592	-11.9910049753068	-15.382891080322	-15.3133151567223	-16.3517170101348	-14.2687743659218	-15.1106460200958	-15.1106460200958	-16.2181254017397	-13.6745324681967	-14.1413535288033	-15.3387268556586	-20.3502134195444	-16.751637624233	-15.7404618827731	-12.4795851324136	-11.2957368985504	-14.4264165892647	-14.4264165892647	-10.0586648125568	-16.4029809481215	-14.8328007767841	-13.2392289950224	-13.2392289950224	-11.1503775131137	-14.0502887121007	-14.0502887121007	-19.5309599142402	-20.3502134195444	-21.6513829542649	-12.9823397329063	-13.8064530644772	-10.7530798424771	-11.8523500149363	-11.8523500149363	-18.9915399247847	-13.4232084678614	-11.1652446734366	-10.8667890020036	-11.1652446734366	-15.8210262068457	-13.6926645403767	-21.6513829542649	-14.8112794498676	-13.1750562414443	-16.5611192769951	-11.5876460197969	-13.3013514631986	-15.2636425452813	-16.751637624233	-16.751637624233	-12.3013514631986	-15.0445811970484	-10.2608320277795	-10.2608320277795	-9.98478326551909	-16.0057759832713	-11.9388928016064	-15.7021815537985	-16.4515003193559	-15.8007942454837	-17.0057759832713	-17.0057759832713	-14.047213647778	-15.3492010133893	-16.8007942454837	-16.8007942454837	-15.6156019652112	-11.1583173873651	-11.1662508722874	-11.375081962623	-19.9079910909393	-16.6423941710377	-16.4515003193559	-10.2732323053837	-13.651986887173	-14.3726514231418	-13.4280276391707	-16.4515003193559	-13.1830352883148	-17.0057759832713	-11.4644198000696	-15.9626830440143	-17.0057759832713	-15.89964763241	-17.0057759832713	-10.6871323479948	-11.0884421152157	-11.4090424512168	-15.3841615293185	-15.6307204312837	-15.1692953006342	-16.4515003193559	-15.8126742494045	-11.4144782474117	-15.2158317447625	-15.2158317447625	-17.0057759832713	-16.8007942454837	-16.8007942454837	-14.7140721948977	-13.1315922756128	-13.1315922756128	-15.9626830440143	-16.4515003193559	-10.6963895797949	-17.0057759832713	-12.3013514631986	-16.0995373911889	-16.4146170205393	-15.6156019652112	-16.8007942454837	-16.4515003193559	-11.0880079057361	-14.710775708626	-15.0897676879951	-16.8007942454837	-15.2158317447625	-15.6156019652112	-9.76483920292196	-16.4515003193559	-9.73071175948808	-17.0057759832713	-15.5437922202822	-14.3254029748705	-15.2359127918655	-13.5903975863158	-19.9079910909393	-12.5419766844695	-10.431128801122	-15.5601364889186	-11.3932817701894	-10.9787003268379	-13.1675527846639	-12.2037720273222	-12.0563652980003	-16.8007942454837	-11.4031694555547	-15.8007942454837	-12.7361704586129	-17.0057759832713	-12.2329015819071	-13.2456488494211	-13.188500959739	-13.3013514631986	-11.7163889624774	-13.892945564487	-13.0033014818383	-13.0033014818383	-13.0033014818383	-12.0035230498333	-19.3856674567082	-19.3856674567082	-14.2781759901435	-10.620985535777	-16.4515003193559	-16.6862583381287	-18.4757443016282	-15.4626528306139	-14.9880535850257	-13.1519143009737	-12.6411346030896	-16.8007942454837	-17.0057759832713	-15.5161134136614	-15.6923746138621	-14.7043305175025	-15.0538624213073	-15.0061620024068	-15.1002515014908	-9.97095043124943	-14.7132526190966	-13.9934393234261	-9.71193557501392	-14.8007942454837	-10.1522702723538	-11.1662508722874	-10.7309197686957	-13.9866563261889	-16.8007942454837	-16.084241730631	-9.18201641048821	-17.3089907568179	-9.74663545007721	-10.7061912771135	-12.2831220555491	-16.3028444744265	-15.8007942454837	-13.3013514631986	-16.3028444744265	-11.4184866893328	-11.4184866893328	-16.8007942454837	-11.4184866893328	-11.4184866893328	-15.5294794676856	-16.8007942454837	-16.8007942454837	-15.5294794676856	-15.0506735564079	-16.8246528931218	-15.4617348610497	-11.4184866893328	-17.0057759832713	-12.9479428079679	-12.1446432599264	-11.5110119140501	-13.0033014818383	-11.9523342096753	-16.8007942454837	-16.8007942454837	-16.8007942454837	-16.8007942454837	-11.8963702235921	-13.9934393234261	-14.2158317447625	-13.7395629939945	-14.8007942454837	-14.8007942454837	-13.5824799474633	-14.8007942454837	-13.7992993748669	-15.0300898215038	-11.0886481975977	-15.2158317447625	-11.3509159896671	-13.3454759289932	-10.2593425423388	-15.8007942454837	-15.8007942454837	-12.8423498514634	-12.8423498514634	-14.382105967417	-15.8007942454837	-11.8310985522047	-15.1314378663319	-13.1791127871467	-13.1791127871467	-16.8007942454837	-15.8007942454837	-14.7684342815483	-12.541337823454	-15.8007942454837	-15.8007942454837	-13.7877165741886	-15.8007942454837	-10.786203419195	-11.1374985368348	-15.8007942454837	-14.1438431296485	-15.8007942454837	-15.8007942454837	-15.8007942454837	-13.0247613019066	-15.8007942454837	-15.8007942454837	-11.0005155209538	-15.8007942454837	-15.5387572812736	-15.5387572812736	-15.5692719391118	-15.8007942454837	-15.8007942454837	-13.4833914287085	-15.8007942454837	-15.8007942454837	-16.8007942454837	-11.1662508722874	-16.8007942454837	-15.89964763241	-16.8007942454837	-16.8007942454837	-16.8007942454837	-15.9075102727243	-16.3028444744265	-16.013878278589	-15.7771919801011	-16.8007942454837	-16.8007942454837	-16.8007942454837	-12.903106229495	-16.8007942454837	-11.3897098516973	-16.8007942454837	-15.6156019652112	-20.1135544291349	-20.1135544291349	-16.8007942454837	-16.8007942454837	-18.9079910909393	-16.8007942454837	-16.6423941710377	-16.8007942454837	-16.8007942454837	-16.8007942454837	-10.7024552123007	-16.8007942454837	-11.5589986143475	-16.8007942454837	-16.8007942454837	-15.3888182521764	-16.8007942454837	-16.8007942454837	-12.9477141653038	-16.8007942454837	-16.8007942454837	-16.8007942454837	-16.8007942454837	-16.8007942454837	-14.4090764810562	-16.8007942454837	-16.8007942454837	-16.8007942454837	-16.8007942454837	-16.8007942454837	-16.8007942454837	-16.8007942454837	-11.1628846580339	-13.6173504366502	-16.8007942454837	-16.8007942454837	-15.8007942454837	-16.8007942454837	-16.8007942454837	-16.8007942454837	-16.8007942454837	-15.8595688831031	-16.8007942454837	-16.8007942454837	-16.8007942454837	-13.1791127871467	-16.8007942454837	-16.8007942454837	-16.8007942454837	-17.2639810219003	-12.903106229495	-12.9585868934934	-15.8007942454837	-16.8007942454837	-12.1018732949037	-16.6423941710377	-15.6156019652112	-15.2158317447625	-16.8007942454837	-16.8007942454837	-16.8007942454837	-16.8007942454837	-16.8007942454837	-16.8007942454837	-16.8007942454837	-16.8007942454837	-9.42759346937661	-16.8007942454837	-16.8007942454837	-16.8007942454837	-16.8007942454837	-16.6423941710377	-16.8007942454837	-13.6358982081491	-12.903106229495	-12.903106229495	-16.8007942454837	-16.8007942454837	-16.8007942454837	-13.1791127871467	-20.1135544291349	-16.8007942454837	-11.3887867940229	-16.8007942454837	-16.8007942454837	-16.8007942454837	-16.8007942454837	-16.8007942454837	-16.8007942454837	-16.8007942454837	-15.8595688831031	-11.3133688957569	-14.9502745592752	-16.8007942454837	-16.8007942454837	-15.1493467906656	-13.2116633592905	-16.8007942454837	-17.9628828494354	-12.9576657713625	-16.8007942454837	-9.68116662085212	-16.3028444744265	-11.1321205505123	-16.8007942454837	-16.8007942454837	-16.8007942454837	-15.89964763241	-16.8007942454837	-16.8007942454837	-16.8007942454837	-16.8007942454837	-11.4184866893328	-16.8007942454837	-16.8007942454837	-16.8007942454837	-16.6423941710377	-16.8007942454837	-12.0035230498333	-12.6754326565748	-16.8007942454837	-16.8007942454837	-16.8007942454837	-11.1662508722874	-16.8007942454837	-15.8007942454837	-10.8669131494677	-16.8007942454837	-16.8007942454837	-16.8007942454837	-16.8007942454837	-11.3884974111901	-15.6156019652112	-16.8007942454837	-16.8007942454837	-16.8007942454837	-16.8007942454837	-13.1428665808988	-12.3293139780689	-13.1791127871467	-12.8244543228839	-12.903106229495	-16.8007942454837	-11.6440502761438	-13.2116633592905	-18.0793595092513	-16.6423941710377	-16.8007942454837	-16.9208400351762	-11.375081962623	-16.8007942454837	-16.8007942454837	-12.9313647265396	-16.8007942454837	-16.8007942454837	-16.8007942454837	-15.7261464403575	-16.8007942454837	-16.8007942454837	-16.8007942454837	-16.8007942454837	-16.8007942454837	-16.8007942454837	-16.8007942454837	-16.8007942454837	-16.8007942454837	-16.8007942454837	-16.8007942454837	-16.8007942454837	-15.8595688831031	-16.8007942454837	-16.8007942454837	-13.0713330588785	-15.280975770082	-16.8007942454837	-16.8007942454837	-16.8007942454837	-16.6423941710377	-15.9333638889832	-12.903106229495	-13.1791127871467	-16.8007942454837	-16.8007942454837	-16.8007942454837	-16.8007942454837	-16.6423941710377	-11.1192375272343	-11.0489375937657	-11.7940850468192	-16.8007942454837	-16.8007942454837	-16.8007942454837	-16.8007942454837	-16.8007942454837	-16.8007942454837	-16.8007942454837	-16.8007942454837	-14.5755600285705	-13.4550706428155	-16.8007942454837	-16.8007942454837	-16.8007942454837	-16.8007942454837	-16.8007942454837	-13.1315922756128	-15.6307204312837	-16.8007942454837	-14.6034800491294	-11.1662508722874	-10.0821452676524	-16.8007942454837	-16.8007942454837	-16.8007942454837	-10.3872922737964	-19.9079910909393	-19.9079910909393	-19.9079910909393	-19.9079910909393	-19.9079910909393	-16.6423941710377	-16.7494817090691	-19.9079910909393	-19.9079910909393	-9.77496193476145	-10.4159157298292	-19.9079910909393	-19.9079910909393	-19.9079910909393	-14.6890239808904	-16.8246528931218	-13.1368097814352	-19.9079910909393	-19.9079910909393	-19.9079910909393	-19.9079910909393	-19.9079910909393	-19.9079910909393	-11.1965640990131	-12.3420608989246	-19.9079910909393	-14.8592898947938	-14.7810182346815	-16.4943970085301	-16.3833255817219	-13.334382274848	-15.2078473405992	-17.968288082443	-14.7749756391481	-17.1966430309524	-15.629252967713	-17.0057759832713	-13.2116633592905	-13.2116633592905	-17.2639810219003	-18.0793595092513	-11.901522503346	-18.0793595092513	-12.0104118170637	-13.0084158415807	-18.0793595092513	-13.0629293121712	-18.0793595092513	-18.0793595092513	-16.4449267096385	-17.2639810219003	-18.0793595092513	-15.1503988461831	-16.082232594807	-17.0793595092513	-8.60569428140579	-10.5627094562866	-11.1680404050392	-9.77734502778205	-10.3048524024188	-9.90124126691024	-12.1446432599264	-11.1955879027763	-11.4534971203186	-11.1955879027763	-11.1204437001959	-11.1955879027763	-11.1955879027763	-11.1955879027763	-11.6808712921067	-13.0033014818383	-11.3670855565798	-11.4534971203186	-21.7226742484507	-21.7226742484507	-12.1446432599264	-11.5485331733372	-11.4534971203186	-11.8478572173535	-12.0563652980003	-11.1955879027763	-11.1955879027763	-11.1955879027763	-11.1955879027763	-11.1955879027763	-10.9768675096909	-11.0445266806999	-10.3187868964757	-13.6125619242353	-15.3358775344551	-15.9208400351762	-13.0838410376578	-15.9208400351762	-15.9208400351762	-14.9626830440143	-14.9626830440143	-15.9208400351762	-15.9208400351762	-11.6777829529193	-11.6777829529193	-12.8775019808193	-16.4785982986834	-16.9208400351762	-16.9208400351762	-15.101323330143	-16.9208400351762	-11.9545985700492	-13.2735139861911	-10.9894426578353	-13.0033014818383	-13.0033014818383	-13.0033014818383	-12.0563652980003	-17.8601270216261	-18.4757443016282	-18.4757443016282	-12.0713970128266	-12.2214905637561	-12.2214905637561	-12.2214905637561	-12.2214905637561	-13.8064530644772	-13.8064530644772	-13.8064530644772	-13.8064530644772	-13.8064530644772	-13.7803578112134	-13.8064530644772	-13.8064530644772	-13.8064530644772	-11.6808712921067	-11.6808712921067	-13.0222540502368	-13.8064530644772	-11.0261078980194	-15.7021815537985	-16.4515003193559	-11.3599552705356	-15.5294794676856	-16.4515003193559	-16.4515003193559	-16.4515003193559	-16.4515003193559	-16.4515003193559	-16.8007942454837	-16.8007942454837	-17.0057759832713	-19.7226742484507	-12.0033014818383	-12.8768311870138	-11.4534971203186	-13.0033014818383	-21.7226742484507	-13.0033014818383	-16.4515003193559	-13.0033014818383	-13.0033014818383	-13.0033014818383	-13.0033014818383	-12.8035593729552	-13.3013514631986	-13.3013514631986	-11.5472850284066	-13.2887737398034	-13.2971493171949	-20.1368097814352	-12.9879646282249	-12.3013514631986	-13.3013514631986	-13.3013514631986	-13.0033014818383	-12.0563652980003	-12.0563652980003	-12.0563652980003	-20.686588285538	-15.5294794676856	-15.101323330143	-21.6513829542649	-21.6513829542649	-15.5294794676856	-16.8007942454837	-17.0057759832713	-17.0057759832713	-19.4007461535634	-19.7226742484507	-17.0057759832713	-21.7226742484507	-16.4515003193559	-15.101323330143	-17.0057759832713	-17.0057759832713	-17.0057759832713	-18.4757443016282	-15.8007942454837	-16.8007942454837	-16.8007942454837	-21.6513829542649	-19.5822209297576	-15.0860088232844	-19.9079910909393	-13.8064530644772	-13.8064530644772	-17.0057759832713	-15.5294794676856	-13.3013514631986	-15.5294794676856	-15.5294794676856	-20.686588285538	-21.6513829542649	-15.101323330143	-15.101323330143	-18.4757443016282	-13.3013514631986	-13.3013514631986	-21.7226742484507	-20.1368097814352	-16.8007942454837
Plate2_3929R_0_F_S5_week9_S73_L001	-6.4778038679538	-6.26635553908989	-6.41001383475564	-6.7968350343601	-6.59155896607649	-7.06415646587348	-7.75045084949448	-7.08366798013271	-6.41736351379453	-7.54162156867403	-7.40559529472139	-8.17277151170742	-8.46912634553552	-8.15419474403884	-8.61619866301616	-7.81613377211208	-7.3828249390356	-7.34437574356673	-8.12569185828925	-8.15659116586944	-9.41255523248907	-9.19460083400084	-8.42585144927442	-7.98276392761527	-8.73265070982768	-8.40245773857005	-8.36768358831642	-8.76089781722839	-8.76089781722839	-8.11691927400181	-9.63653415357256	-9.13846507401638	-9.54835805261877	-9.63653415357256	-8.40799293678008	-8.92127020445065	-9.22319306495037	-9.10083871508969	-9.21684060390983	-8.86950621450845	-9.16795884429197	-9.50737102909507	-8.73635414582702	-9.02739103210402	-8.96214291475913	-9.53268290462056	-9.7914743062302	-9.79098217846025	-8.8221119485297	-9.10204295774666	-9.82360740544631	-9.3330932068679	-9.08820115106245	-8.66950683426787	-8.87366614756581	-9.01322939559388	-8.5865496232883	-8.81224466729759	-8.75824676409423	-8.94543178769925	-8.8827613348811	-9.13172179186595	-8.71470977509545	-8.71470977509545	-9.3681008956974	-8.55082394295231	-8.59843217355007	-11.1825024468911	-9.32736875815717	-8.93478120126886	-8.88842168722067	-9.31682376811726	-9.14690287108579	-9.24928179363317	-8.63912301501858	-8.72472329006851	-8.98260898466954	-10.7736445237621	-8.14569971056386	-9.05586546342151	-9.22060706537748	-9.75807361273754	-9.24613059364463	-9.24613059364463	-9.20582802767707	-8.90048422805559	-8.08264857045201	-9.38983477578175	-9.22766100842741	-8.81224466729759	-8.88115543079834	-9.06825196554669	-8.98787673414346	-8.1768425866962	-8.39805568712723	-9.75240067289343	-9.22686443814088	-8.84880557136392	-8.43114067873291	-9.33838273324223	-8.66298089237603	-8.82296512483205	-9.08885082165657	-8.34505544275826	-9.31679543113362	-8.95414917075288	-9.89741201682044	-9.69115871139879	-9.681322576013	-10.1015760473085	-10.7914743062302	-10.4213957729064	-14.1160289822598	-10.7876541801781	-10.7736445237621	-8.58859412872827	-9.58330536758577	-8.97853106202825	-9.25084088407115	-10.3532607815372	-10.3532607815372	-10.047814157151	-10.0635220638967	-10.0635220638967	-10.0238383953343	-9.82943151531994	-9.60522773389727	-9.04607999714904	-9.44162372483177	-10.769968240018	-9.47324957998046	-9.80829096318823	-10.7750217254007	-9.24390291137499	-9.61794644229774	-9.8146742629233	-9.8221119485297	-9.8221119485297	-9.8221119485297	-10.0386799872223	-10.7736445237621	-9.8221119485297	-9.97564253454715	-8.94341903860937	-8.94341903860937	-9.87547911306862	-9.52637139933605	-9.52765925291054	-9.83559529591593	-9.98813216575118	-9.68567574997591	-9.83553367256668	-10.4415464826028	-9.97564253454715	-9.82622981158968	-8.98416117254798	-10.4415464826028	-10.1910374516047	-9.63498009854575	-9.78674417963615	-9.51914157963512	-10.5340446422332	-9.50473843161186	-9.22686443814088	-9.6946084201794	-9.80881393981275	-9.48388632177784	-9.4052919519528	-9.82850272237564	-10.1910374516047	-10.134907706185	-9.6208647460379	-10.1015760473085	-9.8221119485297	-9.02429320349069	-9.6946084201794	-9.6946084201794	-10.1127403524989	-9.41710135300296	-10.1874273342939	-8.87151091011378	-9.69042950422942	-9.6559398218146	-9.83563734630041	-9.78337209090029	-9.64731967318855	-9.18680941593531	-9.8221119485297	-9.79558097230449	-9.82622981158968	-10.6945742306937	-10.3777762444118	-10.5206747492972	-9.55983549747297	-9.78674417963615	-9.05421988301649	-9.3898177426002	-9.8221119485297	-9.70988178680014	-9.36772709588665	-9.88430303661572	-9.40080428860688	-10.4820813121785	-10.7320695950468	-9.99195210896633	-9.17299500231061	-9.32596002966193	-9.82432226530467	-9.49330220168662	-9.8221119485297	-9.81100396125127	-9.8221119485297	-9.92819057638477	-9.78674417963615	-9.43736392774517	-10.2981319680041	-10.2981319680041	-10.219233983402	-9.68646205190329	-9.81297818385905	-9.86819638608599	-9.6613942470574	-9.8323046694359	-9.8323046694359	-10.093592677523	-9.8221119485297	-9.63498009854575	-9.8221119485297	-10.2390334549594	-9.68225122066898	-9.12472991726115	-9.97890174307796	-9.9741788879968	-9.64670323429986	-10.1127403524989	-10.1127403524989	-10.1127403524989	-10.7914743062302	-10.2602290294491	-9.58860940168761	-10.1127403524989	-9.56550703437284	-9.51746232275501	-9.8323046694359	-9.82381880598159	-10.7091649741512	-9.96732838663638	-10.7736445237621	-10.2274902437909	-10.0777924174441	-10.0565248129826	-9.8221119485297	-10.1127403524989	-9.97678142077297	-9.41793479057127	-10.3005065875676	-8.76793643425244	-9.82381880598159	-9.65704251088375	-10.0561564524399	-9.95664482647067	-10.4358639851311	-9.6450187545998	-9.22854654977885	-9.7960358747998	-10.1127403524989	-9.68335985994275	-9.80716596100938	-8.9355284774237	-9.82381880598159	-8.86962831801398	-9.56527738790114	-10.4788879113432	-9.44455094084958	-10.1127403524989	-9.45911201954992	-9.45911201954992	-10.7914743062302	-9.82401657262015	-9.49565277396951	-9.81038685787246	-9.55005762068702	-10.0380591900574	-10.0661302455882	-9.67281345211165	-9.67281345211165	-9.80881393981275	-9.44455094084958	-9.83322071409689	-10.5146957570079	-10.0707786875957	-9.81368565276021	-9.76940998716717	-9.79331494540478	-9.82381880598159	-9.62809915953924	-10.7736445237621	-10.0404453782122	-10.0404453782122	-10.4793885030325	-12.990576764892	-9.20419043481388	-9.7914743062302	-8.77124694028477	-9.63819800116454	-10.1169194942755	-9.94521822262609	-9.94116804152776	-9.80339911625779	-9.01717854022624	-9.65660504845324	-9.78253187113635	-10.2992013128508	-9.68589140111984	-9.82381880598159	-10.1555093082879	-9.82577609086981	-9.83604123740861	-10.7914743062302	-10.7914743062302	-9.75271277980765	-10.7736445237621	-10.3593381951494	-9.43346391438594	-9.60422383412282	-10.7914743062302	-9.8221119485297	-9.44308659042874	-9.82381880598159	-10.3899034428343	-10.7914743062302	-9.26144447250145	-9.7005532551989	-9.82381880598159	-9.8221119485297	-9.8221119485297	-10.5160313191626	-9.8221119485297	-10.5191136342166	-9.79799677020125	-9.19219641913138	-9.67334461439401	-9.49583035279295	-9.82381880598159	-9.8251080128405	-10.7736445237621	-10.3005065875676	-10.7914743062302	-9.60467164156272	-9.94662144634194	-9.93646894851627	-10.2648606878224	-9.55100963507137	-9.98760120879287	-9.82421436637255	-9.90591473587965	-10.1633523375212	-9.97445026511677	-9.60734655522617	-9.82381880598159	-9.81538256424124	-8.74597030359738	-9.67031249385683	-10.1715465922461	-9.02206885858458	-10.1715465922461	-9.82381880598159	-9.61146507036745	-9.51085275835224	-9.37250780815841	-10.4676758946342	-10.7676147921876	-10.1127403524989	-10.7560324062634	-10.5156247128245	-10.088720777727	-10.7736445237621	-10.5518473321586	-9.62467064483782	-9.76138701805121	-9.43065983405209	-10.1015760473085	-9.25755544838344	-9.81273197183688	-9.61438769381973	-9.93281077735471	-10.2751989448043	-10.0880694383764	-9.57162836326176	-9.81406273047429	-9.96778916131536	-9.66402203145998	-9.81336435748315	-9.8322330601262	-10.4639077785074	-10.3005065875676	-9.55722863088559	-10.1127403524989	-9.65958921449828	-10.3005065875676	-9.81579870152472	-9.82381880598159	-9.61764346681862	-10.5545429307628	-9.83322071409689	-9.4438511827322	-9.66686937223736	-9.87852098097857	-9.59626190511863	-9.60796807247779	-10.7262107983988	-10.1908955443919	-10.0561564524399	-10.0277053224222	-9.87086626636327	-9.98396067973651	-9.82381880598159	-10.1512062135093	-10.1512062135093	-10.1799008610382	-10.7736445237621	-10.7736445237621	-10.3806601823893	-9.83545465353523	-9.90469731530064	-9.89502724390328	-10.0404453782122	-9.7647135725934	-10.5060849967147	-9.97283871452715	-9.67050775548194	-10.2514665398694	-9.63881777394532	-9.36827341102008	-10.7655510728997	-10.0404453782122	-9.65029041319154	-9.8221119485297	-9.65911120463115	-10.0243382377122	-10.0243382377122	-9.81050512744892	-9.62967850106146	-9.77333618851914	-9.82978745848541	-9.8342228064296	-9.8221119485297	-10.3271414343827	-9.13637961139471	-9.37689815340232	-9.6698768065731	-9.6698768065731	-9.8221119485297	-9.77663893956375	-10.6916592709832	-9.82542041599571	-10.0908928813459	-10.2537606748606	-10.7655510728997	-10.2583521433485	-9.69624849431813	-9.82381880598159	-10.028802355249	-10.3376396859785	-9.82381880598159	-10.2887805684135	-9.96766759784196	-9.82241723786698	-9.50578212628031	-9.77087326241121	-9.8221119485297	-9.82381880598159	-9.70624825288225	-9.70624825288225	-10.1127403524989	-10.4126293156693	-10.7400854339535	-9.82395975688311	-9.68243050162524	-9.95139305761944	-9.95139305761944	-10.4276300394762	-9.66177017824391	-10.1127403524989	-9.58678329135995	-8.28280631258926	-10.0988212584262	-9.8221119485297	-9.8221119485297	-9.78674417963615	-9.77316260532686	-10.7914743062302	-9.43288028678749	-9.80046473309394	-9.55824461103459	-10.4820813121785	-10.1106553126006	-9.62044248748995	-10.0751382634996	-9.76860138850969	-9.90521383268661	-9.98680312679766	-9.98680312679766	-9.82020983558026	-9.80680844809152	-9.68243050162524	-9.54177961421245	-9.80100469870721	-9.60471488550216	-9.5863202627217	-8.6862136309217	-10.7736445237621	-10.0528538613167	-9.71214816704954	-9.8221119485297	-10.4820813121785	-9.8221119485297	-9.96023121732641	-9.72781455103515	-9.93624038096761	-9.97678142077297	-10.3700858059583	-10.2359815642951	-9.82381880598159	-9.81077875206379	-9.82381880598159	-10.10244023396	-9.29998883732034	-10.7736445237621	-9.93754152269662	-10.4358639851311	-10.3895319345219	-9.62344407916024	-9.25600364261907	-9.82381880598159	-8.89491619172875	-10.093592677523	-9.71265739524135	-10.1127403524989	-9.77580680427186	-9.5947469274639	-10.0060955151428	-8.24960052852359	-11.092489455455	-11.6519861697626	-8.90618499038254	-10.2409765770955	-10.4997638810911	-9.99171942781487	-11.2734998846037	-10.979326181743	-9.85810273408316	-11.490884087498	-10.5239025226108	-10.5109048572763	-11.4968177459097	-10.7368482952814	-10.6320381679444	-9.71948908635521	-11.9041102770934	-12.7029511591432	-9.28626859490993	-10.6762149765589	-10.5845354247947	-13.1752969541082	-10.5274232555275	-10.5839860320252	-9.69425867369411	-10.3561075192594	-12.4951493709044	-11.3077666231796	-10.750450166048	-10.7618167978588	-11.7551736698049	-10.4278628327921	-10.9082413431664	-10.0151999480281	-9.28542960072157	-10.6352185896322	-12.1474485805758	-10.2454292273423	-11.7551736698049	-10.8639519819123	-9.21396247093569	-9.73445831840257	-13.0287650556925	-10.8607820176935	-12.3523227968915	-10.2501333593652	-10.6377649506781	-13.5696167871405	-10.9820872784574	-11.1854524047658	-12.0966919292329	-13.3113090614982	-10.5630189418531	-10.5063896619795	-9.0796454213302	-11.1854524047658	-9.26047914109117	-10.9408973934487	-14.0402289724308	-10.7220607580294	-11.3338334035695	-10.1328964194322	-11.0144045104901	-12.1529161552844	-10.2226781487834	-12.2731915364865	-11.7725573105707	-11.0531126315497	-10.1866965911588	-13.3423622578083	-11.3582014800796	-11.3961332534595	-14.4714516252415	-10.3565641432107	-10.6259929218997	-12.3671652677241	-11.9545411944026	-11.5091611448857	-10.496532289486	-11.3802720104244	-11.8750200699398	-13.5468854057148	-10.4266675701469	-11.4457511583082	-12.0378414736843	-9.93511750531708	-11.7755279097954	-10.5125591077046	-13.0685164947988	-11.3152564559381	-10.765780382815	-11.4235725780655	-10.5499927875579	-11.9916265274216	-13.1871479432148	-10.7772689263129	-11.5810598705826	-12.0962297870219	-13.2831626968271	-11.1298900712977	-10.7519367439852	-10.2185342239202	-12.0962297870219	-10.9451353084437	-13.8757146529261	-11.5810598705826	-11.5494611468559	-11.1530769615443	-12.4340878451681	-12.3170995767609	-10.3341447477184	-10.9114012928089	-11.3985667519102	-10.6151298540356	-10.7469687936463	-10.4840346157591	-10.2653840483544	-10.7735736841594	-12.4273546705332	-10.0490577229472	-9.3440474874495	-12.437239606375	-10.0490577229472	-12.36609253226	-11.1825596165236	-12.7546169988452	-14.4665931527853	-13.3347020576314	-14.2361088368382	-11.9158261519688	-13.5100217454673	-12.6144057300694	-11.6561286663409	-12.3118293782109	-10.5437787800869	-12.2271411667349	-10.4875128128562	-13.5164694205119	-12.4175847532627	-12.6612310527293	-14.0614246642992	-12.30042153371	-14.8101952247446	-13.897986493728	-12.6144654378838	-12.6741741368467	-11.5788615526685	-12.729234198959	-11.2362945026381	-13.3845996317144	-14.0297600407023	-12.0528260483864	-11.453807902638	-14.1825153559649	-12.6144654378838	-10.5382862511373	-12.6325658621058	-14.8258488206196	-11.6412862245023	-11.6412862245023	-11.1337911671164	-13.601886991712	-14.6377447237601	-11.6179950739178	-12.1874772973419	-13.6329186054417	-13.6329186054417	-11.2124521225641	-13.1768464901661	-12.7892343732073	-12.0880366200375	-14.6297973042788	-11.3677040314691	-11.6334831742341	-10.0426304712091	-15.0874322051927	-14.0410847586366	-12.4521596025844	-11.1102255106811	-11.1102255106811	-11.5156281975348	-9.35435621452585	-11.1481975237893	-11.3279509926787	-10.8311846439702	-10.8509209018542	-11.3669410168346	-11.6733860791908	-12.4524441946573	-11.0634609314557	-12.3172008041687	-15.1545792878616	-11.3966615537516	-11.3966615537516	-11.830167324319	-11.830167324319	-11.7965685398461	-12.2703860451052	-11.7440944667253	-11.5993563426874	-10.9157602382108	-13.4639638129415	-10.9336951562724	-10.7659475533732	-11.3402067980827	-14.5582972533967	-11.7555851410664	-14.0179442471564	-9.9481396852616	-10.8633206834831	-11.7965685398461	-11.3279509926787	-10.8904012724559	-15.1545792878616	-11.7928953882775	-11.7192529714723	-12.5347907325488	-12.6417653361138	-15.1545792878616	-10.2633707362082	-11.5065039280432	-14.1471750252024	-13.2421696548087	-11.2102809725586	-11.2365491141804	-10.7642518780441	-14.8297022551693	-14.1312829990801	-14.1312829990801	-11.5999202412445	-10.6511399562737	-14.0369842741998	-12.2673708354939	-11.8841478175297	-10.1839268298716	-13.8711775914728	-12.2372576684802	-10.8921946872834	-10.888519831109	-11.2150886077623	-14.1085391176604	-11.0201886032771	-10.5745826283771	-11.1452777630188	-12.1663955676575	-11.3006416834134	-14.8062116060697	-12.322571981868	-13.9938092472013	-10.8235218473688	-11.0467302727094	-12.7674114683939	-12.2992573003951	-12.3717417236798	-13.4410423028017	-14.8864891245203	-14.5605770739332	-11.1296429359875	-10.8297903468216	-11.9498658996137	-11.198233630116	-10.8852069383712	-13.7148614625671	-11.6222085503139	-11.7563178503994	-11.8051719854968	-10.8836050569675	-10.8569051160045	-13.4899184319508	-14.1062003648917	-15.8652568506599	-11.206141522312	-12.7426744028163	-15.1545792878616	-12.8709517069002	-14.3924192284106	-14.0854170170502	-12.2937330144817	-12.4927418806913	-12.29912533323	-12.8051322334621	-10.6835444985186	-11.1415373121492	-11.8011257410079	-11.8011257410079	-15.0922746289604	-12.8634345037695	-10.7760273151257	-12.3482997076078	-11.4159165953471	-11.3793691478592	-12.4382388810432	-11.2295912450357	-11.2295912450357	-10.4617879142337	-13.0863966542157	-10.8370075542572	-12.2254226947966	-10.9776291757843	-14.8488677642376	-10.3883658709597	-11.1868094159353	-11.1954528167227	-11.8333169832073	-10.8940250620882	-11.8168524516079	-11.2138008582988	-12.5799760820196	-12.2639247755587	-17.7439474987253	-11.2254055964027	-11.8168524516079	-11.2254055964027	-11.2254055964027	-12.3172615440229	-12.4428524322313	-12.406716804161	-12.5540108038616	-12.5540108038616	-12.1095275746904	-12.735351475037	-12.6399713865823	-11.4327119343586	-12.6999176103194	-14.4078589935572	-11.9270569522579	-14.4078589935572	-14.4078589935572	-11.7364529621784	-10.900034976182	-15.0798553697064	-10.2306004702723	-12.7031945421406	-12.1580563613444	-11.2473742373357	-10.8534143668869	-15.1545792878616	-16.3990380878549	-17.2375488511213	-14.6841135688356	-15.1545792878616	-11.7179987992795	-12.3511988488735	-10.7900209045288	-12.3273922061448	-10.2685957385528	-11.9242664865011	-14.6514832319259	-15.5128106550025	-10.4349004022388	-13.3045499239354	-11.7580921636746	-16.0799103305643	-15.937662908358	-16.3865441881077	-14.0879848031276	-15.6853255489241	-15.6853255489241	-16.1105728508774	-13.5438214212496	-14.1352039302456	-15.6880457602586	-20.0285661410095	-17.0438159700199	-16.0278237684209	-12.5139889901658	-11.9343952860707	-14.3181081188104	-14.3181081188104	-10.4448329298621	-16.4898088948391	-14.6735623178738	-13.0316191840535	-13.0316191840535	-11.498164394285	-13.9203738005983	-13.9203738005983	-19.0499397918021	-20.0285661410095	-21.3086740602022	-12.5697470262724	-13.1473621890646	-10.9605118417005	-11.4564120922612	-11.4564120922612	-18.8306267633976	-12.9594844690893	-11.5250373421265	-11.1079102927769	-11.5250373421265	-15.8258718644736	-14.1649482992002	-21.3086740602022	-15.011089577989	-13.0281882786532	-16.7705793797276	-11.3730038505312	-13.120261831382	-15.6857018877917	-17.0438159700199	-17.0438159700199	-12.120261831382	-15.0453981519756	-10.7640255705581	-10.7640255705581	-10.2811520832451	-16.7439474987253	-13.1877623048489	-16.4686425124642	-17.2375488511213	-16.1208836948862	-17.7439474987253	-17.7439474987253	-14.1184542965421	-15.9201400811104	-17.1208836948862	-17.1208836948862	-16.1780373118098	-11.5289969103093	-11.5266751121044	-12.053851267035	-19.3881085276966	-16.8485868200854	-17.2375488511213	-10.7711380853477	-13.0889316189718	-14.9977367492328	-12.9639152958265	-17.2375488511213	-13.0445465079237	-17.7439474987253	-11.2797221533437	-16.0454786482815	-17.7439474987253	-16.3990380878549	-17.7439474987253	-10.9520696065723	-11.5213404843443	-12.0975436315525	-15.761074406134	-15.8233852525522	-15.2394199517162	-17.2375488511213	-16.227894593907	-12.0849377891013	-15.5359211941651	-15.5359211941651	-17.7439474987253	-17.1208836948862	-17.1208836948862	-14.8258488206196	-12.9599648722883	-12.9599648722883	-16.0454786482815	-17.2375488511213	-10.9075522641943	-17.7439474987253	-12.120261831382	-16.0125837975183	-17.2375488511213	-16.1780373118098	-17.1208836948862	-17.2375488511213	-11.4459614374111	-15.2027505898726	-15.5737709324929	-17.1208836948862	-15.5359211941651	-16.1780373118098	-10.3190453986616	-17.2375488511213	-10.2825607009165	-17.7439474987253	-16.0299989392478	-14.3663438830776	-14.8576985096474	-13.5303152734817	-19.3881085276966	-12.3731680081521	-10.6234597255496	-16.1208836948862	-12.080948109684	-11.3403034880143	-13.0148608689059	-11.9817310214003	-13.3818020344182	-17.1208836948862	-12.0556268877701	-16.1208836948862	-12.5347201081006	-17.7439474987253	-12.066599011191	-13.0429585626455	-12.9944954649198	-13.120261831382	-11.5352993306609	-13.7508985765137	-12.932294364644	-12.932294364644	-12.932294364644	-13.2776129064625	-18.495442571808	-18.495442571808	-14.0374511679614	-10.7893284534824	-17.2375488511213	-17.0229548003452	-17.7977121409249	-15.4938307037362	-14.9281820728203	-12.9430390072177	-12.4091013426424	-17.1208836948862	-17.7439474987253	-15.3964005877282	-15.6991470272754	-14.4838153051541	-14.8691221568778	-15.0149987897809	-15.3309362109594	-10.2644009511846	-14.9644796201212	-14.3135287728286	-10.2136369082923	-15.1208836948862	-10.4677702799342	-11.5266751121044	-11.0530603680228	-14.3135287728286	-17.1208836948862	-16.4199655964139	-9.5347907325488	-16.7950028536669	-9.46767589463425	-10.9946055490824	-11.9934274371804	-16.2093187348034	-16.1208836948862	-13.120261831382	-16.2093187348034	-12.0941016746249	-12.0941016746249	-17.1208836948862	-12.0941016746249	-12.0941016746249	-15.1160289822598	-17.1208836948862	-17.1208836948862	-15.1160289822598	-15.0798553697064	-17.3434834636383	-15.0432264477156	-12.0941016746249	-17.7439474987253	-12.6928079998254	-12.0232189963356	-11.4073071816228	-12.932294364644	-11.8932672798688	-17.1208836948862	-17.1208836948862	-17.1208836948862	-17.1208836948862	-11.8349712093099	-14.3135287728286	-14.5359211941651	-13.9317114901187	-15.1208836948862	-15.1208836948862	-13.52595660408	-15.1208836948862	-13.7588728934061	-15.1644237040117	-11.5249414732126	-15.5359211941651	-12.0082005584916	-12.8952214168835	-10.7356720915228	-16.1208836948862	-16.1208836948862	-12.7338697188288	-12.7338697188288	-14.50714583292	-16.1208836948862	-12.8300084329046	-15.4094638960714	-13.0328355629187	-13.0328355629187	-17.1208836948862	-16.1208836948862	-14.573500065613	-12.5274080312155	-16.1208836948862	-16.1208836948862	-14.4104829864096	-16.1208836948862	-11.0419778580641	-11.4971158731496	-16.1208836948862	-13.9376878092433	-16.1208836948862	-16.1208836948862	-16.1208836948862	-12.9400241781774	-16.1208836948862	-16.1208836948862	-12.2672104619426	-16.1208836948862	-15.3814209638539	-15.3814209638539	-15.7295628893905	-16.1208836948862	-16.1208836948862	-12.974471019586	-16.1208836948862	-16.1208836948862	-17.1208836948862	-11.5266751121044	-17.1208836948862	-16.3990380878549	-17.1208836948862	-17.1208836948862	-17.1208836948862	-15.6550816908533	-16.2093187348034	-15.795138197261	-16.1208836948862	-17.1208836948862	-17.1208836948862	-17.1208836948862	-12.855268189058	-17.1208836948862	-12.0117054283825	-17.1208836948862	-16.1780373118098	-19.6565973636225	-19.6565973636225	-17.1208836948862	-17.1208836948862	-18.3881085276966	-17.1208836948862	-16.8485868200854	-17.1208836948862	-17.1208836948862	-17.1208836948862	-11.5988123525562	-17.1208836948862	-12.1494406192285	-17.1208836948862	-17.1208836948862	-15.3453981222351	-17.1208836948862	-17.1208836948862	-12.9053211150115	-17.1208836948862	-17.1208836948862	-17.1208836948862	-17.1208836948862	-17.1208836948862	-14.5582972533967	-17.1208836948862	-17.1208836948862	-17.1208836948862	-17.1208836948862	-17.1208836948862	-17.1208836948862	-17.1208836948862	-11.5204847621938	-13.040503036194	-17.1208836948862	-17.1208836948862	-16.1208836948862	-17.1208836948862	-17.1208836948862	-17.1208836948862	-17.1208836948862	-15.8233852525522	-17.1208836948862	-17.1208836948862	-17.1208836948862	-13.0328355629187	-17.1208836948862	-17.1208836948862	-17.1208836948862	-16.5295644563734	-12.855268189058	-12.8724324890941	-16.1208836948862	-17.1208836948862	-11.7761594986709	-16.8485868200854	-16.1780373118098	-15.5359211941651	-17.1208836948862	-17.1208836948862	-17.1208836948862	-17.1208836948862	-17.1208836948862	-17.1208836948862	-17.1208836948862	-17.1208836948862	-10.6975899644453	-17.1208836948862	-17.1208836948862	-17.1208836948862	-17.1208836948862	-16.8485868200854	-17.1208836948862	-13.0583282639264	-12.855268189058	-12.855268189058	-17.1208836948862	-17.1208836948862	-17.1208836948862	-13.0328355629187	-19.6565973636225	-17.1208836948862	-12.0656497275406	-17.1208836948862	-17.1208836948862	-17.1208836948862	-17.1208836948862	-17.1208836948862	-17.1208836948862	-17.1208836948862	-15.8233852525522	-11.8045644668114	-15.0295477196451	-17.1208836948862	-17.1208836948862	-15.7582130941473	-12.9904863595415	-17.1208836948862	-17.0456396543684	-12.8512580010252	-17.1208836948862	-10.1297380514014	-16.2421542787725	-11.4568737179266	-17.1208836948862	-17.1208836948862	-17.1208836948862	-16.3990380878549	-17.1208836948862	-17.1208836948862	-17.1208836948862	-17.1208836948862	-12.0941016746249	-17.1208836948862	-17.1208836948862	-17.1208836948862	-16.8485868200854	-17.1208836948862	-13.2776129064625	-12.723148116771	-17.1208836948862	-17.1208836948862	-17.1208836948862	-11.5266751121044	-17.1208836948862	-16.1208836948862	-11.1096187431344	-17.1208836948862	-17.1208836948862	-17.1208836948862	-17.1208836948862	-12.0129280805394	-16.1780373118098	-17.1208836948862	-17.1208836948862	-17.1208836948862	-17.1208836948862	-12.9807237073311	-11.8445863810075	-13.0328355629187	-12.6695142650923	-12.855268189058	-17.1208836948862	-11.4416601404598	-12.9904863595415	-17.3035307569263	-16.8485868200854	-17.1208836948862	-16.5768701711518	-12.053851267035	-17.1208836948862	-17.1208836948862	-12.8705000438283	-17.1208836948862	-17.1208836948862	-17.1208836948862	-15.3964005877282	-17.1208836948862	-17.1208836948862	-17.1208836948862	-17.1208836948862	-17.1208836948862	-17.1208836948862	-17.1208836948862	-17.1208836948862	-17.1208836948862	-17.1208836948862	-17.1208836948862	-17.1208836948862	-15.8233852525522	-17.1208836948862	-17.1208836948862	-12.9007568803116	-15.7152776015164	-17.1208836948862	-17.1208836948862	-17.1208836948862	-16.8485868200854	-15.6550816908533	-12.855268189058	-13.0328355629187	-17.1208836948862	-17.1208836948862	-17.1208836948862	-17.1208836948862	-16.8485868200854	-11.4407489225777	-11.3266114911422	-12.7312614180655	-17.1208836948862	-17.1208836948862	-17.1208836948862	-17.1208836948862	-17.1208836948862	-17.1208836948862	-17.1208836948862	-17.1208836948862	-14.7278825061285	-13.0033288495105	-17.1208836948862	-17.1208836948862	-17.1208836948862	-17.1208836948862	-17.1208836948862	-12.9599648722883	-15.8233852525522	-17.1208836948862	-15.1930284060789	-11.5266751121044	-10.6578056654846	-17.1208836948862	-17.1208836948862	-17.1208836948862	-11.5333483256338	-19.3881085276966	-19.3881085276966	-19.3881085276966	-19.3881085276966	-19.3881085276966	-16.8485868200854	-16.3847099512348	-19.3881085276966	-19.3881085276966	-10.3273942451183	-10.861788679256	-19.3881085276966	-19.3881085276966	-19.3881085276966	-15.1773609221334	-17.3434834636383	-12.9774371876223	-19.3881085276966	-19.3881085276966	-19.3881085276966	-19.3881085276966	-19.3881085276966	-19.3881085276966	-11.4862329718016	-12.0265023627539	-19.3881085276966	-14.1384628381378	-14.0724548089541	-15.7185682562051	-15.7185682562051	-13.013331488028	-14.5024236641965	-17.3035307569263	-14.6175786408235	-16.3732143123969	-15.1959739274529	-17.7439474987253	-12.9904863595415	-12.9904863595415	-16.5295644563734	-17.3035307569263	-11.486733841972	-17.3035307569263	-13.31330260963	-12.8265691150845	-17.3035307569263	-12.9164425146842	-17.3035307569263	-17.3035307569263	-16.5069980309486	-16.5295644563734	-17.3035307569263	-14.6561875652841	-15.5530234291974	-16.338609266744	-8.96681654319904	-11.1981739717081	-10.8990815851586	-10.3328793064994	-10.8069576971851	-10.2412108880897	-12.0232189963356	-11.5568526783744	-12.1390496515396	-11.5568526783744	-11.4986418730011	-11.5568526783744	-11.5568526783744	-11.5568526783744	-12.2592144297568	-12.932294364644	-11.9579368890411	-12.1390496515396	-24.0605203755451	-24.0605203755451	-12.0232189963356	-12.2451133385251	-12.1390496515396	-12.8944841516705	-13.3818020344182	-11.5568526783744	-11.5568526783744	-11.5568526783744	-11.5568526783744	-11.5568526783744	-11.1431999334006	-11.1951179163364	-10.81878023695	-13.389555350559	-14.9919076704307	-15.5768701711518	-12.8788190215048	-15.5768701711518	-15.5768701711518	-15.0454786482815	-15.0454786482815	-15.5768701711518	-15.5768701711518	-11.4921474922464	-11.4921474922464	-12.697723059925	-16.5768701711518	-16.5768701711518	-16.5768701711518	-15.1545792878616	-16.5768701711518	-11.8736527487442	-12.7815880813948	-10.6846319313956	-12.932294364644	-12.932294364644	-12.932294364644	-13.3818020344182	-17.1048017268366	-17.7977121409249	-17.7977121409249	-11.9563058319967	-11.5623996883435	-11.5623996883435	-11.5623996883435	-11.5623996883435	-13.1473621890646	-13.1473621890646	-13.1473621890646	-13.1473621890646	-13.1473621890646	-13.1303649032412	-13.1473621890646	-13.1473621890646	-13.1473621890646	-12.2592144297568	-12.2592144297568	-12.7974861725571	-13.1473621890646	-11.4818259883086	-16.4686425124642	-17.2375488511213	-11.9414278178384	-15.1160289822598	-17.2375488511213	-17.2375488511213	-17.2375488511213	-17.2375488511213	-17.2375488511213	-17.1208836948862	-17.1208836948862	-17.7439474987253	-22.0605203755451	-11.932294364644	-12.8611066704897	-12.1390496515396	-12.932294364644	-24.0605203755451	-12.932294364644	-17.2375488511213	-12.932294364644	-12.932294364644	-12.932294364644	-12.932294364644	-12.674915926391	-13.120261831382	-13.120261831382	-12.2451133385251	-13.1011716009434	-13.120261831382	-19.3504942358969	-12.7974861725571	-12.120261831382	-13.120261831382	-13.120261831382	-12.932294364644	-13.3818020344182	-13.3818020344182	-13.3818020344182	-19.6565973636225	-15.1160289822598	-15.1545792878616	-21.3086740602022	-19.6565973636225	-15.1160289822598	-17.1208836948862	-17.7439474987253	-17.7439474987253	-21.7385922806577	-22.0605203755451	-17.7439474987253	-24.0605203755451	-17.2375488511213	-15.1545792878616	-17.7439474987253	-17.7439474987253	-17.7439474987253	-17.7977121409249	-16.1208836948862	-17.1208836948862	-17.1208836948862	-21.3086740602022	-19.5461733739289	-15.0922746289604	-19.3881085276966	-13.1473621890646	-13.1473621890646	-17.7439474987253	-15.1160289822598	-13.120261831382	-15.1160289822598	-15.1160289822598	-19.6565973636225	-19.6565973636225	-15.1545792878616	-15.1545792878616	-17.7977121409249	-13.120261831382	-13.120261831382	-24.0605203755451	-19.3504942358969	-17.1208836948862
Plate3_096R_0_M_S5_week5_S4_L001	-6.60946848056431	-6.25859396272395	-6.46254803635715	-6.97032976633171	-6.63857880153336	-7.09244474116128	-7.75931733495023	-7.25939748452343	-5.98297005185439	-7.53392476584822	-7.52601311652195	-8.24165262848762	-8.53754011070342	-8.15669473104609	-8.71912099954004	-7.86348847832658	-7.22923056980702	-7.5122348837482	-8.19778903579179	-8.21576551546295	-9.60529042655946	-9.24212156615355	-8.37667867863496	-8.07815823935598	-8.76223560626623	-8.518289681964	-8.40589418413854	-8.65631718296442	-8.65631718296442	-8.19614158792871	-9.73672597624437	-9.23681584369573	-9.4955794251362	-9.73672597624437	-8.32344975600252	-9.06792093222909	-9.28513514892134	-9.20194401921142	-9.26168015748802	-8.9462271601391	-9.02400655867996	-9.54105243505743	-8.72714807567331	-9.06273728146431	-8.96288495135352	-9.68430640952893	-9.87595280506359	-9.87595280506359	-8.89974629380058	-9.3829416914081	-9.7365878253894	-9.36648253250139	-9.33731222848919	-8.66995238586166	-9.11468097139051	-9.10573622056696	-8.57289594613115	-8.89633558293892	-8.6542218553137	-9.07912917093761	-8.93872639228313	-9.12781105744462	-8.90515360994902	-8.90515360994902	-9.42733800998448	-8.67104913834808	-8.65999721536958	-10.7896531253637	-9.46760983818379	-8.94566513093703	-8.80917062164096	-9.31903171925969	-9.35443771597896	-9.0716158362264	-8.74017098916774	-8.81219297921868	-9.01174079838129	-10.8032567516618	-7.95883184704345	-9.11430247228926	-9.30264504277531	-9.73915098239282	-9.29889237920269	-9.29889237920269	-9.25452076977754	-8.70368932212118	-8.16638951737637	-9.48851161220441	-9.30869680728649	-8.89633558293892	-9.1587927152966	-9.26806784736855	-9.01742714491532	-8.0974280433544	-8.69229196634408	-9.73028088071818	-9.30680894932319	-8.88571361289575	-8.34861862484485	-9.36049525204408	-8.49858809903636	-8.90116980657636	-9.26943514022688	-8.30097946674621	-9.52791887576916	-9.09472270302538	-10.0632610200238	-9.38047354216865	-9.6840940149737	-10.3256398429924	-10.8759528050636	-10.3018069526005	-14.5434215425855	-10.8676512806816	-10.8032567516618	-9.17442103288175	-9.65994160254029	-8.95974013153023	-9.41399262201575	-10.2430497165795	-10.2430497165795	-10.0544571317013	-10.1525344089885	-10.1525344089885	-10.1406676343088	-10.0785269594642	-9.5620295521552	-9.06160629547818	-9.65487131545735	-10.7993040031959	-9.40660110204846	-10.0662321956408	-10.8068235085761	-9.05118993792251	-9.52720744346944	-9.86511169676855	-9.89974629380058	-9.89974629380058	-9.89974629380058	-10.2874816154225	-10.8032567516618	-9.89974629380058	-9.96024451622977	-8.88712406324794	-8.88712406324794	-9.93776119237436	-9.72152688678279	-9.72361773643333	-9.8582823129637	-10.1966573618114	-9.76088838606989	-9.91485585900367	-10.3772830326283	-9.96024451622977	-9.90471644150199	-9.20894692318526	-10.3772830326283	-10.1423172136775	-9.61175641375837	-9.83699507623901	-9.70009958112817	-10.7690546212653	-9.62017017032026	-9.30680894932319	-9.69978702290912	-9.88479333463606	-9.52789857648351	-9.38417837206909	-9.9174565468689	-10.1423172136775	-10.0301208643478	-9.71152893163694	-10.3256398429924	-9.89974629380058	-9.05604837757374	-9.69978702290912	-9.69978702290912	-10.3774740408214	-9.60577954935413	-9.62037456114533	-8.69298977546231	-9.8041742464948	-9.71401968704587	-9.89780528107675	-9.8618500265438	-9.66837345656515	-9.36070313237838	-9.89974629380058	-9.7920726653605	-9.90471644150199	-10.7177285273334	-10.6587310101028	-10.584716105279	-9.65923365322417	-9.83699507623901	-9.05357693059454	-9.74210065597621	-9.89974629380058	-9.6106428958163	-9.40439235630914	-9.60602714916307	-9.34048082368462	-10.5490592366538	-10.7108323412328	-9.97927002873657	-9.28307322026997	-9.53026423738152	-9.90259472532509	-9.66814102293331	-9.89974629380058	-9.88761236705835	-9.89974629380058	-10.0269791844882	-9.83699507623901	-9.62733992654548	-10.4540502466445	-10.4540502466445	-10.1493559843571	-9.84716036333223	-9.86233624773786	-9.95363230326551	-9.63664524845706	-9.93911925164891	-9.93911925164891	-10.3461557575968	-9.89974629380058	-9.61175641375837	-9.89974629380058	-10.4163038014386	-9.68739027937812	-9.30524825020332	-10.1522318966929	-10.1275846041523	-9.61462780437057	-10.3774740408214	-10.3774740408214	-10.3774740408214	-10.8759528050636	-10.4673892138377	-9.6606128071925	-10.3774740408214	-9.50979862341157	-9.60246129252665	-9.93911925164891	-9.90259472532509	-10.6371122762451	-10.0851610033021	-10.8032567516618	-10.3062275994902	-10.2289431667048	-10.3100915355164	-9.89974629380058	-10.3774740408214	-10.1497134246724	-9.384138561378	-10.4582349912054	-8.78522781363991	-9.90259472532509	-9.8668166176466	-10.2843424101074	-10.3519359539898	-10.3655057657364	-9.6128923226109	-9.31834789407221	-10.1130888966833	-10.3774740408214	-9.84168323993268	-9.85001811626687	-8.99626376467887	-9.90259472532509	-8.81641194274784	-9.62326558258329	-10.6361224540059	-9.65844703859025	-10.3774740408214	-9.34696828778078	-9.34696828778078	-10.8759528050636	-9.9018638219586	-9.47298878945397	-9.85354846649826	-9.47555094261527	-9.75960730753618	-10.3321159024417	-9.83002603316265	-9.83002603316265	-9.88479333463606	-9.65844703859025	-9.94032698929212	-10.4274274158126	-10.2495756311626	-9.86419307253276	-9.68040284506961	-9.83182082649295	-9.90259472532509	-9.59075457793795	-10.8032567516618	-10.2627861335455	-10.2627861335455	-10.5446029933894	-13.8007911465181	-9.17068864472121	-9.87595280506359	-8.84240881666935	-9.61756492229141	-9.91525554634329	-9.74794591039929	-9.95624623628304	-9.82474228667237	-8.99648767946248	-10.029866914435	-9.83914694103107	-10.1048813769031	-9.32724730281432	-9.90259472532509	-9.9778243667313	-9.90684128260163	-9.91485585900367	-10.8759528050636	-10.8759528050636	-9.74516518316287	-10.8032567516618	-10.2143251687528	-9.35395480985113	-9.5908075866471	-10.8759528050636	-9.89974629380058	-9.65665806921928	-9.90259472532509	-10.2937403236574	-10.8759528050636	-9.48182556071142	-9.91734575231439	-9.90259472532509	-9.89974629380058	-9.89974629380058	-10.6977468943131	-9.89974629380058	-10.7014306173348	-9.73910267729581	-9.23795918086865	-9.8301317110493	-9.62864053939973	-9.90259472532509	-9.93604072206517	-10.8032567516618	-10.4582349912054	-10.8759528050636	-9.590018547177	-10.3009953661952	-9.85030575429219	-10.4239184545825	-9.69743230862351	-10.0033726352097	-9.74347103080469	-9.93714404276516	-10.2744054242264	-9.98982646971941	-9.59618098291627	-9.90259472532509	-9.86697209945775	-8.45377490854389	-9.63692982552105	-10.3507166195746	-8.89122080625988	-10.3507166195746	-9.90259472532509	-9.61619152493391	-9.43990586571274	-9.67134618926729	-10.4908091146353	-10.7935442349992	-10.3774740408214	-10.7340487283377	-10.4362902567482	-10.2761566068243	-10.8032567516618	-10.6558469784283	-9.60141900285389	-9.76930656300393	-9.41963837598465	-10.3256398429924	-9.35656722939355	-9.86098603771445	-9.59134367303094	-10.132213014148	-10.3507126299916	-10.3978388914388	-9.64567810553179	-9.86703772066322	-9.92365537323605	-9.75831413527584	-9.8644351337873	-9.85920569319583	-10.5951798471835	-10.4582349912054	-9.72315542357568	-10.3774740408214	-9.34566667001041	-10.4582349912054	-9.91846738605132	-9.90259472532509	-9.57393063133743	-10.6958984179411	-9.94032698929212	-9.50386384861367	-9.65091138550271	-9.83467203919388	-9.56596676808311	-9.59990676676297	-10.7017206333907	-10.2773012299504	-10.2843424101074	-10.2090716871148	-9.81288669588099	-9.99727048398467	-9.90259472532509	-10.0485205069768	-10.0485205069768	-10.0649683709862	-10.8032567516618	-10.8032567516618	-10.3261927875356	-9.94448302287823	-10.1881222399273	-10.1425641226286	-10.2627861335455	-9.80252262999953	-10.694173788939	-9.9042406130419	-9.63342638539436	-10.3667437204892	-9.7174262733234	-9.27785586488458	-10.8466820422872	-10.2627861335455	-9.63246212525287	-9.89974629380058	-9.76350839943868	-10.2480644563503	-10.2480644563503	-9.88761236705835	-9.80643087018367	-9.81938672271529	-9.92655293821917	-9.94129540981836	-9.89974629380058	-10.6384996563105	-9.43926728305435	-9.66025924243104	-9.77586584296284	-9.77586584296284	-9.89974629380058	-9.79169214441801	-10.6239741766305	-9.93800992437397	-10.3101962672424	-10.0775939869101	-10.8466820422872	-10.0690782145443	-9.67115063943513	-9.90259472532509	-10.0718443590569	-10.1922628408952	-9.90259472532509	-10.4061750440642	-9.94387201941255	-9.90047612489303	-9.62940864490633	-9.85085863152513	-9.89974629380058	-9.90259472532509	-9.84409763320516	-9.84409763320516	-10.3774740408214	-10.298203605104	-10.8179933621821	-9.84279523878581	-9.68676063952105	-9.98818244693311	-9.98818244693311	-10.3395333740041	-9.54619651871713	-10.3774740408214	-9.55692085414572	-8.31229589911349	-10.0867565937442	-9.89974629380058	-9.89974629380058	-9.83699507623901	-9.83187651470586	-10.8759528050636	-9.32513512300032	-9.84960227052241	-9.70511866979824	-10.5490592366538	-10.3735168067026	-9.68192284979102	-10.3808839282765	-9.79829710276635	-10.0174588116103	-10.0013278868981	-10.0013278868981	-9.89763186910829	-9.87902788559816	-9.68676063952105	-9.71039330356626	-9.85739778400245	-9.59172671387402	-9.77336902686061	-8.58537021755008	-10.8032567516618	-10.3031844169063	-9.69412443563868	-9.89974629380058	-10.5490592366538	-9.89974629380058	-10.2477393796484	-9.76233245302855	-10.3000263018032	-10.1497134246724	-10.2962948419931	-10.4101855889842	-9.90259472532509	-9.85840993401777	-9.90259472532509	-10.3282004628596	-9.50280615669327	-10.8032567516618	-10.0689781151921	-10.3655057657364	-10.2085202759263	-9.63372489084531	-9.16312309040765	-9.90259472532509	-8.93372529620501	-10.3461557575968	-9.71197728348651	-10.3774740408214	-9.81959929399417	-8.92357525681096	-9.54475245426305	-8.12051452452807	-10.0920707798382	-11.1860029993259	-9.28558030263622	-9.78820847945728	-10.4307593640645	-10.0690897017994	-10.3510258458197	-10.417299917898	-9.79390219154571	-11.1731620138096	-10.5655546204368	-10.3432991275527	-10.777211043244	-10.0919007157854	-10.1650151474502	-9.29852871167753	-11.936137995941	-11.5990226948887	-9.12207608850338	-10.2637342517137	-10.4485064800444	-12.3175600923375	-9.94730813724198	-9.95943667276947	-9.24936549613579	-10.1555020427039	-11.7003372215073	-10.94143058996	-10.2066380267184	-10.2362749184613	-11.4013489620115	-10.250249013244	-10.3661467888406	-9.7705309062496	-9.12063399612847	-10.4135591668602	-11.8559870623708	-9.74670120372242	-11.4013489620115	-10.978687274252	-8.9715161895379	-9.90666238223987	-12.1225843547658	-10.5384031907527	-11.4372579109268	-10.1782206257713	-10.1007153812793	-12.8062735711938	-10.8890109152856	-11.0177549288455	-11.3900220273225	-12.2767363851756	-10.5478558372682	-10.1636530368347	-8.85685514446306	-11.0177549288455	-9.00562992192497	-10.6045112668586	-13.0422908405183	-10.4007272161971	-10.7766615569384	-9.79611155497953	-11.2161738676991	-11.5109996595849	-10.3818538402082	-11.9141275624276	-11.9238171032789	-11.3795930826047	-10.0989350666532	-12.3270971712617	-11.5408111866532	-10.8727467637839	-14.2284409217191	-10.2931115045558	-9.986834783753	-11.619843205218	-11.8795890042561	-11.157109374327	-10.3925332750484	-10.8848886580318	-11.1787711987512	-12.7850930264169	-10.4750442359304	-10.7722063918151	-11.2199512634038	-10.0703193668906	-11.009886545233	-10.3764095940363	-12.4561432476417	-10.8090911352925	-10.4178159970377	-10.8357158262395	-10.3714066645226	-11.3708199374684	-12.4486004096723	-10.4521806950913	-10.9005082459426	-11.4286628351478	-12.4926105769032	-11.2104357530863	-10.4207948928388	-9.94961300472336	-11.4286628351478	-10.7084889411036	-13.0619083493576	-10.9005082459426	-11.1518373351807	-10.7877047477436	-11.8065197858954	-12.0771483545814	-10.5683678997158	-10.5271758824935	-10.9086256342011	-10.0082431154815	-10.3989832141914	-9.94904663516217	-10.2458090049136	-10.6987367644384	-11.7424591574678	-9.75703137401984	-9.29589053917917	-11.7759301267852	-9.75703137401984	-12.0460845222537	-10.6193312690323	-12.7081464482187	-13.9544520589957	-11.8360899872496	-13.0441219174957	-12.095630048443	-12.7787346165573	-11.9509036473486	-11.799167894497	-11.5000911970212	-10.6459950679972	-11.5979852533482	-10.5865072598932	-12.0840761466628	-11.9697197831115	-11.9941215577311	-12.7911655390184	-11.7553932147122	-14.2511982343441	-12.5342492494269	-11.1858250535914	-12.0780331519265	-11.6273532168432	-12.0463494200991	-11.5598014940308	-12.6792826788807	-13.078845794583	-12.0709567752931	-11.3629807301206	-12.7326001909147	-11.1858250535914	-10.5877292436112	-11.904719370163	-13.7213734190823	-11.7276336879168	-11.7276336879168	-10.629735364898	-12.9141452494861	-13.3593077953648	-10.9160714881735	-11.9200056929172	-12.9733455486788	-12.9733455486788	-11.1375083349174	-11.712866713423	-11.3447922924915	-11.4521571537622	-13.9890577839499	-11.78867185184	-11.7207648675999	-10.4742595180781	-14.3286050836445	-13.2550760482225	-11.9806368791165	-10.9787242675392	-10.9787242675392	-11.0860308046951	-9.69658910074304	-11.0618495663494	-11.894476208977	-10.8667952223787	-10.9176604310833	-11.422242629939	-11.2734124545513	-12.3899154370645	-10.7709512635806	-11.6652083692005	-14.3912360719149	-10.8304515728757	-10.8304515728757	-11.8745955333821	-11.8745955333821	-11.7396197563857	-11.6720264607388	-12.0703587860445	-11.4857116773341	-11.081220275146	-12.7684123022878	-10.7338431919479	-11.1246021580673	-11.7009219580549	-13.2656887770115	-11.268625538831	-13.0379159926759	-10.1328800850065	-10.9404155464884	-11.7396197563857	-11.894476208977	-10.9721942551611	-14.3912360719149	-11.4301458930858	-11.3919091583315	-11.9552707642333	-12.0890393119164	-14.3912360719149	-9.88420997714387	-11.7154586692216	-12.6726846108985	-12.5049356355439	-11.0262748812511	-11.1238076520384	-10.9211308784421	-15.3485439306978	-13.3973216668147	-13.3973216668147	-11.0184455773696	-10.6893098574387	-13.1848147379931	-11.5783722529273	-11.4034951131426	-10.7115827265025	-12.9537731893081	-11.6048680816685	-11.0661208298227	-10.9651835556038	-11.0713018818724	-12.6440454450978	-11.6400321924596	-10.5040923409466	-11.4102853719265	-11.6913469226628	-10.6353203936778	-14.2414011113255	-11.6306965926388	-12.9815385365276	-10.8889877398805	-10.6485332777846	-12.5708566825398	-11.748517417087	-11.9184082531467	-13.4167359939232	-14.0574736987824	-13.9130961924187	-10.9292284350614	-10.899366927493	-11.4639199022256	-10.709309721307	-10.9670171289486	-13.1486431033678	-11.9386184496671	-12.0623590986762	-11.5390826616326	-10.9423952425824	-10.9297379070453	-12.7641976893476	-14.5434215425855	-15.891112733538	-11.1297343518052	-12.1760009924649	-14.3912360719149	-12.3551318642053	-13.4311579437575	-12.8669806585762	-11.7451310970736	-11.6442948107228	-11.6846684320764	-12.1963615870766	-10.7206643265993	-11.158372787012	-11.6026572510901	-11.6026572510901	-14.3390148667224	-13.1904016697076	-10.8482160443638	-11.8919252906087	-11.3561286609118	-12.0549299336576	-12.7143648605602	-11.1839899344973	-11.1839899344973	-10.6046967995462	-12.5239917751316	-10.9154753478235	-11.7095783021979	-11.0516803156952	-13.7485542114808	-10.5477026246036	-11.0497683794361	-11.1880402618339	-11.2674501166344	-10.6755700518632	-12.000492020132	-11.1437336291453	-11.840172967787	-11.5633615680955	-15.8266595191425	-11.1782436358686	-12.000492020132	-11.1782436358686	-11.1782436358686	-11.8005404581786	-11.9774300665571	-11.8806485308004	-11.9297170479349	-11.9297170479349	-11.640427163482	-12.3578957637587	-11.8486498012295	-11.7249629019127	-12.1082009367007	-13.0398444374602	-11.6774001536429	-13.0398444374602	-13.0398444374602	-12.0129327814429	-11.0217132121614	-14.3444069397674	-10.9150918233798	-12.1243429578002	-11.6569811533177	-11.1751635485146	-10.9239387837028	-14.3912360719149	-14.4491384881117	-15.2245754595479	-14.0255327074581	-14.3912360719149	-11.1423931811618	-11.8919252906087	-10.6344823525543	-11.7101360870078	-10.0518943509704	-11.8212595313999	-14.0450254169916	-14.1594486066616	-10.4488416660589	-11.3864187273589	-11.3292338459299	-14.2416970184213	-14.1583308881933	-15.4409948660403	-13.4534503556212	-13.7403565224499	-13.7403565224499	-14.8971132148639	-13.1210116084394	-13.4188758961097	-14.5622940090708	-18.7649630673825	-15.1501976719671	-14.0924843525529	-11.8279140994016	-11.9812605683398	-13.8484638894608	-13.8484638894608	-10.6825403387001	-14.8952499295436	-14.1975163485242	-12.5069082058417	-12.5069082058417	-12.0986419110293	-13.2855335884084	-13.2855335884084	-19.3129744319307	-18.7649630673825	-23.2161328293032	-12.9073106348866	-14.5766308231335	-11.1842174194014	-12.1679435659085	-12.1679435659085	-17.945989062058	-13.3454082760374	-12.1527065563701	-11.3328072714476	-12.1527065563701	-14.8685449766327	-12.4442008279931	-23.2161328293032	-13.8536106532132	-12.3313894356778	-15.1447086544101	-10.9077302477511	-12.5518817802406	-13.7574967390503	-15.1501976719671	-15.1501976719671	-11.5518817802406	-14.2197872982194	-11.201658852101	-11.201658852101	-10.9016241662787	-14.8266595191425	-13.333863676915	-14.4944341250018	-15.2245754595479	-14.1501976719671	-15.8266595191425	-15.8266595191425	-12.898803898359	-13.9793779720705	-15.1501976719671	-15.1501976719671	-14.1869073027648	-12.1618126376351	-12.1527065563701	-12.2534117859836	-19.3129744319307	-15.0718180524271	-15.2245754595479	-11.2327946294571	-14.0702930880531	-13.0584768233799	-13.3454082760374	-15.2245754595479	-12.3861161324052	-15.8266595191425	-10.6891988733299	-15.1183873762542	-15.8266595191425	-14.4491384881117	-15.8266595191425	-11.231390904214	-11.6062295459543	-12.4614235351014	-14.6428529977559	-14.6682827159855	-14.0325044212414	-15.2245754595479	-14.4004236702478	-12.4378807713088	-13.5652351712459	-13.5652351712459	-15.8266595191425	-15.1501976719671	-15.1501976719671	-13.7213734190823	-12.3090465742065	-12.3090465742065	-15.1183873762542	-15.2245754595479	-11.2525132856843	-15.8266595191425	-11.5518817802406	-14.9945329140161	-15.2245754595479	-14.1869073027648	-15.1501976719671	-15.2245754595479	-11.8993581740634	-13.2897190796304	-13.5896041798895	-15.1501976719671	-13.5652351712459	-14.1869073027648	-10.9237458804755	-15.2245754595479	-10.6952549231452	-15.8266595191425	-14.1461758911867	-13.4320187453822	-14.6513191742151	-12.6568134365105	-19.3129744319307	-11.7156127934275	-10.3589747201918	-14.1501976719671	-12.3954603689864	-11.4088391943026	-12.3087365272391	-11.42776194794	-14.4975050043448	-15.1501976719671	-12.425978672304	-14.1501976719671	-12.0624309702801	-15.8266595191425	-11.4251928803726	-12.5258824765916	-12.4603642085516	-12.5518817802406	-10.9669192795194	-12.8068973967352	-13.1790368235485	-13.1790368235485	-13.1790368235485	-13.7872511345843	-17.6727045595305	-17.6727045595305	-13.5375787111485	-10.8132467357942	-15.2245754595479	-15.4844548998751	-16.553304307631	-14.0351948460421	-13.6190357266293	-12.3992596372083	-12.0938059114686	-15.1501976719671	-15.8266595191425	-14.2025478239182	-14.5173579398912	-13.7055726867733	-13.9327656748663	-13.5999233631041	-13.8892108186092	-10.6409515204593	-13.386107955044	-12.3428427499095	-10.7333125751481	-13.1501976719671	-11.1569628621398	-12.1527065563701	-11.1754744414312	-12.3428427499095	-15.1501976719671	-14.6875023840885	-10.3053304010527	-17.0920040856635	-9.49080911463534	-11.1290772871024	-12.4689732662229	-14.9994783598673	-14.1501976719671	-12.5518817802406	-14.9994783598673	-12.4502237963463	-12.4502237963463	-15.1501976719671	-12.4502237963463	-12.4502237963463	-15.5434215425855	-15.1501976719671	-15.1501976719671	-15.5434215425855	-14.3444069397674	-15.7033498769753	-15.4413346835053	-12.4502237963463	-15.8266595191425	-12.2812233274883	-11.8316454226711	-11.3534480822157	-13.1790368235485	-12.0058788554526	-15.1501976719671	-15.1501976719671	-15.1501976719671	-15.1501976719671	-10.8938220698759	-12.3428427499095	-12.5652351712459	-12.3838282797951	-13.1501976719671	-13.1501976719671	-12.2739041255404	-13.1501976719671	-12.8627074215595	-13.5132261135609	-11.0898315424513	-13.5652351712459	-12.063091049699	-12.9840612285374	-11.1470798148626	-14.1501976719671	-14.1501976719671	-12.0046856215725	-12.0046856215725	-13.2227050176156	-14.1501976719671	-13.0161879397729	-13.5634031772971	-12.3313894356778	-12.3313894356778	-15.1501976719671	-14.1501976719671	-13.5676629061758	-12.2217123308059	-14.1501976719671	-14.1501976719671	-12.4766671948697	-14.1501976719671	-11.4601231696932	-11.9825025744394	-14.1501976719671	-13.0316343103236	-14.1501976719671	-14.1501976719671	-14.1501976719671	-12.1391715310086	-14.1501976719671	-14.1501976719671	-12.7716775025493	-14.1501976719671	-14.5587872582331	-14.5587872582331	-14.0341693306159	-14.1501976719671	-14.1501976719671	-13.3477155829273	-14.1501976719671	-14.1501976719671	-15.1501976719671	-12.1527065563701	-15.1501976719671	-14.4491384881117	-15.1501976719671	-15.1501976719671	-15.1501976719671	-14.8630260530359	-14.9994783598673	-14.5765934964484	-14.1501976719671	-15.1501976719671	-15.1501976719671	-15.1501976719671	-12.8512945948491	-15.1501976719671	-12.4968867733305	-15.1501976719671	-14.1869073027648	-19.1530335190611	-19.1530335190611	-15.1501976719671	-15.1501976719671	-18.3129744319307	-15.1501976719671	-15.0718180524271	-15.1501976719671	-15.1501976719671	-15.1501976719671	-12.1376287919576	-15.1501976719671	-12.7396772210595	-15.1501976719671	-15.1501976719671	-13.6552161714155	-15.1501976719671	-15.1501976719671	-12.0406294095609	-15.1501976719671	-15.1501976719671	-15.1501976719671	-15.1501976719671	-15.1501976719671	-13.2656887770115	-15.1501976719671	-15.1501976719671	-15.1501976719671	-15.1501976719671	-15.1501976719671	-15.1501976719671	-15.1501976719671	-12.142655645072	-13.8030820568771	-15.1501976719671	-15.1501976719671	-14.1501976719671	-15.1501976719671	-15.1501976719671	-15.1501976719671	-15.1501976719671	-14.6682827159855	-15.1501976719671	-15.1501976719671	-15.1501976719671	-12.3313894356778	-15.1501976719671	-15.1501976719671	-15.1501976719671	-16.1845444918063	-12.8512945948491	-11.9713566909896	-14.1501976719671	-15.1501976719671	-11.6910690864113	-15.0718180524271	-14.1869073027648	-13.5652351712459	-15.1501976719671	-15.1501976719671	-15.1501976719671	-15.1501976719671	-15.1501976719671	-15.1501976719671	-15.1501976719671	-15.1501976719671	-11.4988174150997	-15.1501976719671	-15.1501976719671	-15.1501976719671	-15.1501976719671	-15.0718180524271	-15.1501976719671	-13.8350961610245	-12.8512945948491	-12.8512945948491	-15.1501976719671	-15.1501976719671	-15.1501976719671	-12.3313894356778	-19.1530335190611	-15.1501976719671	-12.3175912842264	-15.1501976719671	-15.1501976719671	-15.1501976719671	-15.1501976719671	-15.1501976719671	-15.1501976719671	-15.1501976719671	-14.6682827159855	-11.7513902015442	-13.8536106532132	-15.1501976719671	-15.1501976719671	-13.7853733979864	-12.4400183364502	-15.1501976719671	-17.6855285998881	-13.1169209742568	-15.1501976719671	-10.7947513376034	-14.5751012204074	-11.9950503922611	-15.1501976719671	-15.1501976719671	-15.1501976719671	-14.4491384881117	-15.1501976719671	-15.1501976719671	-15.1501976719671	-15.1501976719671	-12.4502237963463	-15.1501976719671	-15.1501976719671	-15.1501976719671	-15.0718180524271	-15.1501976719671	-13.7872511345843	-12.380354419677	-15.1501976719671	-15.1501976719671	-15.1501976719671	-12.1527065563701	-15.1501976719671	-14.1501976719671	-11.3308384311869	-15.1501976719671	-15.1501976719671	-15.1501976719671	-15.1501976719671	-12.3214955907517	-14.1869073027648	-15.1501976719671	-15.1501976719671	-15.1501976719671	-15.1501976719671	-12.2560770223866	-12.3210265156978	-12.3313894356778	-12.062947244294	-12.8512945948491	-15.1501976719671	-10.9187483004522	-12.4400183364502	-18.3330121851673	-15.0718180524271	-15.1501976719671	-16.4844548998751	-12.2534117859836	-15.1501976719671	-15.1501976719671	-13.0254308078224	-15.1501976719671	-15.1501976719671	-15.1501976719671	-14.2025478239182	-15.1501976719671	-15.1501976719671	-15.1501976719671	-15.1501976719671	-15.1501976719671	-15.1501976719671	-15.1501976719671	-15.1501976719671	-15.1501976719671	-15.1501976719671	-15.1501976719671	-15.1501976719671	-14.6682827159855	-15.1501976719671	-15.1501976719671	-12.240469400478	-13.7574967390503	-15.1501976719671	-15.1501976719671	-15.1501976719671	-15.0718180524271	-14.8630260530359	-12.8512945948491	-12.3313894356778	-15.1501976719671	-15.1501976719671	-15.1501976719671	-15.1501976719671	-15.0718180524271	-12.0011118299765	-11.8739704128354	-12.8909850875968	-15.1501976719671	-15.1501976719671	-15.1501976719671	-15.1501976719671	-15.1501976719671	-15.1501976719671	-15.1501976719671	-15.1501976719671	-13.2219896304236	-13.5114767862573	-15.1501976719671	-15.1501976719671	-15.1501976719671	-15.1501976719671	-15.1501976719671	-12.3090465742065	-14.6682827159855	-15.1501976719671	-13.3188785376597	-12.1527065563701	-11.8002952617288	-15.1501976719671	-15.1501976719671	-15.1501976719671	-12.5088478624863	-19.3129744319307	-19.3129744319307	-19.3129744319307	-19.3129744319307	-19.3129744319307	-15.0718180524271	-16.2944384804933	-19.3129744319307	-19.3129744319307	-10.9683479283376	-11.812886695881	-19.3129744319307	-19.3129744319307	-19.3129744319307	-13.3105357278673	-15.7033498769753	-12.4479344952463	-19.3129744319307	-19.3129744319307	-19.3129744319307	-19.3129744319307	-19.3129744319307	-19.3129744319307	-12.0660029224434	-12.6987012188838	-19.3129744319307	-13.5238568197949	-13.2497095384727	-16.7480496844461	-16.7480496844461	-12.9464713268263	-13.6306336210942	-18.3330121851673	-14.2147244905084	-16.0110840902799	-15.2968962239172	-15.8266595191425	-12.4400183364502	-12.4400183364502	-16.1845444918063	-18.3330121851673	-12.3631416850138	-18.3330121851673	-14.014139177657	-12.2306051205819	-18.3330121851673	-12.2445037541617	-18.3330121851673	-18.3330121851673	-15.5927714589682	-16.1845444918063	-18.3330121851673	-14.8286584811077	-15.3267204392996	-15.887404003884	-9.72673381577449	-12.0528903568828	-10.8734458647232	-10.981723878411	-11.4376349847525	-10.7124360275735	-11.8316454226711	-12.3457104028003	-12.6913166106533	-12.3457104028003	-12.0023710515185	-12.3457104028003	-12.3457104028003	-12.3457104028003	-13.5341858193239	-13.1790368235485	-12.4786799358596	-12.6913166106533	-24.0605203755451	-24.0605203755451	-11.8316454226711	-12.218913131821	-12.6913166106533	-13.277972507569	-14.4975050043448	-12.3457104028003	-12.3457104028003	-12.3457104028003	-12.3457104028003	-12.3457104028003	-12.0671037662397	-11.7429460247424	-11.5081891545203	-12.9964041949748	-14.8994923991539	-15.4844548998751	-12.3743073856445	-15.4844548998751	-15.4844548998751	-14.1183873762542	-14.1183873762542	-15.4844548998751	-15.4844548998751	-10.9357639015422	-10.9357639015422	-12.0116201561133	-16.4844548998751	-16.4844548998751	-16.4844548998751	-14.3912360719149	-16.4844548998751	-12.1078570051555	-13.3188941477791	-10.7402493806014	-13.1790368235485	-13.1790368235485	-13.1790368235485	-14.4975050043448	-16.0070542132438	-16.553304307631	-16.553304307631	-11.6449746731953	-12.9916683224123	-12.9916683224123	-12.9916683224123	-12.9916683224123	-14.5766308231335	-14.5766308231335	-14.5766308231335	-14.5766308231335	-14.5766308231335	-14.5056195098731	-14.5766308231335	-14.5766308231335	-14.5766308231335	-13.5341858193239	-13.5341858193239	-12.3810142986674	-14.5766308231335	-11.9146641663618	-14.4944341250018	-15.2245754595479	-12.4195703744447	-15.5434215425855	-15.2245754595479	-15.2245754595479	-15.2245754595479	-15.2245754595479	-15.2245754595479	-15.1501976719671	-15.1501976719671	-15.8266595191425	-22.0605203755451	-12.1790368235485	-12.8661021873228	-12.6913166106533	-13.1790368235485	-24.0605203755451	-13.1790368235485	-15.2245754595479	-13.1790368235485	-13.1790368235485	-13.1790368235485	-13.1790368235485	-12.0031860591028	-12.5518817802406	-12.5518817802406	-12.218913131821	-12.5255221518941	-12.5518817802406	-18.3129744319307	-12.3810142986674	-11.5518817802406	-12.5518817802406	-12.5518817802406	-13.1790368235485	-14.4975050043448	-14.4975050043448	-14.4975050043448	-19.1530335190611	-15.5434215425855	-14.3912360719149	-23.2161328293032	-19.1530335190611	-15.5434215425855	-15.1501976719671	-15.8266595191425	-15.8266595191425	-21.7385922806577	-22.0605203755451	-15.8266595191425	-24.0605203755451	-15.2245754595479	-14.3912360719149	-15.8266595191425	-15.8266595191425	-15.8266595191425	-16.553304307631	-14.1501976719671	-15.1501976719671	-15.1501976719671	-23.2161328293032	-18.8855532081961	-14.3390148667224	-19.3129744319307	-14.5766308231335	-14.5766308231335	-15.8266595191425	-15.5434215425855	-12.5518817802406	-15.5434215425855	-15.5434215425855	-19.1530335190611	-19.1530335190611	-14.3912360719149	-14.3912360719149	-16.553304307631	-12.5518817802406	-12.5518817802406	-24.0605203755451	-18.3129744319307	-15.1501976719671
Plate3_2402R_R_F_S5_Pellet_week9_S5_L001	-6.5480743393132	-6.25935692482228	-6.44894101987419	-6.90063181902839	-6.61667536470298	-7.04537390790566	-7.73213466051099	-7.21448439268189	-6.10175043746442	-7.53492963043315	-7.51456541328988	-8.19022210588243	-8.47164755970243	-8.14462325271822	-8.63986528988695	-7.85575618139981	-7.26537139934846	-7.43452082269626	-8.15916881813234	-8.20114213897409	-9.51498880775504	-9.1676066751413	-8.35197191083862	-8.03593270139305	-8.71784099561233	-8.43395324108386	-8.38960640984599	-8.62869386308627	-8.62869386308627	-8.18838735483227	-9.64756954079491	-9.17459746706724	-9.45464852187185	-9.64756954079491	-8.34884206581019	-9.00673440866575	-9.23718698967402	-9.16363881294944	-9.21238929409646	-8.90771761617508	-9.01860118207899	-9.50293661074965	-8.67127759098116	-9.05098150576368	-8.98166561081816	-9.61082079168889	-9.78552805081146	-9.7847438348883	-8.86237072777345	-9.28154397028275	-9.76318999359765	-9.33190016323294	-9.2474906762988	-8.65396575749219	-9.09713820621441	-9.07064684206824	-8.56081747379649	-8.85413378290646	-8.67102906143599	-9.03009509222844	-8.91259361976276	-9.09518862367381	-8.85352143696812	-8.85352143696812	-9.38660772424237	-8.64090216084563	-8.64892467279497	-10.9618997530469	-9.3900894807744	-8.97938565114924	-8.80021499931026	-9.29066855063543	-9.31467461489917	-9.08044749683229	-8.70775727364891	-8.77125729516773	-8.97652152051248	-10.7363678633384	-8.01487167751139	-9.08921115082856	-9.24541982888055	-9.675533574178	-9.24896105228486	-9.24896105228486	-9.20635824298284	-8.74424804165695	-8.12735173673614	-9.39967526869232	-9.25242459071766	-8.85413378290646	-9.10412509805059	-9.1989844847366	-8.97570743704653	-8.13020342066673	-8.63736844347818	-9.68436446171674	-9.2513365805672	-8.86933460463192	-8.36252641195735	-9.32982796059761	-8.52579825956147	-8.86361551108669	-9.20797041120139	-8.30238882422707	-9.46125592790791	-9.03912338212072	-10.0515974652751	-9.44027866013973	-9.67127645863102	-10.2522839922727	-10.7855280508115	-10.292858562135	-14.2805296506866	-10.7805848204895	-10.7350653815483	-9.03626297278051	-9.61958761787926	-8.96831224283379	-9.36998903307213	-10.2194702289133	-10.2194702289133	-10.0584289367159	-10.1187917453633	-10.1187917453633	-10.1373996224674	-10.0359983122067	-9.56412525998813	-9.07971915127878	-9.59841813407527	-10.732404871175	-9.41158579012491	-10.0716411038245	-10.7271950433415	-9.08937832873669	-9.54010552996053	-9.83868319033452	-9.86237072777345	-9.86237072777345	-9.86237072777345	-10.1975478392328	-10.7363678633384	-9.86237072777345	-9.95965632472605	-8.92837170264259	-8.92837170264259	-9.89945848446851	-9.72596079247571	-9.72765536327249	-9.83764460845688	-10.1199967037443	-9.76501588895932	-9.87992890920655	-10.3464108706228	-9.95965632472605	-9.86786231435393	-9.16427373482781	-10.3464108706228	-10.161696747362	-9.60740865329569	-9.80907306424969	-9.66359019809845	-10.6215346702052	-9.59824589087597	-9.2513365805672	-9.68803022647922	-9.84502366962012	-9.53544380905672	-9.41772297307848	-9.92820864676731	-10.161696747362	-10.0096542029613	-9.69632162982296	-10.2522839922727	-9.86237072777345	-9.07353366232052	-9.68866043097272	-9.68866043097272	-10.2872595901386	-9.55765853754155	-9.71022027136535	-8.7506339284009	-9.79139868391469	-9.72147157525097	-9.86899171502148	-9.8285758250328	-9.68257158586062	-9.37251095127761	-9.86237072777345	-9.78059703532155	-9.86786231435393	-10.6512444999128	-10.6324984559172	-10.5808086952994	-9.64152264468179	-9.80907306424969	-9.0606126914672	-9.67418386321935	-9.86237072777345	-9.66973389096749	-9.40939788982081	-9.65376270160135	-9.36427083080391	-10.4806007480012	-10.6495168281428	-9.98168737548315	-9.25827069231894	-9.48003631971796	-9.86569038013092	-9.64299091019609	-9.86237072777345	-9.84689608892928	-9.86237072777345	-9.99395861235703	-9.80907306424969	-9.58044395287813	-10.4121259512122	-10.4121259512122	-10.132655333769	-9.77591291086514	-9.83623729677526	-9.91907319161262	-9.63471802791947	-9.89665590023644	-9.89665590023644	-10.2607101694756	-9.86237072777345	-9.60740865329569	-9.86237072777345	-10.4155210107878	-9.6735542787572	-9.2781073289657	-10.0825699877543	-10.0609842661439	-9.61037782090223	-10.2872595901386	-10.2872595901386	-10.2872595901386	-10.7855280508115	-10.401896375636	-9.62585576636378	-10.2872595901386	-9.51092508545338	-9.56823114990341	-9.89665590023644	-9.86486136934898	-10.5973021479394	-10.0951916619084	-10.7363678633384	-10.2433342739004	-10.1607648477552	-10.2225101347991	-9.86237072777345	-10.2872595901386	-10.0800498302071	-9.38146146351584	-10.4136879745646	-8.79136545625734	-9.86486136934898	-9.83065461757114	-10.1995159409574	-10.2022604218581	-10.3334690382325	-9.60796450055436	-9.29768902074118	-10.0456903846973	-10.2872595901386	-9.77123302324724	-9.82856445993456	-8.97146193296583	-9.86486136934898	-8.84427857333674	-9.62315466016361	-10.5882298727524	-9.60202920684785	-10.2872595901386	-9.35596920796586	-9.35596920796586	-10.7855280508115	-9.86453766635373	-9.4717422208493	-9.82127266349116	-9.48362006989901	-9.80018032979664	-10.2397278937971	-9.75725371450068	-9.75725371450068	-9.84502366962012	-9.60202920684785	-9.89119361221342	-10.4067522726143	-10.190390049847	-9.83131489743834	-9.69400530637445	-9.813826281733	-9.86486136934898	-9.58740697113791	-10.7350653815483	-10.1778136065099	-10.1778136065099	-10.4767859821814	-13.3346808899478	-9.15772446037232	-9.78552805081146	-8.78138449945424	-9.61168867032916	-9.92736997830054	-9.76937137067474	-9.89764910155254	-9.80354715775145	-8.99958257793116	-9.930676075216	-9.76073857402347	-10.1067114367087	-9.40488985457186	-9.86486136934898	-9.98143464476626	-9.86747955729323	-9.88076662609445	-10.7855280508115	-10.7855280508115	-9.73963397083267	-10.7363678633384	-10.2080903286708	-9.36380867918338	-9.58149695909905	-10.7855280508115	-9.86237072777345	-9.60022254064524	-9.86486136934898	-10.27393240558	-10.7855280508115	-9.46156628670728	-9.82812760291601	-9.86486136934898	-9.86237072777345	-9.86237072777345	-10.5740266198103	-9.86237072777345	-10.5775770791531	-9.71110118287929	-9.2623058053381	-9.80428826982822	-9.63975449794171	-9.86486136934898	-9.88406331136134	-10.7363678633384	-10.4157733066434	-10.7855280508115	-9.58148099872366	-10.1692632439181	-9.86235004434425	-10.369278872405	-9.64544690619235	-9.99096367617852	-9.76238284420822	-9.92702112760253	-10.2396271455296	-9.97401988748369	-9.59828356731867	-9.86486136934898	-9.8337524529165	-8.55087635410151	-9.63429414803644	-10.2276614144703	-8.91787368544436	-10.2276614144703	-9.86486136934898	-9.59830079116304	-9.43726580177642	-9.6015209544071	-10.4406781481688	-10.7282524674894	-10.2872595901386	-10.688827767868	-10.412040798559	-10.2011629838519	-10.7363678633384	-10.6052349966574	-9.59440268514217	-9.75340441454914	-9.47090232014047	-10.2522839922727	-9.36936704928756	-9.83611669764352	-9.58159804557707	-10.1191237808696	-10.3403755038323	-10.2794884255692	-9.60923953227104	-9.83577145903034	-9.93528909323385	-9.7172324025208	-9.83101760760811	-9.84041115494558	-10.4780254177908	-10.4157733066434	-9.68009947538659	-10.2872595901386	-9.41528013787342	-10.4157733066434	-9.87440953685934	-9.86486136934898	-9.56917610477971	-10.6603882105995	-9.89119361221342	-9.47047073042251	-9.64428617707964	-9.84456264778082	-9.56029102810395	-9.58822666573125	-10.6418743152069	-10.2574170839407	-10.1995159409574	-10.1483861915138	-9.82184947434748	-9.98543438362445	-9.86486136934898	-10.0421864114333	-10.0421864114333	-10.0651009765027	-10.7363678633384	-10.7363678633384	-10.2879192086609	-9.90121037833691	-10.1257914511349	-10.0944793710228	-10.1778136065099	-9.7777159798971	-10.5661198946581	-9.91891319982275	-9.62724226548768	-10.3382164886736	-9.7274552061249	-9.28591958412178	-10.7528087931651	-10.1778136065099	-9.62641547498272	-9.86237072777345	-9.75272492258206	-10.1708712867083	-10.1708712867083	-9.84748451748463	-9.72880975212927	-9.79177285554941	-9.88621316065561	-9.89887499227373	-9.86237072777345	-10.5223743513172	-9.36816151368256	-9.54778638110641	-9.7270738070298	-9.7270738070298	-9.86237072777345	-9.78422085280913	-10.5675987134502	-9.89181886361699	-10.2380245154056	-10.0730735668913	-10.7528087931651	-10.0688759006534	-9.6675671242821	-9.86486136934898	-10.0473956000928	-10.1829705144917	-9.86486136934898	-10.3704237540382	-9.94612603885271	-9.86352171077536	-9.60440558406346	-9.81002644505628	-9.86237072777345	-9.86486136934898	-9.82283775171543	-9.82283775171543	-10.2872595901386	-10.2789551535157	-10.7208151579397	-9.825946560362	-9.67264725279436	-9.96787615983568	-9.96787615983568	-10.3128398354202	-9.56622727916378	-10.2872595901386	-9.55326430940818	-8.34872615854271	-10.090936813917	-9.86237072777345	-9.86237072777345	-9.80907306424969	-9.79681639954088	-10.7855280508115	-9.3408932480117	-9.81433510074699	-9.678689715991	-10.4806007480012	-10.2839227272948	-9.65407149212229	-10.2719220109446	-9.78578914224625	-9.97862109330432	-9.99646317006812	-9.99646317006812	-9.86020703907015	-9.84328762345065	-9.67327077188173	-9.63829062759348	-9.82172755827997	-9.58184813203685	-9.76528900580911	-8.61150994674828	-10.7363678633384	-10.2168217533421	-9.67353159615683	-9.86237072777345	-10.4806007480012	-9.86237072777345	-10.1975576241411	-9.7355886011021	-10.216459847406	-10.0800498302071	-10.2661127895866	-10.3504720921689	-9.86486136934898	-9.82666017663394	-9.86486136934898	-10.2457199386383	-9.44269174565248	-10.7363678633384	-10.0222172303335	-10.3334690382325	-10.2079966936294	-9.62180600114358	-9.17852319870879	-9.86486136934898	-8.98574625261676	-10.2607101694756	-9.70316217705746	-10.2872595901386	-9.79022018530156	-9.08081443963937	-9.73430574887969	-8.15943522991563	-10.2868049761131	-11.4108510795076	-9.11745125364433	-9.88891518982896	-10.4786237373484	-10.0582601242482	-10.5508914586171	-10.5473872849888	-9.85153839834025	-11.2486518195204	-10.5576763297462	-10.3981489504003	-10.9463164805308	-10.2309673115943	-10.2867373168073	-9.40794521899093	-11.8467004256516	-11.8377615228004	-9.1911172212465	-10.3605521938728	-10.5883453302625	-12.5525049061721	-10.0724319227092	-10.1071632401916	-9.37442233969549	-10.3517981295784	-11.8958658004513	-11.1215909574063	-10.3254492005197	-10.3549139399553	-11.4992101382108	-10.3259874630421	-10.4959574773204	-9.86005860628444	-9.23150400475102	-10.5652442723593	-11.9481920978724	-9.90639755840093	-11.4992101382108	-10.9832595120154	-9.09411349048452	-9.95338468464336	-12.300420283434	-10.6770903172666	-11.6168753113943	-10.2147969085926	-10.2198676714968	-13.0029438551458	-10.9453850626373	-11.1043842113438	-11.5791123096588	-12.501612172808	-10.5692478453805	-10.2995536279727	-8.96776907189156	-11.1043842113438	-9.0796996135318	-10.7334874024543	-13.2744621038154	-10.5401603296757	-10.8994850124491	-9.91855563525931	-11.2180254543024	-11.6618229382981	-10.4064808147164	-12.0098346044498	-12.0191083534445	-11.3028146065665	-10.0796109455438	-12.5950491323195	-11.5418860342275	-11.0051686082248	-14.1330108486668	-10.3289604336475	-10.1478960838127	-11.8014487856696	-12.0352869586067	-11.2965724600699	-10.4536958035678	-11.0180135473699	-11.3455071165961	-12.9811637104513	-10.4625183395863	-10.9145277358877	-11.3893190663627	-10.0792503183627	-11.1944363450348	-10.4422907335781	-12.6016374805477	-10.9268115873114	-10.5453000657371	-10.981626996898	-10.5102676460453	-11.5270144565599	-12.6517426499679	-10.5796732991829	-11.0790159590261	-11.5802727790473	-12.6891326918408	-11.2432686228235	-10.5567221400296	-10.0898073308233	-11.5802727790473	-10.8377335641607	-13.2798388701894	-11.0790159590261	-11.2447978900174	-10.8588175316057	-11.9766229634373	-12.1505519068776	-10.5896994382929	-10.6202946373424	-11.0260132180819	-10.1472911643705	-10.5337185831195	-10.0684746998281	-10.2841270507536	-10.7628412593091	-11.919826332452	-9.85109196474828	-9.33924611580501	-11.9319466447854	-9.85109196474828	-12.3129299290582	-10.7553583881829	-13.0001990202416	-14.0465757876415	-12.1259668020553	-13.1607473605136	-12.22465717455	-12.9534149768455	-12.1118949917933	-11.8893971931005	-11.7032941557559	-10.6482859528306	-11.7333739112829	-10.5054185454578	-12.3027970641324	-12.0474573252624	-12.1641279250384	-13.0735703266422	-11.85733274161	-14.3759255938766	-12.8479387949621	-11.3417535643422	-12.2334245470524	-11.7015493079806	-12.2136519661514	-11.5270595395632	-12.8046198452112	-13.2628534332623	-12.2283243205071	-11.5996879856129	-13.0163901547636	-11.3417535643422	-10.6143934113122	-12.0766924542226	-14.0230334283943	-11.7750377730695	-11.7750377730695	-10.7378114391046	-13.0397182184203	-13.5170936541823	-11.0804768187485	-11.9844014031847	-13.1368585041054	-13.1368585041054	-11.2419764099172	-12.0923567350249	-11.5126962930466	-11.545804459933	-14.1512150479891	-11.7539906885631	-11.8041777616331	-10.3434053677543	-14.5295371712481	-13.4849091781343	-12.0911140382942	-10.9709559034405	-10.9709559034405	-11.1629333179509	-9.6827758840512	-11.263877594594	-11.7955717558658	-10.9021269884011	-10.9387319838323	-11.4870801872549	-11.3650270653829	-12.6088371684366	-10.8184823478401	-11.8157612500712	-14.5941901295904	-10.9695321668262	-10.9695321668262	-12.0017530260702	-12.0017530260702	-11.8696801743346	-11.7784878459457	-12.0668456885142	-11.5081868861316	-11.0787095465569	-12.8406365281981	-10.7644855132371	-11.0304625196479	-11.6884449846501	-13.6149486897572	-11.3578141415171	-13.2626759858738	-10.1222656823732	-10.9582727030332	-11.8696801743346	-11.7955717558658	-10.9953995838779	-14.5941901295904	-11.5395690162986	-11.5733239233633	-12.0712137338166	-12.2203762264591	-14.5941901295904	-10.0146723276119	-11.7427861152556	-12.9371926265532	-12.6956132137609	-11.1392434504691	-11.2388113437555	-11.1044453658112	-14.9957795486502	-13.502176043372	-13.502176043372	-11.1540162327089	-10.7864672200188	-13.4213673835535	-11.6842204926052	-11.519574601652	-10.832129912194	-13.1410300466536	-11.7413161593048	-11.0583978381981	-10.991082393247	-11.1853359596849	-12.9212691568213	-11.4801523616302	-10.5609160726338	-11.3763907209738	-11.8104840423139	-10.7694343971338	-14.3298681778961	-11.8023264565637	-13.181163499156	-10.9030574781365	-10.809539082819	-12.6592693041077	-11.8808347119632	-12.0115481110723	-13.3481440464713	-14.2863453022625	-14.0380235081014	-11.0532919733827	-10.9122215596909	-11.5838152159929	-10.8308772069023	-10.9832173412258	-13.2911400449087	-11.9608696402663	-12.1114340226738	-11.6074541532103	-10.9929180974862	-10.9488123557243	-12.8882648723656	-14.278044387297	-15.7507804925311	-11.2175656807279	-12.3160637402463	-14.5941901295904	-12.4597344716903	-13.7040677473628	-13.0978738794073	-11.8507264538989	-11.8530364995051	-11.8279130106388	-12.3549666850277	-10.6434262389542	-11.2065354605066	-11.6030451691644	-11.6030451691644	-14.5094778993561	-13.458811617332	-10.8631517441899	-11.9882274129876	-11.4678661979304	-11.7011515744736	-12.5699211148272	-11.2670776588433	-11.2670776588433	-10.5884650737372	-12.6648950815446	-10.9287892367519	-11.8406263410767	-11.0947845954841	-13.9359187908603	-10.6080284421404	-11.1577236671665	-11.1682257679178	-11.40338716619	-10.7971351417189	-12.0746542155863	-11.229804466023	-12.0166203120701	-11.7127072917891	-15.9537895511711	-11.262157418614	-12.0746542155863	-11.262157418614	-11.262157418614	-11.9021137000375	-12.0784452429842	-11.9833438572927	-12.0615347582192	-12.0615347582192	-11.6908763519734	-12.4354145617191	-12.0616950487634	-11.7597100500926	-12.260493803509	-13.3467399776831	-11.8654247857553	-13.3467399776831	-13.3467399776831	-11.8913690246052	-11.0240684246104	-14.5377717543397	-10.748604499532	-12.2562072539091	-11.7719212905546	-11.2889839135556	-10.9435377042228	-14.5941901295904	-14.7861679927081	-15.3845733791805	-14.1658179918099	-14.5941901295904	-11.2716198348663	-11.9918429795443	-10.6564960029689	-11.8539461319777	-10.132486962548	-11.8065387658635	-14.1551369644016	-14.1515688479238	-10.4063432201508	-11.6555503510436	-11.4351453483818	-14.3316996994286	-14.2599215271562	-15.4290361921584	-13.5555532809834	-14.0135622191331	-14.0135622191331	-15.2009570006299	-13.1317139543755	-13.4959534662186	-14.6125461995419	-19.1709321235066	-15.5914447528516	-14.5750813066427	-12.0660058196988	-12.0864075685216	-13.782249433543	-13.782249433543	-10.7001323049608	-15.3135165585414	-14.3333041903352	-12.6335372141232	-12.6335372141232	-12.0135851881437	-13.3290962015783	-13.3290962015783	-18.7754953588836	-19.1709321235066	-20.6303637421439	-12.6800447902166	-13.8398116043385	-11.1509971251419	-11.8503315497696	-11.8503315497696	-17.7085228050694	-13.105711845849	-12.0592036542164	-11.3376287167961	-12.0592036542164	-14.9141015790374	-12.690279599478	-20.6303637421439	-13.9810177358515	-12.5161333819529	-15.3796508162499	-10.977266767562	-12.6983335842568	-14.1333352544822	-15.5914447528516	-15.5914447528516	-11.6983335842568	-14.1558719277676	-11.1902959339128	-11.1902959339128	-10.7804895483482	-14.9537895511711	-13.7082811367094	-14.6412886149651	-15.3845733791805	-14.636010305285	-15.9537895511711	-15.9537895511711	-13.2393215854826	-14.2549441325319	-15.636010305285	-15.636010305285	-14.5048211194255	-12.0401041893614	-12.0630017840373	-12.3702233801097	-19.2423464567987	-15.522166019608	-15.3845733791805	-11.2347057726392	-13.5309008626597	-13.289929432526	-13.113568009926	-15.3845733791805	-12.5378791140042	-15.9537895511711	-10.799529193007	-15.0860271245028	-15.9537895511711	-14.7861679927081	-15.9537895511711	-11.1809893708371	-11.6953368530473	-12.5286014062975	-14.675113427851	-14.9032941841202	-14.1914679527448	-15.3845733791805	-14.7218960611458	-12.5468428631339	-14.0510478045638	-14.0510478045638	-15.9537895511711	-15.636010305285	-15.636010305285	-14.0230334283943	-12.4777619981247	-12.4777619981247	-15.0860271245028	-15.3845733791805	-11.207339776526	-15.9537895511711	-11.6983335842568	-15.0635010317227	-15.3522628030798	-14.5048211194255	-15.636010305285	-15.3845733791805	-11.8341770719255	-13.6092796663552	-13.9622765370978	-15.636010305285	-14.0510478045638	-14.5048211194255	-10.894524812744	-15.3845733791805	-10.731658445141	-15.9537895511711	-14.4517300108656	-13.4374391162897	-14.5094778993561	-12.7147270731061	-19.2423464567987	-11.8768596945625	-10.4745987797776	-14.6166921280852	-12.4608771261058	-11.476396156321	-12.5049502716605	-11.5686128540344	-14.9452207571776	-15.636010305285	-12.5115848519893	-14.636010305285	-12.1446476200242	-15.9537895511711	-11.5984041385478	-12.6442550592692	-12.5788149037035	-12.6983335842568	-11.1133710835357	-12.9611464800271	-13.1024591713442	-13.1024591713442	-13.1024591713442	-14.2496591819373	-17.9829053156889	-17.9829053156889	-13.4974624272543	-10.8596740428065	-15.3845733791805	-15.6601140207115	-16.9865075523691	-14.4047044038526	-13.8929685029876	-12.5310570300654	-12.1097757523293	-15.636010305285	-15.9537895511711	-14.5333192428209	-14.8022272579498	-13.8406263410767	-14.1457925612281	-13.9694764718413	-14.2236272594521	-10.584448405714	-13.7634712144673	-12.8286553832274	-10.7178719875285	-13.636010305285	-11.0220511580679	-12.0630017840373	-11.2225317055388	-12.823109458016	-15.636010305285	-15.1586885277518	-10.1464849994659	-16.7739382135183	-9.44067814816881	-11.1670628915275	-12.2695098010649	-15.2960904568367	-14.636010305285	-12.6983335842568	-15.2960904568367	-12.5608300605069	-12.5608300605069	-15.636010305285	-12.5608300605069	-12.5608300605069	-15.2958111083914	-15.636010305285	-15.636010305285	-15.2958111083914	-14.5377717543397	-15.8132201837361	-15.2051478388445	-12.5608300605069	-15.9537895511711	-12.3751507151322	-11.8862920187143	-11.3698484431194	-13.1024591713442	-11.9829615315224	-15.636010305285	-15.636010305285	-15.636010305285	-15.636010305285	-11.1555170711199	-12.8286553832274	-13.0510478045638	-12.7964853775665	-13.636010305285	-13.636010305285	-12.560242797667	-13.636010305285	-13.0404785628537	-13.9286241034695	-11.3185835031821	-14.0510478045638	-12.253627860564	-12.9415670610894	-11.1728225440276	-14.636010305285	-14.636010305285	-12.1714445351763	-12.1714445351763	-13.5801749745474	-14.636010305285	-13.3250287112704	-13.9604378762875	-12.5213493227049	-12.5213493227049	-15.636010305285	-14.636010305285	-13.783110603823	-12.3360660851445	-14.636010305285	-14.636010305285	-12.7069526838662	-14.636010305285	-11.4072481921746	-11.9466015049694	-14.636010305285	-13.1946934812073	-14.636010305285	-14.636010305285	-14.636010305285	-12.3235971163138	-14.636010305285	-14.636010305285	-13.227178584243	-14.636010305285	-14.6495101357641	-14.6495101357641	-14.4684445767166	-14.636010305285	-14.636010305285	-13.183668111434	-14.636010305285	-14.636010305285	-15.636010305285	-12.0630017840373	-15.636010305285	-14.7861679927081	-15.636010305285	-15.636010305285	-15.636010305285	-14.9960064410059	-15.2960904568367	-14.9067027977339	-14.6166921280852	-15.636010305285	-15.636010305285	-15.636010305285	-12.8726091462201	-15.636010305285	-12.5064848389586	-15.636010305285	-14.5048211194255	-18.6416790553717	-18.6416790553717	-15.636010305285	-15.636010305285	-18.2423464567987	-15.636010305285	-15.522166019608	-15.636010305285	-15.636010305285	-15.636010305285	-12.3080200869588	-15.636010305285	-12.6882249875662	-15.636010305285	-15.636010305285	-14.1225691019452	-15.636010305285	-15.636010305285	-12.2226246293353	-15.636010305285	-15.636010305285	-15.636010305285	-15.636010305285	-15.636010305285	-13.6149486897572	-15.636010305285	-15.636010305285	-15.636010305285	-15.636010305285	-15.636010305285	-15.636010305285	-15.636010305285	-12.0530824485495	-13.4485126743947	-15.636010305285	-15.636010305285	-14.636010305285	-15.636010305285	-15.636010305285	-15.636010305285	-15.636010305285	-14.9032941841202	-15.636010305285	-15.636010305285	-15.636010305285	-12.5213493227049	-15.636010305285	-15.636010305285	-15.636010305285	-16.2401947859437	-12.8726091462201	-12.2179923721749	-14.636010305285	-15.636010305285	-11.6830692566305	-15.522166019608	-14.5048211194255	-14.0510478045638	-15.636010305285	-15.636010305285	-15.636010305285	-15.636010305285	-15.636010305285	-15.636010305285	-15.636010305285	-15.636010305285	-11.9098843274822	-15.636010305285	-15.636010305285	-15.636010305285	-15.636010305285	-15.522166019608	-15.636010305285	-13.4747548986018	-12.8726091462201	-12.8726091462201	-15.636010305285	-15.636010305285	-15.636010305285	-12.5213493227049	-18.6416790553717	-15.636010305285	-12.4296413478765	-15.636010305285	-15.636010305285	-15.636010305285	-15.636010305285	-15.636010305285	-15.636010305285	-15.636010305285	-14.9032941841202	-11.8843796122722	-13.9954619592882	-15.636010305285	-15.636010305285	-14.0545645310942	-12.5794947788531	-15.636010305285	-17.2082989759711	-13.021011835573	-15.636010305285	-10.7181059102583	-15.0595593044194	-11.9284346295476	-15.636010305285	-15.636010305285	-15.636010305285	-14.7861679927081	-15.636010305285	-15.636010305285	-15.636010305285	-15.636010305285	-12.5608300605069	-15.636010305285	-15.636010305285	-15.636010305285	-15.522166019608	-15.636010305285	-14.2496591819373	-12.4389728939675	-15.636010305285	-15.636010305285	-15.636010305285	-12.0630017840373	-15.636010305285	-14.636010305285	-11.3390311373101	-15.636010305285	-15.636010305285	-15.636010305285	-15.636010305285	-12.4283547383833	-14.5048211194255	-15.636010305285	-15.636010305285	-15.636010305285	-15.636010305285	-12.4574674962741	-12.0688132522819	-12.5213493227049	-12.1978414153558	-12.8726091462201	-15.636010305285	-11.0403615607011	-12.5794947788531	-17.54821470079	-15.522166019608	-15.636010305285	-16.2316200502057	-12.3702233801097	-15.636010305285	-15.636010305285	-12.985324576732	-15.636010305285	-15.636010305285	-15.636010305285	-14.5333192428209	-15.636010305285	-15.636010305285	-15.636010305285	-15.636010305285	-15.636010305285	-15.636010305285	-15.636010305285	-15.636010305285	-15.636010305285	-15.636010305285	-15.636010305285	-15.636010305285	-14.9032941841202	-15.636010305285	-15.636010305285	-12.4042526440115	-14.149396874726	-15.636010305285	-15.636010305285	-15.636010305285	-15.522166019608	-15.0211850040019	-12.8726091462201	-12.5213493227049	-15.636010305285	-15.636010305285	-15.636010305285	-15.636010305285	-15.522166019608	-11.9112958410209	-11.768549854505	-13.0903689337349	-15.636010305285	-15.636010305285	-15.636010305285	-15.636010305285	-15.636010305285	-15.636010305285	-15.636010305285	-15.636010305285	-13.4572956641096	-13.2367453676139	-15.636010305285	-15.636010305285	-15.636010305285	-15.636010305285	-15.636010305285	-12.4777619981247	-14.9032941841202	-15.636010305285	-13.5345876331237	-12.0630017840373	-11.6062846111386	-15.636010305285	-15.636010305285	-15.636010305285	-12.7534919209007	-19.2423464567987	-19.2423464567987	-19.2423464567987	-19.2423464567987	-19.2423464567987	-15.522166019608	-16.0628829410008	-19.2423464567987	-19.2423464567987	-10.9390155136331	-11.6275487265368	-19.2423464567987	-19.2423464567987	-19.2423464567987	-13.5700393387555	-15.8132201837361	-12.5646531069257	-19.2423464567987	-19.2423464567987	-19.2423464567987	-19.2423464567987	-19.2423464567987	-19.2423464567987	-11.9256549319766	-12.408127312591	-19.2423464567987	-13.7070362567247	-13.5228197101679	-15.9632522000688	-15.8238141201579	-12.8624896632462	-13.9238677240827	-17.4087766208791	-14.262948990897	-16.0931453416053	-14.9676953666263	-15.9537895511711	-12.5794947788531	-12.5794947788531	-16.2401947859437	-17.54821470079	-11.9624705084311	-17.54821470079	-14.3631088699919	-12.3416634548112	-17.54821470079	-12.3824807203929	-17.54821470079	-17.54821470079	-15.5411119018307	-16.2401947859437	-17.54821470079	-14.6920705979922	-15.2359010475335	-16.0379067048758	-9.58277116663367	-11.9904069669312	-10.8578403884857	-10.9491253303661	-11.3781529189405	-10.6468267643817	-11.8862920187143	-12.1896243191296	-12.7430479149915	-12.1896243191296	-11.9018001301816	-12.1896243191296	-12.1896243191296	-12.1896243191296	-13.2823964118367	-13.1024591713442	-12.4996725308061	-12.7430479149915	-20.8490040286192	-20.8490040286192	-11.8862920187143	-12.4225181589589	-12.7430479149915	-13.5200598831695	-14.9452207571776	-12.1896243191296	-12.1896243191296	-12.1896243191296	-12.1896243191296	-12.1896243191296	-11.7906186512197	-11.6140124614959	-11.4399603068637	-12.9470401140906	-14.6466575494845	-15.2316200502057	-12.4684445767166	-15.2316200502057	-15.2316200502057	-14.0860271245028	-14.0860271245028	-15.2316200502057	-15.2316200502057	-11.0724214553564	-11.0724214553564	-12.1482238544455	-16.2316200502057	-16.2316200502057	-16.2316200502057	-14.5941901295904	-16.2316200502057	-12.0185896575289	-13.0694338894909	-10.6956569757289	-13.1024591713442	-13.1024591713442	-13.1024591713442	-14.9452207571776	-16.4003433064382	-16.9865075523691	-16.9865075523691	-11.7442146913209	-12.2548491036173	-12.2548491036173	-12.2548491036173	-12.2548491036173	-13.8398116043385	-13.8398116043385	-13.8398116043385	-13.8398116043385	-13.8398116043385	-13.8011365231337	-13.8398116043385	-13.8398116043385	-13.8398116043385	-13.2823964118367	-13.2823964118367	-12.4777223903046	-13.8398116043385	-11.899867069465	-14.6412886149651	-15.3845733791805	-12.4523603298333	-15.2958111083914	-15.3845733791805	-15.3845733791805	-15.3845733791805	-15.3845733791805	-15.3845733791805	-15.636010305285	-15.636010305285	-15.9537895511711	-18.8490040286192	-12.1024591713442	-12.8327123476111	-12.7430479149915	-13.1024591713442	-20.8490040286192	-13.1024591713442	-15.3845733791805	-13.1024591713442	-13.1024591713442	-13.1024591713442	-13.1024591713442	-12.1783799649137	-12.6983335842568	-12.6983335842568	-12.4183310028594	-12.6798078450964	-12.6932658334129	-18.9721522593921	-12.4777223903046	-11.6983335842568	-12.6983335842568	-12.6983335842568	-13.1024591713442	-14.9452207571776	-14.9452207571776	-14.9452207571776	-18.9937391216002	-15.2958111083914	-14.5941901295904	-20.6303637421439	-19.4604387407016	-15.2958111083914	-15.636010305285	-15.9537895511711	-15.9537895511711	-18.5270759337318	-18.8490040286192	-15.9537895511711	-20.8490040286192	-15.3845733791805	-14.5941901295904	-15.9537895511711	-15.9537895511711	-15.9537895511711	-16.9865075523691	-14.636010305285	-15.636010305285	-15.636010305285	-20.6303637421439	-19.0416491065616	-14.5455553543395	-19.2423464567987	-13.8398116043385	-13.8398116043385	-15.9537895511711	-15.2958111083914	-12.6983335842568	-15.2958111083914	-15.2958111083914	-18.9937391216002	-19.4604387407016	-14.5941901295904	-14.5941901295904	-16.9865075523691	-12.6983335842568	-12.6983335842568	-20.8490040286192	-18.9721522593921	-15.636010305285
Plate3_2475R_RL_M_S5_Pellet_week9_S6_L001	-6.55045350667806	-6.25714027331137	-6.44738559574846	-6.93154631767824	-6.62373316265812	-7.0157556984727	-7.74637602735536	-7.28145464569289	-6.0104081420106	-7.55583097775702	-7.51373098134508	-8.20363050619889	-8.49464602179566	-8.13628706997057	-8.66957387322306	-7.87211939042095	-7.21700161546109	-7.43848359099057	-8.15765274438521	-8.22565718935717	-9.55107848486192	-9.15094907271704	-8.33952676924165	-8.04721384999601	-8.70904413005184	-8.4446874704938	-8.4032592061055	-8.6029217077311	-8.6029217077311	-8.21054717734207	-9.68349666864566	-9.20708895932663	-9.4236427531921	-9.68349666864566	-8.32368924263265	-9.05714067795874	-9.23602257303323	-9.1625647045387	-9.22245105644048	-8.92358590415836	-8.99339083063517	-9.50079259594792	-8.64284991343026	-9.05006942582607	-8.99092636213908	-9.64929790711109	-9.79043939016095	-9.79043939016095	-8.87584613495188	-9.35849616851888	-9.7651791212346	-9.33048763372853	-9.31888174033272	-8.65239808437232	-9.14948696163542	-9.09637456718479	-8.55024250110089	-8.8779618850904	-8.66978345505069	-9.08491306718505	-8.9373517098934	-9.08490492091315	-8.90687562323865	-8.90687562323865	-9.38115608039715	-8.69234399657032	-8.68863399233549	-10.8300236751641	-9.41585714556478	-9.01503582330743	-8.75864789353085	-9.2888041830301	-9.31046291495526	-9.00629229484749	-8.74132409920722	-8.78776147679122	-8.9856899945676	-10.7094015299822	-7.96367141720307	-9.11014277269728	-9.26039780446161	-9.66496607532608	-9.2732599089235	-9.2732599089235	-9.21894393507507	-8.69177176111874	-8.1776733510899	-9.43213846462995	-9.26323134452137	-8.8779618850904	-9.17017170961988	-9.24626813503375	-8.98727501498829	-8.13304945227125	-8.6947557005671	-9.62892374415717	-9.26184929851031	-8.8945880229025	-8.32141175613542	-9.32471704309289	-8.47501735566346	-8.87690362217078	-9.22910589581877	-8.28670394106673	-9.48589276904241	-9.07112234286034	-10.1300531178158	-9.34561826065489	-9.66618063239986	-10.2858515903551	-10.7904393901609	-10.2623069989139	-13.6171347806754	-10.7822467531735	-10.7094015299822	-9.2595148778027	-9.66122200882254	-8.99929349772678	-9.45789182252663	-10.1851006811285	-10.1851006811285	-10.0700595154767	-10.1177000635893	-10.1177000635893	-10.1503050367215	-10.0417032480444	-9.56416495178919	-9.07545807051294	-9.65878265245194	-10.7054460890613	-9.38672550794258	-10.1323333777295	-10.7320294191853	-9.08438428157332	-9.54231525822887	-9.83434270575682	-9.87584613495188	-9.87584613495188	-9.87584613495188	-10.2286516838082	-10.7094015299822	-9.87584613495188	-9.95478269057856	-8.92144474954906	-8.92144474954906	-9.88701427700978	-9.81286013452922	-9.81477111434675	-9.86051161137951	-10.15924356182	-9.7963159314719	-9.88891561370235	-10.2815320224655	-9.95478269057856	-9.8801894858787	-9.25469238263232	-10.2815320224655	-10.0881112102403	-9.60652315251646	-9.82302147506523	-9.77448639225928	-10.6560792575031	-9.65267205880752	-9.26184929851031	-9.67930967753748	-9.86289399140211	-9.59222266336141	-9.42835535498836	-9.89990133035124	-10.0881112102403	-10.0349225450865	-9.70189544074076	-10.2858515903551	-9.87584613495188	-9.10051012657459	-9.67930967753748	-9.67930967753748	-10.3458367462116	-9.61684119673427	-9.58431977720803	-8.72889549088835	-9.79665867434293	-9.73047679835209	-9.86342489934857	-9.85491312128103	-9.70609268901303	-9.40118931902564	-9.87584613495188	-9.76051837874487	-9.8801894858787	-10.6673230239236	-10.6494174493112	-10.5282994095377	-9.63356157377061	-9.82302147506523	-9.07403687866014	-9.80401233696361	-9.87584613495188	-9.63813987878318	-9.41027797578658	-9.58035226459965	-9.38560125632672	-10.5134473701076	-10.6319785702396	-9.97083547385335	-9.28931816924471	-9.54749564899064	-9.8779618850904	-9.76832251064193	-9.87584613495188	-9.86499081814376	-9.87584613495188	-9.99985756510812	-9.82302147506523	-9.62487191545426	-10.4500528594737	-10.4500528594737	-10.1359345135285	-9.80502566772324	-9.8322899221242	-9.95371005608769	-9.65440440979902	-9.90998295702703	-9.90998295702703	-10.3228343481331	-9.87584613495188	-9.60652315251646	-9.87584613495188	-10.3836613582492	-9.66790676181532	-9.34742495150503	-10.1213907732212	-10.0986489862071	-9.60611570288393	-10.3458367462116	-10.3458367462116	-10.3458367462116	-10.7904393901609	-10.4356550058529	-9.65563988710231	-10.3458367462116	-9.49529131562221	-9.62377265048352	-9.90998295702703	-9.8779618850904	-10.5522311365334	-10.1062618958414	-10.7094015299822	-10.3182053627016	-10.2132066486666	-10.2482373038515	-9.87584613495188	-10.3458367462116	-10.1187581712053	-9.38098911387116	-10.4532040424857	-8.7967469386851	-9.8779618850904	-9.89396811972559	-10.2263744719456	-10.3042230091665	-10.2670128622309	-9.6042732732051	-9.32572743459947	-10.1429002957813	-10.3458367462116	-9.80100543097509	-9.8196587293413	-8.99463759516136	-9.8779618850904	-8.8802150417411	-9.62571400698144	-10.5485953178273	-9.66261203578789	-10.3458367462116	-9.3561725646733	-9.3561725646733	-10.7904393901609	-9.87807046878161	-9.48114955458577	-9.83368970907219	-9.46410023908958	-9.7171585985648	-10.2672674019814	-9.79069692777322	-9.79069692777322	-9.86289399140211	-9.66261203578789	-9.92305311818525	-10.3575995860525	-10.206295991185	-9.84456578833802	-9.68214041699532	-9.85027543571371	-9.8779618850904	-9.58701523417279	-10.7094015299822	-10.213657393469	-10.213657393469	-10.5101619684965	-13.6380782731862	-9.15311874222025	-9.79043939016095	-8.78115841594333	-9.611903631997	-9.87403773090712	-9.66061948797725	-9.91568603085406	-9.79993319992701	-9.06196360064189	-10.0393662045444	-9.7493515359904	-10.040319766627	-9.31824661412988	-9.8779618850904	-9.93170620304542	-9.88233340160508	-9.88891561370235	-10.7904393901609	-10.7904393901609	-9.72535901401868	-10.7094015299822	-10.1469386961175	-9.31261713488112	-9.56396841724106	-10.7904393901609	-9.87584613495188	-9.66069607356619	-9.8779618850904	-10.2144825253265	-10.7904393901609	-9.57366101067703	-9.87698716958038	-9.8779618850904	-9.87584613495188	-9.87584613495188	-10.578444492813	-9.87584613495188	-10.5820662005625	-9.70243084615164	-9.25457678421432	-9.79975011536393	-9.67500273422314	-9.8779618850904	-9.92305311818525	-10.7094015299822	-10.4532040424857	-10.7904393901609	-9.56423920514229	-10.2459093738472	-9.84480027740475	-10.4428279408761	-9.71895073998729	-10.0048095501523	-9.74002391092409	-9.89733164118585	-10.258780931923	-9.99281400039529	-9.6414280992096	-9.8779618850904	-9.84663612618712	-8.50056438457403	-9.61399634775716	-10.3338488018468	-8.90532667568198	-10.3338488018468	-9.8779618850904	-9.65572179347021	-9.4356374257807	-9.77027108841238	-10.4462418631043	-10.7017128523777	-10.3458367462116	-10.63267458468	-10.3659889297136	-10.2536805059913	-10.7094015299822	-10.6847696697017	-9.59741230612683	-9.75520733870816	-9.45132139288354	-10.2858515903551	-9.41574916510203	-9.8301140046348	-9.58864292539889	-10.1773125400191	-10.3269312050038	-10.3897265123538	-9.63068450991866	-9.84664993841375	-9.91085803244401	-9.76263083992819	-9.84434300598173	-9.86967072924047	-10.5010576339457	-10.4532040424857	-9.69860566853576	-10.3458367462116	-9.34286712482712	-10.4532040424857	-9.89233974108584	-9.8779618850904	-9.57348867519677	-10.64102172895	-9.92305311818525	-9.54712870337238	-9.630212567498	-9.85149129255332	-9.54182920498882	-9.5724480657737	-10.6246906202259	-10.2426048415635	-10.2263744719456	-10.2039965993993	-9.83971057126301	-9.9999568165303	-9.8779618850904	-10.0541177262461	-10.0541177262461	-10.0533438182764	-10.7094015299822	-10.7094015299822	-10.1979536769047	-9.91441932974638	-10.1648307417196	-10.1117902364039	-10.213657393469	-9.79262480949264	-10.5820662005625	-9.93698460867823	-9.64342106202748	-10.3750769685402	-9.73495087162463	-9.238961982377	-10.7661203138467	-10.213657393469	-9.62215214815206	-9.87584613495188	-9.77205480716955	-10.1983657848579	-10.1983657848579	-9.86499081814376	-9.74688457409491	-9.81113412104952	-9.8996037038117	-9.91226059237909	-9.87584613495188	-10.5685340514906	-9.46536732249671	-9.66150233683719	-9.72318724663334	-9.72318724663334	-9.87584613495188	-9.81473162285012	-10.5584997849599	-9.91213828646057	-10.2713176345904	-9.98577189534371	-10.7661203138467	-10.0248144804296	-9.67053650912551	-9.8779618850904	-10.0536050117954	-10.1288019305904	-9.8779618850904	-10.4067756798803	-9.9418998520177	-9.87573771853872	-9.66165373661684	-9.80909854547886	-9.87584613495188	-9.8779618850904	-9.83913652500672	-9.83913652500672	-10.3458367462116	-10.2162097018836	-10.7422043904468	-9.83534805571098	-9.66800063239368	-9.95984064368548	-9.95984064368548	-10.3067288878585	-9.51763910198861	-10.3458367462116	-9.52761022718332	-8.3817259895716	-10.0717499833828	-9.87584613495188	-9.87584613495188	-9.82302147506523	-9.81981098485583	-10.7904393901609	-9.3156397805765	-9.83189023232652	-9.72652775237305	-10.5134473701076	-10.342911335523	-9.71031185074271	-10.323745070485	-9.72871826518805	-10.0052245650804	-9.99109839740061	-9.99109839740061	-9.87362522530072	-9.86154073773101	-9.66800063239368	-9.69681658070312	-9.83754138982754	-9.5659612073671	-9.789127888124	-8.64068778013321	-10.7094015299822	-10.2426481811678	-9.67274905663916	-9.87584613495188	-10.5134473701076	-9.87584613495188	-10.2345634526809	-9.73321339739665	-10.2711165637999	-10.1187581712053	-10.23034462706	-10.3896444643005	-9.8779618850904	-9.84044458368628	-9.8779618850904	-10.3026889205123	-9.54085071313486	-10.7094015299822	-10.0488704100274	-10.2670128622309	-10.1759556294022	-9.59809720471692	-9.18615563794341	-9.8779618850904	-9.01513313922477	-10.3228343481331	-9.72097686755391	-10.3458367462116	-9.76689723512662	-9.00059916193092	-9.71394047547999	-8.1624195585877	-10.2189081779949	-11.4012080447866	-9.26220283451154	-9.8644604094183	-10.550293546263	-10.3345012653245	-10.3888056745939	-10.6092415268566	-9.86033140201338	-11.3514295129918	-10.6244137106887	-10.5195629433713	-10.8378740042621	-10.0747535219795	-10.1789676677931	-9.35340351243235	-12.1053590868738	-11.7149341549426	-9.14885340336405	-10.3130112255309	-10.6251024392719	-12.4840471585014	-10.1104795139163	-10.0471698964355	-9.25708678770579	-10.3065140528838	-11.8670906968697	-11.047585066804	-10.1792432611392	-10.2059579361026	-11.5100694117236	-10.2864250523983	-10.3494544470667	-9.81975571216056	-9.26560162154076	-10.6209822601071	-12.1121937753218	-9.80785892554845	-11.5100694117236	-11.0408204871934	-9.03380439066416	-10.0768856490351	-11.8758027674089	-10.6387827567996	-11.6363911188786	-10.2242029883291	-10.0820584236773	-13.0358017033549	-10.9345637418105	-11.1154696794806	-11.4990021482373	-12.4131262263724	-10.5901337000508	-10.2352907419474	-8.90355943121146	-11.1154696794806	-8.99273875310981	-10.6302180543135	-13.051958934074	-10.4768839224117	-10.7464761364213	-9.8541653042256	-11.3376231678717	-11.5023191127906	-10.4641915232132	-12.1344239765588	-12.2050436759105	-11.3733707951281	-10.0170180637541	-12.4054682249079	-11.6221566950221	-10.825910229873	-14.5949766672062	-10.4013875123223	-10.0092790134167	-11.6936597100756	-12.0635989113747	-11.3561861775081	-10.4465606722356	-10.8647842260436	-11.2085403399136	-13.0170276290799	-10.5007850719206	-10.7857911852584	-11.3024921735707	-10.1418360727985	-11.002584735241	-10.4318913681624	-12.4306087409226	-10.7725734976027	-10.5483706511962	-10.8505960837341	-10.5339787270158	-11.3745713387634	-12.3566279080735	-10.5829686248477	-10.9561048335493	-11.5618798180734	-12.6676251867215	-11.3779762670217	-10.4884036768365	-10.0819108369744	-11.5618798180734	-10.8431935714765	-13.2743056238024	-10.9561048335493	-11.2935604880956	-10.9036953812893	-11.9098630641808	-12.2956997512552	-10.7087524800449	-10.5272755515643	-10.8663667011474	-9.99131919625913	-10.4112581956237	-9.89225639648495	-10.3271431725789	-10.7412717531258	-11.8105008684389	-9.72980448189719	-9.32861594689873	-11.8822310306723	-9.72980448189719	-12.259009984775	-10.6941337564183	-12.9326701166271	-14.3219581727998	-11.8392559670106	-13.245252343492	-12.3504680066231	-12.9926423482606	-12.0026747037675	-11.9295698518512	-11.5456239077712	-10.7313210677409	-11.5716531733376	-10.5638505093621	-12.1527029370807	-12.1392882594236	-12.0313943527044	-12.8293159399808	-11.745881531015	-14.568239679715	-12.5219719946658	-11.3160383754572	-12.160447484272	-11.7631170736505	-12.1058015198319	-11.6069559126726	-12.605962826531	-13.1918320309349	-12.0539251303125	-11.5192428305692	-12.7452039796488	-11.3160383754572	-10.712523364361	-11.9481809702061	-13.7553329951956	-12.0128822252946	-12.0128822252946	-10.5868058011947	-13.073243511953	-13.4316028768101	-10.9688728530216	-11.9928116488582	-12.8548960239903	-12.8548960239903	-11.2239421329742	-11.5844030481663	-11.4324573613295	-11.484285169168	-14.2743056238024	-11.9324987071364	-11.8515360675791	-10.5649111533422	-14.5651593902199	-13.4553200023912	-11.9454431267014	-10.9876264369806	-10.9876264369806	-11.1233046704976	-9.84966310015253	-11.1867257700372	-11.9436192647978	-10.9148269591283	-10.9621558431885	-11.4636292396047	-11.3961640054305	-12.4282281500294	-10.8056926667127	-11.6289383626463	-14.6207642040761	-10.869569252864	-10.869569252864	-12.1340504793939	-12.1340504793939	-11.990189719585	-11.6695334640848	-12.0156460966176	-11.7219685853266	-11.1331612191681	-12.6708496922619	-10.778664382465	-11.0544870425936	-11.85001449574	-13.2181684803192	-11.2142508376703	-13.0552947146914	-10.1751735817545	-10.9804113632583	-11.990189719585	-11.9436192647978	-11.0081639138666	-14.6207642040761	-11.5372485707686	-11.4247566078791	-12.0789435474347	-12.1917402552392	-14.6207642040761	-9.90328425441204	-11.7571173011923	-12.6797638884726	-12.4046858845509	-11.1140264443857	-11.2079314966519	-11.1420733682465	-14.6171347806754	-13.6258899604662	-13.6258899604662	-11.0276097594635	-10.7849398899289	-13.3354805141473	-11.5296958210659	-11.3607309615113	-10.9498006098938	-13.16305414248	-11.5788715580075	-11.1240153107947	-11.0040580841176	-11.1501621023424	-12.6496435872296	-11.7154967354603	-10.5380581832178	-11.472340669559	-11.5559890560993	-10.6679499415228	-14.5651593902199	-11.6841429963689	-13.1369268260346	-10.9345660002968	-10.7044098209918	-12.6669121090112	-11.7005486743618	-11.891837553107	-13.0333810735238	-14.2791153751788	-14.1340919743042	-11.010837792417	-10.9436056286314	-11.4015420283459	-10.8087466252159	-10.9975790242376	-12.992407241496	-11.9893824861644	-12.2440091476885	-11.6926089530667	-11.0924637280957	-10.9711388999669	-12.836944987742	-13.6171347806754	-16.7402686556309	-11.2451571059275	-12.2547459557718	-14.6207642040761	-12.4106549046041	-13.5278683125454	-12.979497739962	-11.7381738793661	-11.6693868729912	-11.6408393142232	-12.2547459557718	-10.669689468403	-11.1987617362634	-11.5860198113112	-11.5860198113112	-14.568239679715	-13.5944341879396	-10.8403049444909	-11.8663667011474	-11.5370805302131	-11.5359938833478	-12.8075114436871	-11.2940500936031	-11.2940500936031	-10.6563325147922	-12.5388957181328	-10.9666288336112	-11.7119271021816	-11.1157487691287	-13.9538004608748	-10.8081320057363	-11.1402828821781	-11.1732109886428	-11.3251373984332	-10.7401995702579	-12.3242701798401	-11.2560943981787	-11.8880318747523	-11.5377974109639	-15.9475700856472	-11.2887283999924	-12.3242701798401	-11.2887283999924	-11.2887283999924	-11.7835560799615	-11.9246582350621	-11.8385331241202	-12.0207725401214	-12.0207725401214	-11.7512656907374	-12.254041205115	-11.8380303067331	-11.7651198777824	-12.1917402552392	-13.0155457599856	-11.8140780916476	-13.0155457599856	-13.0155457599856	-12.1399755694888	-11.1549929943773	-14.562364822681	-11.0221709921393	-12.1886125767992	-11.6669946578639	-11.2571672816478	-10.9666288336112	-14.6207642040761	-14.333251713778	-15.3875437663714	-14.3219581727998	-14.6207642040761	-11.2244500853092	-11.8663667011474	-10.6374697144743	-11.6632696569747	-10.0896796221866	-11.8005793243754	-14.2658701199163	-14.3626075849261	-10.4011518682329	-11.3347113677379	-11.2095838885798	-14.3626075849261	-14.2680540571945	-15.8126079496788	-13.6618257161338	-13.7353029453947	-13.7353029453947	-14.8367170478262	-12.7038438475971	-13.1489824510984	-14.7601120672438	-19.2977027488066	-14.9037572815041	-13.8698477902227	-11.7809264315352	-12.220066607898	-13.5621414909534	-13.5621414909534	-10.776250036315	-14.7045215018338	-13.6628580239832	-12.5523489649862	-12.5523489649862	-12.2043083281705	-13.0473115293694	-13.0473115293694	-19.2181354914883	-19.2977027488066	-23.2161328293032	-12.5771534778272	-14.1473273234021	-11.2230453712492	-12.0866222946626	-12.0866222946626	-18.3353731667727	-13.1152111216591	-12.2606115426177	-11.3987757316008	-12.2606115426177	-15.0156222063104	-12.3878838780626	-23.2161328293032	-13.8970521482837	-12.3054739441404	-15.290146563236	-10.922652117846	-12.5658588787383	-13.5904859504908	-14.9037572815041	-14.9037572815041	-11.5658588787383	-14.640551919634	-11.4074227994315	-11.4074227994315	-11.0940545388575	-14.9475700856472	-13.5231873703966	-14.640551919634	-15.3875437663714	-13.9037572815041	-15.9475700856472	-15.9475700856472	-12.5197679206124	-13.9254973726096	-14.9037572815041	-14.9037572815041	-14.1254660002092	-12.3279557563745	-12.2606115426177	-12.5052109543541	-19.2181354914883	-14.833007537952	-15.3875437663714	-11.4068367756126	-13.7831737313011	-13.0968774372523	-13.1152111216591	-15.3875437663714	-12.408250532636	-15.9475700856472	-10.6988003309	-15.2635759991137	-15.9475700856472	-14.333251713778	-15.9475700856472	-11.4387924814789	-11.7971955281576	-12.8086038114804	-14.8236079651578	-14.5316759602475	-14.1254660002092	-15.3875437663714	-14.285230836925	-12.699654086881	-13.3187947807829	-13.3187947807829	-15.9475700856472	-14.9037572815041	-14.9037572815041	-13.7553329951956	-12.3054739441404	-12.3054739441404	-15.2635759991137	-15.3875437663714	-11.3149296427074	-15.9475700856472	-11.5658588787383	-15.290146563236	-15.3875437663714	-14.1254660002092	-14.9037572815041	-15.3875437663714	-12.0157225482594	-13.2031379920414	-13.4627528402349	-14.9037572815041	-13.3187947807829	-14.1254660002092	-11.209130316576	-15.3875437663714	-10.8968079114213	-15.9475700856472	-14.0837943254711	-13.5618205121516	-14.7930168374294	-12.6602711682431	-19.2181354914883	-11.603684192298	-10.420423359516	-13.9037572815041	-12.7249771317507	-11.504456439168	-12.2821813609464	-11.4748280810759	-15.0741289274931	-14.9037572815041	-12.7154773324797	-13.9037572815041	-12.0010324781595	-15.9475700856472	-11.4170588750104	-12.5658588787383	-12.4842521097828	-12.5658588787383	-10.9808963780171	-12.7477256060348	-13.4904939096735	-13.4904939096735	-13.4904939096735	-13.9864296101404	-17.7028587365715	-17.7028587365715	-13.5709614025174	-10.8631454497598	-15.3875437663714	-15.5614996047471	-16.7402686556309	-13.8679487573819	-13.6181646089282	-12.4190355462154	-12.0670508689742	-14.9037572815041	-15.9475700856472	-14.2210854739832	-14.4976434597632	-13.7704917910031	-13.9782680590964	-13.522413213837	-13.7057544165273	-10.6933883504256	-13.1838209859867	-12.0964023594465	-11.0440428652292	-12.9037572815041	-11.3659843611508	-12.2606115426177	-11.3966492607108	-12.0964023594465	-14.9037572815041	-14.5476156820499	-10.4723931300046	-18.2902852772442	-9.44624186310432	-11.2603114688876	-12.4819794411408	-14.9037572815041	-13.9037572815041	-12.5658588787383	-14.9037572815041	-12.7154773324797	-12.7154773324797	-14.9037572815041	-12.7154773324797	-12.7154773324797	-14.6171347806754	-14.9037572815041	-14.9037572815041	-14.6171347806754	-14.562364822681	-15.8053209264494	-14.5588792084198	-12.7154773324797	-15.9475700856472	-12.1910656131757	-11.9553347727933	-11.5276843261762	-13.4904939096735	-12.2422861257589	-14.9037572815041	-14.9037572815041	-14.9037572815041	-14.9037572815041	-10.8068787452675	-12.0964023594465	-12.3187947807829	-12.244910637892	-12.9037572815041	-12.9037572815041	-12.1516787153447	-12.9037572815041	-12.8683542499343	-13.3187947807829	-11.0964099392471	-13.3187947807829	-12.1905854602302	-12.6743831168733	-11.3032909870689	-13.9037572815041	-13.9037572815041	-11.9694118449065	-11.9694118449065	-13.1746266672659	-13.9037572815041	-12.8476394503363	-13.4364559253871	-12.3054739441404	-12.3054739441404	-14.9037572815041	-13.9037572815041	-13.5396238073627	-12.3479151388568	-13.9037572815041	-13.9037572815041	-12.4720521712019	-13.9037572815041	-11.5948267512236	-12.0463887232362	-13.9037572815041	-13.0019267150505	-13.9037572815041	-13.9037572815041	-13.9037572815041	-12.133770419962	-13.9037572815041	-13.9037572815041	-12.9673587390575	-13.9037572815041	-14.5316759602475	-14.5316759602475	-13.7988926015114	-13.9037572815041	-13.9037572815041	-13.0204081578104	-13.9037572815041	-13.9037572815041	-14.9037572815041	-12.2606115426177	-14.9037572815041	-14.333251713778	-14.9037572815041	-14.9037572815041	-14.9037572815041	-14.9037572815041	-14.9037572815041	-14.5476156820499	-13.9037572815041	-14.9037572815041	-14.9037572815041	-14.9037572815041	-13.0305782216885	-14.9037572815041	-12.8520180201129	-14.9037572815041	-14.1254660002092	-19.3740536349368	-19.3740536349368	-14.9037572815041	-14.9037572815041	-18.2181354914883	-14.9037572815041	-14.833007537952	-14.9037572815041	-14.9037572815041	-14.9037572815041	-12.4584989607097	-14.9037572815041	-12.7167429532861	-14.9037572815041	-14.9037572815041	-13.522413213837	-14.9037572815041	-14.9037572815041	-12.0446228784125	-14.9037572815041	-14.9037572815041	-14.9037572815041	-14.9037572815041	-14.9037572815041	-13.2181684803192	-14.9037572815041	-14.9037572815041	-14.9037572815041	-14.9037572815041	-14.9037572815041	-14.9037572815041	-14.9037572815041	-12.2490501590177	-13.4498091316765	-14.9037572815041	-14.9037572815041	-13.9037572815041	-14.9037572815041	-14.9037572815041	-14.9037572815041	-14.9037572815041	-14.5316759602475	-14.9037572815041	-14.9037572815041	-14.9037572815041	-12.3054739441404	-14.9037572815041	-14.9037572815041	-14.9037572815041	-16.7402686556309	-13.0305782216885	-11.8937551409689	-13.9037572815041	-14.9037572815041	-11.5558848266757	-14.833007537952	-14.1254660002092	-13.3187947807829	-14.9037572815041	-14.9037572815041	-14.9037572815041	-14.9037572815041	-14.9037572815041	-14.9037572815041	-14.9037572815041	-14.9037572815041	-11.9267502559197	-14.9037572815041	-14.9037572815041	-14.9037572815041	-14.9037572815041	-14.833007537952	-14.9037572815041	-13.476523815325	-13.0305782216885	-13.0305782216885	-14.9037572815041	-14.9037572815041	-14.9037572815041	-12.3054739441404	-19.3740536349368	-14.9037572815041	-12.5695718405647	-14.9037572815041	-14.9037572815041	-14.9037572815041	-14.9037572815041	-14.9037572815041	-14.9037572815041	-14.9037572815041	-14.5316759602475	-11.6290406962182	-13.8970521482837	-14.9037572815041	-14.9037572815041	-13.7661605064958	-12.4880920603023	-14.9037572815041	-19.3740536349368	-13.4662616365867	-14.9037572815041	-10.9919253923739	-14.4405938912408	-12.1261415967089	-14.9037572815041	-14.9037572815041	-14.9037572815041	-14.333251713778	-14.9037572815041	-14.9037572815041	-14.9037572815041	-14.9037572815041	-12.7154773324797	-14.9037572815041	-14.9037572815041	-14.9037572815041	-14.833007537952	-14.9037572815041	-13.9864296101404	-12.5550755677405	-14.9037572815041	-14.9037572815041	-14.9037572815041	-12.2606115426177	-14.9037572815041	-13.9037572815041	-11.3990873375523	-14.9037572815041	-14.9037572815041	-14.9037572815041	-14.9037572815041	-12.6012944178187	-14.1254660002092	-14.9037572815041	-14.9037572815041	-14.9037572815041	-14.9037572815041	-12.2402636426905	-12.1833861749246	-12.3054739441404	-11.9382973266345	-13.0305782216885	-14.9037572815041	-10.9531780414231	-12.4880920603023	-21.2327013509278	-14.833007537952	-14.9037572815041	-16.6687969004979	-12.5052109543541	-14.9037572815041	-14.9037572815041	-13.3243352771311	-14.9037572815041	-14.9037572815041	-14.9037572815041	-14.2210854739832	-14.9037572815041	-14.9037572815041	-14.9037572815041	-14.9037572815041	-14.9037572815041	-14.9037572815041	-14.9037572815041	-14.9037572815041	-14.9037572815041	-14.9037572815041	-14.9037572815041	-14.9037572815041	-14.5316759602475	-14.9037572815041	-14.9037572815041	-12.2268155220845	-13.5904859504908	-14.9037572815041	-14.9037572815041	-14.9037572815041	-14.833007537952	-14.9037572815041	-13.0305782216885	-12.3054739441404	-14.9037572815041	-14.9037572815041	-14.9037572815041	-14.9037572815041	-14.833007537952	-12.1337444912829	-11.8874065846757	-13.1118055586049	-14.9037572815041	-14.9037572815041	-14.9037572815041	-14.9037572815041	-14.9037572815041	-14.9037572815041	-14.9037572815041	-14.9037572815041	-13.2901118868178	-13.2372965104447	-14.9037572815041	-14.9037572815041	-14.9037572815041	-14.9037572815041	-14.9037572815041	-12.3054739441404	-14.5316759602475	-14.9037572815041	-13.3234005251066	-12.2606115426177	-11.7743752254903	-14.9037572815041	-14.9037572815041	-14.9037572815041	-12.5517322050421	-19.2181354914883	-19.2181354914883	-19.2181354914883	-19.2181354914883	-19.2181354914883	-14.833007537952	-16.4412611758855	-19.2181354914883	-19.2181354914883	-11.2586339048123	-11.925430044103	-19.2181354914883	-19.2181354914883	-19.2181354914883	-13.3356355855689	-15.8053209264494	-12.4707611922986	-19.2181354914883	-19.2181354914883	-19.2181354914883	-19.2181354914883	-19.2181354914883	-19.2181354914883	-11.3288192574023	-12.7634460009169	-19.2181354914883	-13.9329137335733	-13.5703436541886	-19.6477388502066	-21.9967639438519	-12.7259305612242	-13.9329137335733	-23.5817264445731	-14.6207642040761	-16.5247505308812	-15.6687969004979	-15.9475700856472	-12.4880920603023	-12.4880920603023	-16.7402686556309	-21.2327013509278	-12.3073911315996	-21.4436916310881	-14.4457348119103	-12.291424392391	-21.2327013509278	-12.3066426577328	-21.2327013509278	-21.2327013509278	-15.9475700856472	-16.7402686556309	-21.2327013509278	-14.319007030256	-15.7040902304926	-16.3051585537257	-9.88220925055996	-12.2865677328886	-10.7990118415116	-11.2758985092093	-11.6881431865462	-10.9834033309715	-11.9553347727933	-12.512285673268	-13.07284574931	-12.512285673268	-12.1591538359068	-12.512285673268	-12.512285673268	-12.512285673268	-13.5344116540301	-13.4904939096735	-12.6180702983019	-13.07284574931	-24.0605203755451	-24.0605203755451	-11.9553347727933	-12.332257611705	-13.07284574931	-13.6409940888724	-15.0741289274931	-12.512285673268	-12.512285673268	-12.512285673268	-12.512285673268	-12.512285673268	-12.1096059350548	-11.6821129257773	-11.765509523404	-13.1979889183765	-15.0838343997767	-15.6687969004979	-12.4070153779742	-15.6687969004979	-15.6687969004979	-14.2635759991137	-14.2635759991137	-15.6687969004979	-15.6687969004979	-10.9531780414231	-10.9531780414231	-12.0823023500531	-16.6687969004979	-16.6687969004979	-16.6687969004979	-14.6207642040761	-16.6687969004979	-12.4129311336373	-13.2320020883228	-10.7500071908773	-13.4904939096735	-13.4904939096735	-13.4904939096735	-15.0741289274931	-16.1427280888303	-16.7402686556309	-16.7402686556309	-11.7339855682156	-12.562364822681	-12.562364822681	-12.562364822681	-12.562364822681	-14.1473273234021	-14.1473273234021	-14.1473273234021	-14.1473273234021	-14.1473273234021	-14.1070634531884	-14.1473273234021	-14.1473273234021	-14.1473273234021	-13.5344116540301	-13.5344116540301	-12.254041205115	-14.1473273234021	-12.2666091035819	-14.640551919634	-15.3875437663714	-12.5653622069775	-14.6171347806754	-15.3875437663714	-15.3875437663714	-15.3875437663714	-15.3875437663714	-15.3875437663714	-14.9037572815041	-14.9037572815041	-15.9475700856472	-22.0605203755451	-12.4904939096735	-13.1473796717771	-13.07284574931	-13.4904939096735	-24.0605203755451	-13.4904939096735	-15.3875437663714	-13.4904939096735	-13.4904939096735	-13.4904939096735	-13.4904939096735	-12.0413311094334	-12.5658588787383	-12.5658588787383	-12.332257611705	-12.5380032798787	-12.5658588787383	-18.2465638998148	-12.254041205115	-11.5658588787383	-12.5658588787383	-12.5658588787383	-13.4904939096735	-15.0741289274931	-15.0741289274931	-15.0741289274931	-19.3740536349368	-14.6171347806754	-14.6207642040761	-23.2161328293032	-19.3740536349368	-14.6171347806754	-14.9037572815041	-15.9475700856472	-15.9475700856472	-21.7385922806577	-22.0605203755451	-15.9475700856472	-24.0605203755451	-15.3875437663714	-14.6207642040761	-15.9475700856472	-15.9475700856472	-15.9475700856472	-16.7402686556309	-13.9037572815041	-14.9037572815041	-14.9037572815041	-23.2161328293032	-19.2902852772442	-14.568239679715	-19.2181354914883	-14.1473273234021	-14.1473273234021	-15.9475700856472	-14.6171347806754	-12.5658588787383	-14.6171347806754	-14.6171347806754	-19.3740536349368	-19.3740536349368	-14.6207642040761	-14.6207642040761	-16.7402686556309	-12.5658588787383	-12.5658588787383	-24.0605203755451	-18.2465638998148	-14.9037572815041
Plate4_1060R_L_M_S5_week5_S12_L001	-6.43697638568652	-6.24955154749884	-6.44560512141635	-6.78251020297649	-6.65740212624031	-7.1061988929713	-7.72207905288501	-7.11050463128321	-6.51542439259215	-7.63680737617264	-7.26520739951539	-8.28479083807806	-8.49995870750146	-8.12107489894066	-8.63369069585176	-7.90808475631915	-7.50259941453942	-7.54697050348109	-8.0757845470184	-8.1726464967155	-9.43568940302291	-9.20732736473687	-8.61089884822164	-7.9590852411103	-8.8055148270066	-8.52856034817583	-8.36930195494665	-8.92682423619564	-8.92682423619564	-8.04721133867039	-9.7960963112868	-9.26471227343734	-9.63083573229559	-9.7960963112868	-8.43116769230163	-8.96825814893457	-9.25954307039987	-9.04887805146742	-9.25369203426464	-8.86073048241535	-9.29950923495454	-9.43936280370964	-8.9023300435523	-9.02114785140031	-9.00128258582791	-9.50587822026519	-9.86498291287082	-9.86498291287082	-8.88484702231005	-9.12545064510183	-9.82390778549278	-9.33744248647239	-9.07950848532882	-8.63340469514887	-8.57804597204681	-8.97856677346669	-8.72565080802586	-8.88603839078172	-8.69473731319586	-8.99670338807665	-8.94075201172707	-9.18584203192696	-8.74692934003184	-8.74692934003184	-9.38201974148436	-8.68175533727824	-8.65631393243195	-10.8746231078347	-9.35310601289251	-8.75592950210432	-8.99426545287626	-9.29510829813922	-8.95735914169521	-9.35883382431363	-8.6709627764963	-8.81637940800822	-9.15199256124776	-10.7572722881925	-8.31306542131435	-8.97962140069447	-9.29066160951051	-9.72391333013917	-9.2680872214778	-9.2680872214778	-9.24632466689809	-8.95034951397479	-8.38755719001866	-9.6696584564781	-9.29453659193951	-8.88603839078172	-8.74201407590501	-9.0042553375996	-9.11705488854805	-8.16860210680374	-8.28001689013844	-9.65087790380998	-9.29323271611338	-8.90226920276326	-8.54514324043342	-9.33141432118159	-8.87491801609395	-8.88582933894098	-8.9872822854606	-8.57001471524541	-9.17000324582725	-8.97155724401975	-9.65218510056383	-9.84856663298303	-9.79629107661194	-10.0406916354018	-10.8649829128708	-10.5027110616222	-21.3356558750622	-10.8619337239787	-10.7563290490945	-8.61438447819928	-9.84486983095174	-9.14745322839301	-9.3510540605377	-10.512430227593	-10.512430227593	-9.97690571144828	-10.0122240214731	-10.0122240214731	-9.67409477579875	-9.72221941397097	-9.69648751424984	-8.96946618403084	-9.49042750744525	-10.7511294452528	-9.65277478983288	-9.40455160172214	-10.8047382478831	-9.36995155723754	-9.60443386320002	-9.83113157954106	-9.88484702231005	-9.88484702231005	-9.88484702231005	-10.0673948209308	-10.7572722881925	-9.88484702231005	-9.92418158200159	-8.85946918123055	-8.85946918123055	-9.92851692555845	-9.3310218243608	-9.33184911172552	-9.80287256321875	-10.0118015340651	-9.50657860323189	-9.89603969488921	-10.6019242444675	-9.92418158200159	-9.89018338941853	-9.01797694603585	-10.6019242444675	-9.98308357851401	-9.73870545886611	-9.83702543191994	-9.44523888128142	-10.7940830389818	-9.46356752122354	-9.29323271611338	-9.80912501184581	-9.87374051631516	-9.40640515535164	-9.33992217369754	-9.64454401644	-9.98308357851401	-10.301813272893	-9.51040787586737	-10.0406916354018	-9.88484702231005	-8.94926876467176	-9.80961413319709	-9.80961413319709	-10.1052748335548	-9.45785814919726	-9.61057303999991	-8.9531859708068	-9.53549668217267	-9.53777255428239	-9.85638551292356	-9.88507081259843	-9.4694236258525	-8.90769350091236	-9.88484702231005	-9.74706997614789	-9.89018338941853	-10.7441831941306	-9.91435992408521	-10.1352215969982	-9.49224067344734	-9.83702543191994	-9.11475887041463	-9.28813915306694	-9.88484702231005	-9.42864467813238	-9.36809430572898	-10.1489854795417	-9.30715240583016	-10.6319161073529	-10.6817765340667	-9.93928098082062	-9.30377563678131	-9.41477703250847	-9.88681232487724	-9.56232343344951	-9.88484702231005	-9.87466683791795	-9.88484702231005	-9.9278165574821	-9.83702543191994	-9.45186883515832	-10.1464904217513	-10.1464904217513	-10.4185594669446	-9.85038663187116	-9.82924063391361	-9.90297173878142	-9.7351871145208	-9.91838436050079	-9.91838436050079	-10.0878242653593	-9.88484702231005	-9.73870545886611	-9.88484702231005	-9.79433119073405	-9.79775265526036	-9.13911195432671	-9.97963474730361	-9.9599818239919	-9.73840539358587	-10.1052748335548	-10.1052748335548	-10.1052748335548	-10.8649829128708	-10.2161081839453	-9.75747386842906	-10.1052748335548	-9.66832919206888	-9.7024424870149	-9.91838436050079	-9.88681232487724	-10.5762635207934	-9.70795667076446	-10.7572722881925	-10.4898000902833	-9.99433222594363	-10.0839589185018	-9.88484702231005	-10.1052748335548	-9.97604831877263	-9.55651374068418	-10.1476095934483	-8.76725101227045	-9.88681232487724	-9.61169054393058	-10.0676325873521	-10.1285922261711	-10.5848464034825	-9.7349060172926	-9.2372301635353	-9.68967718711623	-10.1052748335548	-9.84655650277245	-9.82478095390966	-8.95873722502387	-9.88681232487724	-8.78402530712087	-9.49965108772621	-10.2341410990187	-9.49555301979599	-10.1052748335548	-9.55966361195941	-9.55966361195941	-10.8649829128708	-9.88821349240716	-9.62674622934553	-9.84516161384565	-9.69266622887313	-10.0629601008507	-10.1034731553251	-9.83763929790867	-9.83763929790867	-9.87374051631516	-9.49555301979599	-9.94618722613644	-10.6039214014154	-9.96035553857466	-9.85399275316734	-9.76874934384011	-9.79307968926932	-9.88681232487724	-9.71684865328643	-10.7563290490945	-10.0521611245474	-10.0521611245474	-10.6286235891601	-14.2913879680129	-9.25755977743163	-9.86498291287082	-8.85093645117839	-9.74188201662848	-10.2861248301515	-9.99730933409001	-10.2733012071332	-9.79676130817077	-9.39978225620035	-9.64339373464029	-9.81012263371022	-10.3054745840268	-9.37903911291602	-9.88681232487724	-10.3819685018842	-9.88836263289951	-9.89603969488921	-10.8649829128708	-10.8649829128708	-9.71703936543758	-10.7572722881925	-10.4437301364167	-9.60026010196004	-9.73853874822771	-10.8649829128708	-9.88484702231005	-9.49298798742379	-9.88681232487724	-10.5252196730268	-10.8649829128708	-9.21119947562993	-9.93681099687413	-9.88681232487724	-9.88484702231005	-9.88484702231005	-10.6854892213939	-9.88484702231005	-10.6913582814736	-10.162643821517	-9.11563507530222	-9.59310332904702	-9.29967266702808	-9.88681232487724	-9.94618722613644	-10.7572722881925	-10.1488468313635	-10.8649829128708	-9.74174727472433	-10.0629803013164	-9.80910468244623	-10.1608815176333	-9.81110511223611	-9.9891216697886	-9.84222216867098	-9.81030912881433	-10.0597115088984	-9.97848103947825	-9.69209541810153	-9.88681232487724	-9.85591644321901	-8.59517934736964	-9.72987699121384	-10.5253384190096	-9.26739810006993	-10.5253384190096	-9.88681232487724	-9.65140023540759	-9.60444366347827	-9.51344016723529	-10.5397718113524	-10.7457582655317	-10.1052748335548	-10.6570476045416	-10.5070741120724	-10.0336515422399	-10.7572722881925	-10.4812265292514	-9.72975512436433	-9.7612142011034	-9.0973904296224	-10.0406916354018	-9.08455822385306	-9.82964153653617	-9.7234492206302	-9.66954054622184	-10.0187420819351	-10.1587126010829	-9.73442441692014	-9.85644036436554	-9.86877758770279	-9.81502812207916	-9.85189128648735	-9.82990390169865	-10.6054446224444	-10.1488468313635	-9.48427107635576	-10.1052748335548	-9.47054679323751	-10.1488468313635	-9.90061964866507	-9.88681232487724	-9.70230928090727	-10.2384311426166	-9.94618722613644	-9.64270621954295	-9.74661566270524	-9.83383247722947	-9.71892453334077	-9.7509764799994	-10.6708473250774	-10.0276229985396	-10.0676325873521	-9.99620441346954	-9.81930415015436	-9.98154776679201	-9.88681232487724	-10.3255655155839	-10.3255655155839	-10.2991697362354	-10.7572722881925	-10.7572722881925	-10.5848464034825	-9.9248618307648	-9.71247661117718	-9.66302638949449	-10.0521611245474	-9.81001639879284	-10.6913582814736	-9.85636450654061	-9.73424533262453	-10.0916107030542	-9.54938907742154	-9.57055834834761	-10.8431550626401	-10.0521611245474	-9.75396603646976	-9.88484702231005	-9.53096871948542	-10.0479754817158	-10.0479754817158	-9.87569073700914	-9.83979854079518	-9.8235096135448	-9.90748068317878	-9.92183009992974	-9.88484702231005	-10.24856669141	-9.18036144723492	-9.76574656342109	-9.74372115379043	-9.74372115379043	-9.88484702231005	-9.78206648420329	-10.6100357648181	-9.92140885139008	-10.0225332658489	-10.3126218440395	-10.8431550626401	-10.3078248791886	-9.68450058501548	-9.88681232487724	-9.93976683017901	-10.4245407037402	-9.88681232487724	-10.1118756917851	-9.90793174891271	-9.88344911895407	-9.46699101315154	-9.86967599252804	-9.88484702231005	-9.88681232487724	-9.58027966730669	-9.58027966730669	-10.1052748335548	-10.5165516900609	-10.8216525496702	-9.77303888566849	-9.79858434389603	-10.0019788860744	-10.0019788860744	-10.5712573326919	-9.71918237146837	-10.1052748335548	-9.68560429542435	-8.24480467489566	-9.8682385778947	-9.88484702231005	-9.88484702231005	-9.83702543191994	-9.83366244591279	-10.8649829128708	-9.57263235152321	-9.84312037176892	-9.52134168484001	-10.6319161073529	-10.1029884722915	-9.83516584962974	-10.1695174408454	-9.75728427325685	-9.95388565603067	-9.96196185741775	-9.96196185741775	-9.88148838944942	-9.87018608326698	-9.79906990403605	-9.78143370741372	-9.85203322826279	-9.74010443598508	-9.32098947801961	-8.70759134955326	-10.7572722881925	-10.0767281418021	-9.73669653442688	-9.88484702231005	-10.6319161073529	-9.88484702231005	-9.70340571284432	-9.8007341589197	-9.80440949624333	-9.97604831877263	-10.5715638435842	-10.1763380126641	-9.88681232487724	-9.84918891416342	-9.88681232487724	-10.0693900313235	-9.42060452491255	-10.7572722881925	-9.98743755470451	-10.5848464034825	-10.4076333465093	-9.7811999494237	-9.51211120419736	-9.88681232487724	-8.62588157356545	-10.0878242653593	-9.7379742262481	-10.1052748335548	-9.81753541553163	-9.37001153527453	-9.61860084696006	-8.74728853024099	-10.4560903105855	-10.7819556451021	-9.63141875475288	-10.3663989780064	-10.5434028350889	-10.4504033482797	-10.769993097686	-10.9861869300924	-9.84839253518737	-11.7050419420256	-10.4175931255969	-10.4302098080553	-11.4660602510319	-11.0407486571653	-11.1399554919906	-10.3841170861349	-12.4043587845133	-11.7161728876292	-9.47080583506432	-11.1178744324065	-10.2088873294262	-12.4973034899512	-10.3913901594823	-10.8448397297256	-10.0084014437532	-9.78107699241271	-11.8469807979102	-11.0113817691279	-11.1760699880277	-11.2271163284209	-12.1974225085606	-10.4069768136448	-11.3556515574545	-10.2419531865977	-9.35555258545508	-10.0730442499624	-12.4203146608104	-10.2025284973738	-12.1974225085606	-10.9995590916287	-9.31943061972837	-9.60081525458255	-12.2403197650586	-10.5171917749437	-11.6979768302348	-10.2476908924302	-11.1726570314979	-13.1857797104439	-10.8043149377271	-10.8337750319756	-11.9990075957961	-12.4513408063406	-10.6627916600644	-10.5357125208338	-9.21566873218424	-10.8337750319756	-9.89312173895625	-10.5800686208123	-12.9221452009806	-10.5753565521177	-11.6923912115492	-10.3510877699314	-11.1445966605306	-12.2422642338393	-10.1711074289947	-12.35377554441	-11.2848866432696	-11.1629396726678	-10.9507624793184	-12.3554569189758	-11.272111334934	-11.8487860261229	-14.6569073447399	-10.4261784677041	-10.8889497996905	-12.2664557473489	-11.4783248825031	-10.9823103743923	-10.6267372716812	-11.1572555272037	-11.8279115797686	-13.1665525033874	-10.5179668975339	-11.5851132673445	-11.7036009546239	-10.0295955015347	-11.3899586233751	-10.6056682419612	-12.7805265836328	-11.7553777213251	-10.5899408008822	-11.7150635390599	-10.1545265769269	-12.0695131326139	-12.6288229219578	-10.6237425596548	-11.6305463052444	-12.0590210332813	-12.668974711096	-10.8782607775994	-10.5862083126546	-9.92531469210308	-12.0590210332813	-10.906756612521	-13.3345110028419	-11.6305463052444	-11.8894225709916	-11.1988304777532	-12.7194678509651	-12.5592874297037	-10.3003805575016	-11.460788077665	-12.0180343824244	-10.950052476262	-10.7954249083023	-11.0083340163421	-10.5681327242953	-10.6759647831616	-12.4483895220192	-10.4068964772759	-9.68706892160281	-12.6609213131641	-10.4068964772759	-11.2111524651095	-11.7210395300262	-11.4612530172316	-14.4099250030471	-11.6989182436198	-13.3447560228236	-11.3479225246924	-12.9621627730854	-12.6524829547081	-11.2730612848016	-11.9999199974017	-10.7605621093717	-12.3509052553104	-10.7062550832829	-12.0836132523548	-12.9708893669344	-12.7531683603459	-12.6878983600811	-12.7636887125521	-14.7402497921613	-12.3382482026367	-11.3166976324036	-13.1144873898092	-11.1618893150058	-13.0521664711396	-11.1381922935794	-12.9922316397582	-13.1459796600066	-11.628994370194	-10.5127189724018	-12.6268467580597	-11.3166976324036	-10.6369111142736	-12.6366745822437	-13.6608316300827	-11.1881777282799	-11.1881777282799	-11.8949497140892	-13.0537499340371	-13.3236539766646	-11.7177409792878	-12.4719345495909	-13.2944962726691	-13.2944962726691	-11.0642332829092	-11.3212487804392	-11.3960970184831	-12.2866310957648	-14.3458173049319	-11.2216972145505	-11.2158191937821	-10.7254962571013	-14.7187038689892	-13.701276564327	-13.1406261296549	-11.7373368507837	-11.7373368507837	-12.265829404009	-9.32536681717317	-10.5508755985359	-11.4124279027736	-10.8511585306407	-10.8990140488355	-11.1176142537143	-12.0118028338366	-11.4116491385257	-11.1981825229382	-12.4507768487894	-14.7758306318685	-12.0811563553354	-12.0811563553354	-11.2327346177256	-11.2327346177256	-11.1554595843932	-12.6203160188069	-11.2963283791251	-12.0855325408417	-11.0927623228361	-13.071229527899	-11.6466303597293	-10.8767118125206	-11.1586910147204	-13.0394867489428	-11.6450650674682	-12.9149322468482	-10.1224870968294	-10.9218765058405	-11.1554595843932	-11.4124279027736	-10.9404656027225	-14.7758306318685	-12.2266425869851	-11.1231496614085	-12.9406437510995	-13.1406261296549	-14.7758306318685	-10.3569536713294	-11.3675511516302	-12.572033314627	-12.6573057995392	-10.9619141440582	-11.047615677813	-10.0038325917919	-21.3356558750622	-13.7469498936857	-13.7469498936857	-12.0615965501938	-10.1736483717188	-13.2829560618316	-12.2984481702478	-12.7943759073001	-9.43665747682485	-13.2673678421472	-12.3696050662832	-11.0828593590244	-10.9387965306585	-10.9948780832413	-12.5654020860677	-11.2174790551804	-10.7350819648709	-11.0447324937511	-12.6534803018663	-11.4113782134209	-14.6896023324362	-12.1817674788727	-13.0869175448293	-10.8738905305986	-10.8880166505617	-12.8226440543123	-12.5873158112977	-13.0378765034736	-14.7606188962647	-14.3822390003272	-14.318680360891	-10.8458264508155	-10.8864786303203	-12.9137756843261	-11.5912648000788	-10.9341210591492	-13.4657183801676	-11.4807191291397	-11.4807191291397	-12.5667763068499	-11.0626517421894	-10.9089771187748	-12.7508929526293	-18.3905178161971	-16.6222038753969	-11.108365095502	-13.281350781882	-14.7758306318685	-13.5520262260388	-13.4678991961818	-12.9526001440621	-12.7493144355941	-12.1584377588578	-12.4485161834706	-13.281350781882	-10.7516437878071	-11.051394093922	-12.2846133796944	-12.2846133796944	-14.7107148291538	-11.7108498687047	-10.8884628639726	-13.0135195540013	-11.2210118630024	-12.9399411824337	-13.9742894690478	-11.1562897504773	-11.1562897504773	-10.7809651217149	-13.8329595561261	-10.9049884586221	-12.7065769366389	-10.9041196690415	-14.0609078615656	-10.3029006716023	-10.9859136998907	-12.0589780573977	-12.4033763289244	-10.8620227627395	-11.3837284900172	-11.1198903084321	-12.5239938210918	-12.3071308727172	-16.0223329300005	-11.1533618823537	-11.3837284900172	-11.1533618823537	-11.1533618823537	-12.8445711619705	-13.1485267050317	-12.9640225706565	-12.8607088274063	-12.8607088274063	-12.4599969601222	-13.9137756843261	-12.3702648033688	-11.0409741141152	-13.1455574907276	-12.8635771397941	-11.324719218022	-12.8635771397941	-12.8635771397941	-12.6899600065188	-11.0046510468231	-14.6793590070975	-10.3363718818379	-13.1634651384063	-12.6408174919131	-11.0864876681005	-10.9049884586221	-14.7758306318685	-14.109149125094	-15.4165448348314	-14.3981070621691	-14.7758306318685	-12.2153611207416	-13.0135195540013	-11.5831535483477	-12.5068927415864	-10.3929483785919	-12.747417297904	-14.4489807039555	-14.4373704292794	-11.4940098219261	-11.179645803671	-12.7908297188268	-14.4373704292794	-14.3897593012759	-15.8281907970404	-13.765204162461	-13.5807837982554	-13.5807837982554	-14.4810969633209	-13.6268945365379	-13.6268945365379	-14.817100384553	-18.8177546845147	-14.5543264514848	-13.5172471270341	-11.683684486115	-11.2731111355087	-14.5850320426825	-14.5850320426825	-10.3106905904184	-14.3269620225622	-14.4857109152945	-13.8663759553389	-13.8663759553389	-11.3478076749374	-13.5153147516221	-13.5153147516221	-18.629843937599	-18.8177546845147	-23.2161328293032	-13.2278076061295	-15.1762273008	-11.1652999943735	-12.7161601803357	-12.7161601803357	-17.8653609920728	-13.3784934992828	-11.3937475974815	-11.1537720000328	-11.3937475974815	-15.2038048536087	-12.2312235727499	-23.2161328293032	-13.7496352030649	-13.1987890472758	-15.2913122393025	-11.8914873879942	-13.9137756843261	-13.3146342484352	-14.5543264514848	-14.5543264514848	-12.9137756843261	-14.6878734388359	-10.4338518505132	-10.4338518505132	-10.3953253219894	-15.0223329300005	-11.6347476902864	-14.6878734388359	-15.4165448348314	-13.5543264514848	-16.0223329300005	-16.0223329300005	-12.5543264514848	-13.7694348140396	-14.5543264514848	-14.5543264514848	-13.9219595517223	-11.46822374956	-11.3937475974815	-11.4099250030471	-18.629843937599	-14.4711980593142	-15.4165448348314	-10.4171971298771	-14.5252103964085	-13.0431270123126	-13.3784934992828	-15.4165448348314	-13.5925550234568	-16.0223329300005	-11.4076179556007	-15.3956085120969	-16.0223329300005	-14.109149125094	-16.0223329300005	-11.0278713854722	-11.4084869439155	-11.5830724339412	-14.910166179496	-14.2953060362719	-13.9219595517223	-15.4165448348314	-14.0476290022834	-11.4923113977483	-12.9693639507636	-12.9693639507636	-16.0223329300005	-14.5543264514848	-14.5543264514848	-13.6608316300827	-13.1987890472758	-13.1987890472758	-15.3956085120969	-15.4165448348314	-10.9767281030766	-16.0223329300005	-12.9137756843261	-15.2696164147036	-15.3928975957427	-13.9219595517223	-14.5543264514848	-15.4165448348314	-11.2688364711902	-12.9834263666063	-13.2037692190441	-14.5543264514848	-12.9693639507636	-13.9219595517223	-10.0298100094034	-15.4165448348314	-9.84966857889765	-16.0223329300005	-13.8677868121592	-13.7643630225824	-15.1878810620856	-12.5897584094301	-18.629843937599	-12.2314778262762	-10.7858378666802	-13.547783468558	-11.5516180166735	-11.3302906378265	-13.1834822942077	-12.6938585767926	-11.9654869624718	-14.5543264514848	-11.5010133156858	-13.5543264514848	-13.2832698016806	-16.0223329300005	-12.5029046950448	-13.9053868287628	-13.7423704267566	-13.9137756843261	-12.328813183605	-12.5355331202005	-14.218801719303	-14.218801719303	-14.218801719303	-11.7436477591327	-18.6670901951934	-18.6670901951934	-13.5414201204528	-10.9556872993243	-15.4165448348314	-15.712471330006	-16.6222038753969	-13.5121636037747	-13.5099589510898	-13.6516807123746	-13.4050414391807	-14.5543264514848	-16.0223329300005	-13.9621426802595	-14.2003168430445	-13.6276751424172	-13.7852378705824	-13.2228401911295	-13.4190109925765	-10.2143541708598	-12.8777584844005	-11.7469715294272	-9.96014860410959	-12.5543264514848	-10.4791368992586	-11.3937475974815	-11.2082363324009	-11.7450990758074	-14.5543264514848	-14.2457207578838	-9.5470919952157	-18.4056287806558	-9.53977181135236	-11.2162115157211	-13.0010497003256	-14.5543264514848	-13.5543264514848	-13.9137756843261	-14.5543264514848	-11.5025941634579	-11.5025941634579	-14.5543264514848	-11.5025941634579	-11.5025941634579	-19.3905178161971	-14.5543264514848	-14.5543264514848	-19.3905178161971	-14.6793590070975	-15.8031402273496	-18.629843937599	-11.5025941634579	-16.0223329300005	-13.7083873843166	-13.0582422940011	-12.52483938058	-14.218801719303	-12.7372465876479	-14.5543264514848	-14.5543264514848	-14.5543264514848	-14.5543264514848	-11.2154958330091	-11.7469715294272	-11.9693639507636	-11.9972926060497	-12.5543264514848	-12.5543264514848	-11.9073150456471	-12.5543264514848	-12.7687054145486	-12.9693639507636	-10.9533438540597	-12.9693639507636	-11.1908651880761	-12.6865034328813	-10.3453504411609	-13.5543264514848	-13.5543264514848	-12.5650282191919	-12.5650282191919	-13.0257726139302	-13.5543264514848	-11.5407823258849	-13.1758194882794	-13.1987890472758	-13.1987890472758	-14.5543264514848	-13.5543264514848	-13.2649244771827	-12.5118547495084	-13.5543264514848	-13.5543264514848	-12.374697521399	-13.5543264514848	-11.0672502889052	-11.2408071599783	-13.5543264514848	-12.8478251222139	-13.5543264514848	-13.5543264514848	-13.5543264514848	-12.8905980072629	-13.5543264514848	-13.5543264514848	-10.7375625333335	-13.5543264514848	-14.2735505193568	-14.2735505193568	-13.4313636916662	-13.5543264514848	-13.5543264514848	-13.148435253411	-13.5543264514848	-13.5543264514848	-14.5543264514848	-11.3937475974815	-14.5543264514848	-14.109149125094	-14.5543264514848	-14.5543264514848	-14.5543264514848	-14.5412700257741	-14.5543264514848	-14.2457207578838	-13.547783468558	-14.5543264514848	-14.5543264514848	-14.5543264514848	-13.3768319483448	-14.5543264514848	-11.6122057733417	-14.5543264514848	-13.9219595517223	-19.2127651291139	-19.2127651291139	-14.5543264514848	-14.5543264514848	-17.629843937599	-14.5543264514848	-14.4711980593142	-14.5543264514848	-14.5543264514848	-14.5543264514848	-10.7155545957949	-14.5543264514848	-11.4834201181431	-14.5543264514848	-14.5543264514848	-13.2333012889982	-14.5543264514848	-14.5543264514848	-12.7591780741726	-14.5543264514848	-14.5543264514848	-14.5543264514848	-14.5543264514848	-14.5543264514848	-13.0394867489428	-14.5543264514848	-14.5543264514848	-14.5543264514848	-14.5543264514848	-14.5543264514848	-14.5543264514848	-14.5543264514848	-11.3842096244497	-13.7810670233846	-14.5543264514848	-14.5543264514848	-13.5543264514848	-14.5543264514848	-14.5543264514848	-14.5543264514848	-14.5543264514848	-14.2953060362719	-14.5543264514848	-14.5543264514848	-14.5543264514848	-13.1987890472758	-14.5543264514848	-14.5543264514848	-14.5543264514848	-16.6222038753969	-13.3768319483448	-12.3627589734469	-13.5543264514848	-14.5543264514848	-12.5273493071648	-14.4711980593142	-13.9219595517223	-12.9693639507636	-14.5543264514848	-14.5543264514848	-14.5543264514848	-14.5543264514848	-14.5543264514848	-14.5543264514848	-14.5543264514848	-14.5543264514848	-9.29793615663293	-14.5543264514848	-14.5543264514848	-14.5543264514848	-14.5543264514848	-14.4711980593142	-14.5543264514848	-13.8320229021301	-13.3768319483448	-13.3768319483448	-14.5543264514848	-14.5543264514848	-14.5543264514848	-13.1987890472758	-19.2127651291139	-14.5543264514848	-11.441034116787	-14.5543264514848	-14.5543264514848	-14.5543264514848	-14.5543264514848	-14.5543264514848	-14.5543264514848	-14.5543264514848	-14.2953060362719	-11.4214641072802	-13.7496352030649	-14.5543264514848	-14.5543264514848	-13.6195552290772	-13.7083873843166	-14.5543264514848	-20.0995256529301	-14.1945221668658	-14.5543264514848	-9.95883244340526	-14.2142719103215	-11.3097107521965	-14.5543264514848	-14.5543264514848	-14.5543264514848	-14.109149125094	-14.5543264514848	-14.5543264514848	-14.5543264514848	-14.5543264514848	-11.5025941634579	-14.5543264514848	-14.5543264514848	-14.5543264514848	-14.4711980593142	-14.5543264514848	-11.7436477591327	-12.8049859869674	-14.5543264514848	-14.5543264514848	-14.5543264514848	-11.3937475974815	-14.5543264514848	-13.5543264514848	-11.157146270025	-14.5543264514848	-14.5543264514848	-14.5543264514848	-14.5543264514848	-11.4480940218708	-13.9219595517223	-14.5543264514848	-14.5543264514848	-14.5543264514848	-14.5543264514848	-13.0702221840601	-12.573966461526	-13.1987890472758	-12.9747555834656	-13.3768319483448	-14.5543264514848	-12.2693864273636	-13.7083873843166	-21.2327013509278	-14.4711980593142	-14.5543264514848	-16.9005077399675	-11.4099250030471	-14.5543264514848	-14.5543264514848	-13.9399906479031	-14.5543264514848	-14.5543264514848	-14.5543264514848	-13.9621426802595	-14.5543264514848	-14.5543264514848	-14.5543264514848	-14.5543264514848	-14.5543264514848	-14.5543264514848	-14.5543264514848	-14.5543264514848	-14.5543264514848	-14.5543264514848	-14.5543264514848	-14.5543264514848	-14.2953060362719	-14.5543264514848	-14.5543264514848	-13.0807963620152	-13.3146342484352	-14.5543264514848	-14.5543264514848	-14.5543264514848	-14.4711980593142	-14.5543264514848	-13.3768319483448	-13.1987890472758	-14.5543264514848	-14.5543264514848	-14.5543264514848	-14.5543264514848	-14.4711980593142	-11.32519075771	-11.3147047975949	-11.4689551539056	-14.5543264514848	-14.5543264514848	-14.5543264514848	-14.5543264514848	-14.5543264514848	-14.5543264514848	-14.5543264514848	-14.5543264514848	-13.185345734298	-13.5462012933244	-14.5543264514848	-14.5543264514848	-14.5543264514848	-14.5543264514848	-14.5543264514848	-13.1987890472758	-14.2953060362719	-14.5543264514848	-13.2293785508207	-11.3937475974815	-10.1592538047853	-14.5543264514848	-14.5543264514848	-14.5543264514848	-10.3805244617506	-18.629843937599	-18.629843937599	-18.629843937599	-18.629843937599	-18.629843937599	-14.4711980593142	-16.5202319022956	-18.629843937599	-18.629843937599	-10.0552694984173	-10.6784240770535	-18.629843937599	-18.629843937599	-18.629843937599	-13.2257317508379	-15.8031402273496	-13.6944342581635	-18.629843937599	-18.629843937599	-18.629843937599	-18.629843937599	-18.629843937599	-18.629843937599	-11.9513332262879	-13.5651502875191	-18.629843937599	-13.8148489533393	-13.4522788739546	-19.6477388502066	-19.7506933743411	-13.9794860349217	-13.8148489533393	-21.3356558750622	-14.7758306318685	-16.4981553956873	-15.9005077399675	-16.0223329300005	-13.7083873843166	-13.7083873843166	-16.6222038753969	-21.2327013509278	-13.1894443859207	-21.4436916310881	-11.8813067112825	-13.312685890095	-21.2327013509278	-13.3176002875492	-21.2327013509278	-21.2327013509278	-16.0223329300005	-16.6222038753969	-21.2327013509278	-16.6222038753969	-15.7546553925538	-16.4658893054733	-8.94991985652967	-10.7513030424916	-12.1966422100622	-10.0608056623632	-10.5912745113059	-10.3445301098405	-13.0582422940011	-11.5648451360647	-11.6879980493673	-11.5648451360647	-11.3801871676313	-11.5648451360647	-11.5648451360647	-11.5648451360647	-11.814468010229	-14.218801719303	-11.6826081074921	-11.6879980493673	-21.3356558750622	-21.3356558750622	-13.0582422940011	-11.6330672672335	-11.6879980493673	-11.7325178285771	-11.9654869624718	-11.5648451360647	-11.5648451360647	-11.5648451360647	-11.5648451360647	-11.5648451360647	-11.4513831120454	-11.4023400177818	-10.6251079022807	-13.3619634792168	-15.3155452392463	-15.9005077399675	-13.5891842209707	-15.9005077399675	-15.9005077399675	-14.3956085120969	-14.3956085120969	-15.9005077399675	-15.9005077399675	-12.2693864273636	-12.2693864273636	-12.9570581546502	-16.9005077399675	-16.9005077399675	-16.9005077399675	-14.7758306318685	-16.9005077399675	-13.1105402968109	-13.7502769520432	-11.780690466104	-14.218801719303	-14.218801719303	-14.218801719303	-11.9654869624718	-16.309142016062	-16.6222038753969	-16.6222038753969	-12.5331059305637	-13.5912648000788	-13.5912648000788	-13.5912648000788	-13.5912648000788	-15.1762273008	-15.1762273008	-15.1762273008	-15.1762273008	-15.1762273008	-15.1012947457832	-15.1762273008	-15.1762273008	-15.1762273008	-11.814468010229	-11.814468010229	-13.9137756843261	-15.1762273008	-11.4516228678081	-14.6878734388359	-15.4165448348314	-11.6415654461107	-19.3905178161971	-15.4165448348314	-15.4165448348314	-15.4165448348314	-15.4165448348314	-15.4165448348314	-14.5543264514848	-14.5543264514848	-16.0223329300005	-19.3356558750622	-13.218801719303	-13.6967894337242	-11.6879980493673	-14.218801719303	-21.3356558750622	-14.218801719303	-15.4165448348314	-14.218801719303	-14.218801719303	-14.218801719303	-14.218801719303	-12.781767238171	-13.9137756843261	-13.9137756843261	-11.6313368777906	-13.8887349548494	-13.9053868287628	-19.7495831818731	-13.9137756843261	-12.9137756843261	-13.9137756843261	-13.9137756843261	-14.218801719303	-11.9654869624718	-11.9654869624718	-11.9654869624718	-19.5890601021561	-19.3905178161971	-14.7758306318685	-23.2161328293032	-20.0995256529301	-19.3905178161971	-14.5543264514848	-16.0223329300005	-16.0223329300005	-19.0137277801749	-19.3356558750622	-16.0223329300005	-21.3356558750622	-15.4165448348314	-14.7758306318685	-16.0223329300005	-16.0223329300005	-16.0223329300005	-16.6222038753969	-13.5543264514848	-14.5543264514848	-14.5543264514848	-23.2161328293032	-19.4056287806558	-14.7402497921613	-18.629843937599	-15.1762273008	-15.1762273008	-16.0223329300005	-19.3905178161971	-13.9137756843261	-19.3905178161971	-19.3905178161971	-19.5890601021561	-20.0995256529301	-14.7758306318685	-14.7758306318685	-16.6222038753969	-13.9137756843261	-13.9137756843261	-21.3356558750622	-19.7495831818731	-14.5543264514848
Plate4_1076R_0_M_S5_week5_S13_L001	-6.68650116277768	-6.30395097666115	-6.50940740123787	-7.02128366699157	-6.65668047081059	-7.37790159233424	-7.99269131141078	-7.06540254951616	-6.42256378796462	-7.53759208836684	-7.40339517801832	-8.43685542744426	-8.89198863531389	-8.26316267398552	-9.01910643723956	-7.83048964446989	-7.45774724300021	-7.57764873384458	-8.27300618052395	-8.19484808563327	-9.69846925749256	-9.70738194115535	-8.67838951779302	-8.08706448253477	-9.02651499614853	-8.79693551667707	-8.44851228214036	-9.19458538948208	-9.19458538948208	-8.09290235857091	-10.1336370989885	-9.34460332664544	-9.99653099183121	-10.1336370989885	-8.38851719437605	-9.0612498291569	-9.45009826507738	-9.22089565887651	-9.45115345515474	-8.96977844565716	-9.50277781339399	-9.81156892233584	-9.17878165767003	-9.0857819416169	-8.83295010928816	-9.802061107341	-10.3783273416723	-10.3783273416723	-8.93365436611485	-9.24876017923976	-9.89328657151294	-9.54947209272201	-9.21012895996219	-8.72722219966313	-8.69695404589765	-9.09993409670735	-8.70462168612797	-8.9357830690522	-8.7607599508886	-9.02678850849035	-9.00107325815323	-9.30982101823476	-8.7143717527034	-8.7143717527034	-9.57497772517016	-8.60332355957065	-8.60287576562828	-10.7871207968925	-9.60118170309391	-8.75514688179402	-9.07251587615423	-9.50422234294129	-9.07226282682574	-9.56317142564716	-8.66865409591926	-8.88149309174654	-9.20109606302513	-11.2512013168147	-8.16974605528145	-9.19710669598589	-9.48060384262034	-10.2279227131195	-9.48709631436352	-9.48709631436352	-9.41601252424886	-9.02215400334427	-8.21264677362031	-9.87729343123466	-9.48380143658771	-8.9357830690522	-8.85022996626488	-9.14036943226743	-9.27287274686104	-8.12883194117321	-8.27868535972817	-10.1292240069654	-9.48224496506822	-8.98448875712445	-8.48135939080123	-9.55022654253702	-8.80320446397477	-8.93471832496974	-9.13325434961299	-8.48977395910006	-9.41253492518688	-9.06342683597839	-9.73499878903383	-9.98757255481151	-9.78391513599921	-10.1791542642996	-11.3783273416723	-10.8314140976888	-14.3825151386358	-11.3731256579837	-11.2512013168147	-8.4158977897557	-9.69029197945569	-8.97648077989285	-9.26316044655073	-10.7799302670374	-10.7799302670374	-10.0897162716281	-10.2361481635187	-10.2361481635187	-9.85319368976249	-9.68099187058382	-9.73858462230133	-8.91662417463001	-9.4379365913531	-11.2456158948981	-9.58047641093929	-9.46822190370691	-11.3182128483193	-9.38973130714934	-9.66101334461468	-9.88769883081346	-9.93365436611485	-9.93365436611485	-9.93365436611485	-10.1433155114918	-11.2512013168147	-9.93365436611485	-10.0064226075056	-8.77809153802296	-8.77809153802296	-10.1168337589177	-9.26214064272181	-9.26310550424764	-9.88593365320109	-10.1268130862251	-9.6462268539022	-9.94965610123231	-10.8404143852857	-10.0064226075056	-9.9380334459868	-8.86880011158256	-10.8404143852857	-10.2170791897931	-9.74897059162461	-9.92033284641639	-9.4527283746009	-11.2021611431247	-9.45367194921493	-9.48224496506822	-9.79986004128629	-9.91782816994337	-9.34479109669591	-9.21906105344103	-9.70401584358635	-10.2170791897931	-10.401675579503	-9.58239456490361	-10.1791542642996	-9.93365436611485	-8.85868446259427	-9.79986004128629	-9.79986004128629	-10.2382264697588	-9.43156018446756	-10.0661634094827	-8.77279653882905	-9.60420216574953	-9.51254046685601	-9.92828979570813	-9.98659517269903	-9.46737654163551	-8.96314208228284	-9.93365436611485	-9.81820351084362	-9.9380334459868	-11.275884547569	-10.2275184639396	-10.4635299027107	-9.50408282617659	-9.92033284641639	-8.97616613012604	-9.25215299277899	-9.93365436611485	-9.50506587310551	-9.29898586023698	-10.1607611580048	-9.44014835779131	-10.8305886646996	-11.1583826152445	-10.0250437091397	-9.15745768769433	-9.29180408603255	-9.9357830690522	-9.36679819581372	-9.93365436611485	-9.91993363191844	-9.93365436611485	-9.9929507895181	-9.92033284641639	-9.40675174911965	-10.3230620298189	-10.3230620298189	-10.5451694059747	-9.86844144669686	-9.88563985730305	-9.96742239409857	-9.74618364940541	-9.95854616495768	-9.95854616495768	-10.206469320045	-9.93365436611485	-9.74897059162461	-9.93365436611485	-10.0843565558395	-9.78532193434984	-9.00406183383999	-10.1013915571995	-10.0870825546363	-9.76209659809998	-10.2382264697588	-10.2382264697588	-10.2382264697588	-11.3783273416723	-10.3438980324086	-9.68916333921559	-10.2382264697588	-9.68953446562339	-9.5524478019963	-9.95854616495768	-9.9357830690522	-11.0400942249767	-9.80358830397952	-11.2512013168147	-10.463811453626	-10.1527951528666	-10.1644687714781	-9.93365436611485	-10.2382264697588	-10.0988716161874	-9.44959039183982	-10.3258509609673	-8.69212453154161	-9.9357830690522	-9.57728914421752	-10.1689090994814	-10.2137175486748	-10.8137085516238	-9.76010440299321	-9.14457263347584	-9.70661035465087	-10.2382264697588	-9.86438092033418	-9.88009526213846	-9.03536105283543	-9.9357830690522	-8.7204798709514	-9.50326793178733	-10.5555051282487	-9.44112489494302	-10.2382264697588	-9.53970447654871	-9.53970447654871	-11.3783273416723	-9.93590142247145	-9.54918056235781	-9.90468028126304	-9.63479051917134	-10.2411206631886	-10.1957016472061	-9.85130053622051	-9.85130053622051	-9.91782816994337	-9.44112489494302	-9.98564785453785	-10.9067202325569	-10.0999718911484	-9.91127764460711	-9.72894745225717	-9.87967856774199	-9.9357830690522	-9.733938562816	-11.2512013168147	-10.1412711836295	-10.1412711836295	-10.8266331470711	-13.9142792407117	-9.42841623780416	-10.3783273416723	-9.11241617908786	-9.7525309089952	-10.4177214144105	-10.1298439521712	-10.299840880442	-9.86239205230047	-9.03337410752104	-9.63951782075048	-10.3133645358068	-10.5649632680979	-9.57934171683915	-9.9357830690522	-10.5234772722457	-9.93770159087818	-9.94965610123231	-11.3783273416723	-11.3783273416723	-9.80169331075573	-11.2512013168147	-10.7219455120175	-9.5135169311516	-9.72142211642584	-11.3783273416723	-9.93365436611485	-9.43952986239386	-9.9357830690522	-10.818372603665	-11.3783273416723	-9.07498429550134	-9.9361937970324	-9.9357830690522	-9.93365436611485	-9.93365436611485	-11.0840981422183	-9.93365436611485	-11.0890909535374	-10.1114768023737	-9.04079730034606	-9.6243527211901	-9.35994722436162	-9.9357830690522	-9.98564785453785	-11.2512013168147	-10.3258509609673	-11.3783273416723	-9.72213634867729	-10.1556206359191	-9.90437916920397	-10.3153662630248	-9.64478871703568	-10.0613124448824	-9.85463728227696	-9.88928280743701	-10.2124912080096	-10.0456901295233	-9.59566538947014	-9.9357830690522	-9.91337356151652	-8.63873207152429	-9.73086625200749	-10.6713354847239	-9.12021484871113	-10.6713354847239	-9.9357830690522	-9.64131735757242	-9.60191016913221	-9.27568081897602	-10.7424257086119	-11.2414556013752	-10.2382264697588	-11.1343757394002	-11.0744897524752	-10.1816711776034	-11.2512013168147	-10.3464506632877	-9.73637618756143	-9.85523929901282	-9.18104679798095	-10.1791542642996	-9.05886019869687	-9.88584562247152	-9.7250152259757	-9.72187204153115	-10.2030781543879	-10.2794544628851	-9.71324796021693	-9.89942333439093	-9.95752817018499	-9.74993267645958	-9.91057968173693	-9.95659373783246	-10.9931921491269	-10.3258509609673	-9.52783160734611	-10.2382264697588	-9.61658383089116	-10.3258509609673	-9.93850410000598	-9.9357830690522	-9.71716549088644	-10.6108355137872	-9.98564785453785	-9.54162948195259	-9.74203244747202	-9.96065655420607	-9.70574432638832	-9.74112111471974	-11.149242246296	-10.2059853989712	-10.1689090994814	-10.2055415904984	-9.9581338325913	-10.0563889533454	-9.9357830690522	-10.4836578250148	-10.4836578250148	-10.4019812814708	-11.2512013168147	-11.2512013168147	-10.7541651403852	-9.9625433564296	-9.80914624913759	-9.76504169353648	-10.1412711836295	-9.87734570954715	-11.0890909535374	-10.0134145402711	-9.78762693112574	-10.308393020416	-9.53639056261978	-9.47995740754842	-11.3356486514448	-10.1412711836295	-9.77340236072392	-9.93365436611485	-9.61184870475866	-10.1797413850311	-10.1797413850311	-9.91993363191844	-9.79683770462116	-9.89666552883138	-9.95081205281724	-9.960832358702	-9.93365436611485	-10.5527890002353	-9.06464726684401	-9.55204500156874	-9.77800666487183	-9.77800666487183	-9.93365436611485	-9.95051430971991	-11.0711763251374	-9.96025445186321	-10.1665726471859	-10.5212433113407	-11.3356486514448	-10.6146253922943	-9.83097490854753	-9.9357830690522	-10.0816540297311	-10.6911208098171	-9.9357830690522	-10.2965545265517	-9.97889619027066	-9.93353619688486	-9.46292518061263	-9.87616536316567	-9.93365436611485	-9.9357830690522	-9.64358975294098	-9.64358975294098	-10.2382264697588	-10.744872544021	-11.2941963164949	-9.86103507336412	-9.78542856590182	-10.0354656713744	-10.0354656713744	-10.8945304694501	-9.79445893757067	-10.2382264697588	-9.67122316803652	-8.0788791213211	-10.0140391322581	-9.93365436611485	-9.93365436611485	-9.92033284641639	-9.85253331693335	-11.3783273416723	-9.53269934236354	-9.89569371380894	-9.48925019063164	-10.8305886646996	-10.2356017380689	-9.6540873684697	-10.2535507074688	-9.78701937784384	-10.0427569022182	-10.0328923561341	-10.0328923561341	-9.93141080419814	-9.90825905789829	-9.78542856590182	-9.69142150333794	-9.90126403419126	-9.72185061334408	-9.38984884310125	-8.60014924463963	-11.2512013168147	-10.1598720279572	-9.8006109581964	-9.93365436611485	-10.8305886646996	-9.93365436611485	-9.83915760070478	-9.8459617293582	-9.89761264185143	-10.0988716161874	-10.8283304936742	-10.2956946165087	-9.9357830690522	-9.9075358608705	-9.9357830690522	-10.2106400465426	-9.29499992226659	-11.2512013168147	-10.0447402286855	-10.8137085516238	-10.7325377890562	-9.76254364701251	-9.33429938901527	-9.9357830690522	-8.61214419526474	-10.206469320045	-9.8123476886861	-10.2382264697588	-9.84566261908013	-9.40862954042881	-9.97336469701788	-8.26445628067371	-10.9285229307605	-11.4597828332862	-9.3633320332722	-10.3550359848111	-10.5378125739759	-9.72200878126787	-10.8713359010065	-11.0075490923545	-9.62227133611589	-11.5377838325976	-10.4035451343558	-10.4307168477732	-11.3078001613093	-10.8259442385708	-10.6207198759648	-9.87230276604147	-12.6596815854047	-12.5420149716118	-9.16181208875103	-10.9067759080186	-10.0752273939378	-13.2738156435332	-10.3217391738259	-10.5867039632585	-9.7071041628729	-9.79756769295037	-12.1016597257535	-10.9404155604693	-10.7728874487532	-10.79984711644	-11.6008832884364	-10.135773945379	-10.9638182840019	-9.90817662066969	-8.98573851525645	-10.1573762672512	-12.2658373331159	-10.000805815423	-11.6008832884364	-10.6373374694429	-8.98151414792159	-9.30732696804511	-12.3395075234525	-10.4926637478781	-12.6134095789264	-10.2291201870402	-10.6565321087004	-15.1008898707116	-10.8143872888195	-10.7802489918349	-12.1113899158627	-13.5354505067762	-10.4226952249674	-10.1935407429324	-8.83541477751099	-10.7802489918349	-9.35680483105072	-10.4356286325261	-13.4185910905007	-10.311863141017	-11.3249238178923	-10.0561740945604	-10.812754074006	-12.1663282402865	-9.86704717237644	-11.9218077367161	-11.1379357452568	-11.0398626986819	-10.4618860601902	-13.3218304196726	-11.1549674741982	-11.4285219804072	-14.0520029175712	-10.1542374956996	-10.6691872204781	-12.3476027116997	-11.4830558501396	-10.8845086731616	-10.3150060241665	-11.252595161114	-12.113969330358	-15.0264116547523	-10.2852043668437	-11.3933013730716	-11.8419616778882	-9.70935418901472	-11.3724687550335	-10.3139643009475	-12.9833073507356	-11.3370546622166	-10.3731496966911	-11.5341419072371	-10.0212326532784	-12.1078867365565	-13.0793107864794	-10.3935386624504	-11.4326778853134	-11.9998553092554	-13.0427352346093	-10.88678108075	-10.3581332869155	-9.77058369848896	-11.9998553092554	-10.6529555585678	-14.1166875179103	-11.4326778853134	-11.5136538302302	-10.8316563143102	-12.7085623376277	-12.3432825562048	-9.99860624718871	-11.0932296702935	-11.4858741490069	-10.5337370196617	-10.5079521746882	-10.4337705463069	-10.1078814028323	-10.4710070574224	-12.5625764664955	-9.98296491765037	-9.18491387542206	-12.7743152744295	-9.98296491765037	-11.6635609946035	-11.2967353855865	-11.6905455709596	-15.2006530448608	-12.0325088425897	-14.2364265557856	-11.2323595030055	-13.7649912275971	-12.1190506552788	-11.0559258245597	-12.1083881946918	-10.3107408052186	-12.0910612945301	-10.8774059456038	-12.4606578119278	-12.2286460076799	-12.6431848442305	-13.1275036337841	-12.3593201026594	-16.5290800338398	-12.7383079959778	-11.7165716419162	-12.8059648777308	-10.9738518819996	-12.8717071729995	-10.9059734611651	-13.080252336397	-13.5562163445888	-11.4223502801898	-10.5787650018498	-13.1932888952945	-11.7165716419162	-10.2967931436681	-12.5625179891317	-14.4692313397121	-11.0739817030042	-11.0739817030042	-11.2281763322521	-13.2209187323986	-13.4474974079805	-11.3531460183177	-11.9145591021504	-13.3830443098822	-13.3830443098822	-10.7533535292763	-11.6173485898875	-11.8761517363158	-11.9935887561644	-15.1166875179103	-11.0241374983755	-11.023083486041	-10.0944352928764	-16.4730459989255	-15.4054072820501	-12.6041711304125	-11.1762488037318	-11.1762488037318	-11.6463227161289	-8.98877587689655	-10.5004986281699	-11.1116546018516	-10.5200344701774	-10.5915827389617	-11.0205032760018	-11.511094642309	-11.5435687822806	-10.8741318444585	-12.1823856871141	-16.6858523714327	-11.5161927908431	-11.5161927908431	-11.1254721251892	-11.1254721251892	-11.0748546163075	-12.2812607829709	-11.3337449107762	-11.394800527166	-10.7238243618221	-13.2885873531076	-11.0510309057403	-10.6047298686529	-10.9288597479163	-13.6334241928314	-11.6321310718815	-13.4056826318059	-9.71598718345214	-10.6038288455298	-11.0748546163075	-11.1116546018516	-10.6282280479398	-16.6858523714327	-11.63801125449	-11.0932243904829	-12.7096303773469	-12.8314559321999	-16.6858523714327	-9.93524231746637	-11.2915980970919	-13.1445158718966	-13.1295380070506	-10.7101768397148	-10.7588559655641	-9.94622836336957	-15.3825151386358	-14.2489116185113	-14.2489116185113	-11.5265682184776	-10.0714623383895	-13.5782014487314	-11.9058204439446	-11.8934520561473	-9.40587196525222	-14.5834278325618	-12.1011128209463	-10.7061480044829	-10.6266606198913	-10.7165269097712	-13.1268982043645	-10.9477120802072	-10.3625204817849	-10.7943988479897	-12.1361424059295	-11.1706754153691	-16.4730459989255	-12.0350117452783	-13.5957018520562	-10.566507188994	-10.6869873875687	-12.2196156566381	-12.224655740241	-12.506256959197	-14.1163655716061	-15.1426788236336	-15.2982561058777	-10.5922839871565	-10.5726037547123	-11.9967260375339	-11.0506207542498	-10.6353103125092	-13.5110664283019	-11.1392978861186	-11.2175625307425	-11.8170182357687	-10.5447541920589	-10.5975991775554	-13.0897755263466	-14.3825151386358	-15.8382093702005	-10.7933476852593	-13.023138808827	-16.6858523714327	-12.8127214720299	-13.9654337643557	-13.4545474674192	-12.347936536937	-12.1188571622137	-12.1887462158427	-13.023138808827	-11.3007078384588	-10.9284028261801	-12.0811840293234	-12.0811840293234	-16.5290800338398	-11.9182770774029	-10.5131840114769	-12.4858741490069	-10.9669809112925	-11.8552728761151	-12.4810648958255	-10.8212141440975	-10.8212141440975	-10.2599594665427	-13.1072734875024	-10.5942328589233	-12.4965950726139	-10.6594568134248	-15.2609124913917	-9.90117390763691	-10.711007048947	-11.3387249080879	-11.9080477493701	-10.5076073429536	-11.2182273890634	-10.8002693879876	-12.4082156911379	-12.0969408733789	-16.5281661403634	-10.8183747856373	-11.2182273890634	-10.8183747856373	-10.8183747856373	-12.400865047272	-12.6445614174643	-12.549985582909	-12.6083226219093	-12.6083226219093	-12.0660325777569	-12.8649126499334	-12.3427238307432	-10.8136302563376	-12.8314559321999	-13.451417373307	-11.3480719786348	-13.451417373307	-13.451417373307	-12.2351734852026	-10.6780034297877	-16.4620956993649	-10.0541711439072	-12.8936727318581	-12.4094378742124	-10.7815054532374	-10.5942328589233	-16.6858523714327	-14.4338206882275	-15.9330754293493	-15.2006530448608	-16.6858523714327	-11.7555682803558	-12.4858741490069	-10.8615498330905	-12.2184980252038	-10.081652720325	-12.4209083755903	-15.48181118175	-14.9432036396423	-10.9737012137103	-11.5388260735643	-11.8210567410586	-14.9432036396423	-14.8828169806848	-16.374485275378	-13.8832003484497	-13.9690915728969	-13.9690915728969	-14.769979058814	-13.1117267973683	-13.4467281829313	-15.0266536364773	-19.6814005868616	-14.8187326737641	-13.794149932099	-11.4899624927979	-11.1158827868178	-14.087533444698	-14.087533444698	-9.98360337625465	-14.6470782171551	-14.0136843308344	-13.1263794670037	-13.1263794670037	-11.0866344333156	-13.2973434813606	-13.2973434813606	-19.2612920980354	-19.6814005868616	-23.2161328293032	-12.8351774479331	-14.3231053719373	-10.7373113425115	-11.8449634544605	-11.8449634544605	-18.743684865116	-13.2738395791446	-11.1105346972027	-10.7907338271144	-11.1105346972027	-15.3224120542468	-12.5393079152227	-23.2161328293032	-13.9805115618519	-12.7492149523906	-15.1423291747384	-11.297808847729	-13.1418048602321	-13.6134777282672	-14.8187326737641	-14.8187326737641	-12.1418048602321	-15.200152590891	-10.1922904267648	-10.1922904267648	-9.95854376034572	-15.5281661403634	-11.8032935316697	-15.200152590891	-15.9330754293493	-13.8187326737641	-16.5281661403634	-16.5281661403634	-12.5932954291451	-14.1302745512261	-14.8187326737641	-14.8187326737641	-14.270886530972	-11.1711880378065	-11.1105346972027	-11.2191690763052	-19.2612920980354	-14.7538646449984	-15.9330754293493	-10.1727981319012	-14.0399237569545	-13.4543982612246	-13.2738395791446	-15.9330754293493	-12.9939830078501	-16.5281661403634	-11.0049766253432	-15.4813688916401	-16.5281661403634	-14.4338206882275	-16.5281661403634	-10.6822977877679	-11.0261243541599	-11.3433798844522	-15.0850953231279	-14.411714155661	-14.270886530972	-15.9330754293493	-14.3838836378868	-11.2695375539177	-13.2337701730429	-13.2337701730429	-16.5281661403634	-14.8187326737641	-14.8187326737641	-14.4692313397121	-12.7492149523906	-12.7492149523906	-15.4813688916401	-15.9330754293493	-10.5101744448537	-16.5281661403634	-12.1418048602321	-15.1423291747384	-15.9330754293493	-14.270886530972	-14.8187326737641	-15.9330754293493	-11.0174992692382	-13.3262790741974	-13.5189596123484	-14.8187326737641	-13.2337701730429	-14.270886530972	-9.74028580115183	-15.9330754293493	-9.6150488949777	-16.5281661403634	-14.226200731799	-13.837908545142	-14.7397784395707	-12.6274173603316	-19.2612920980354	-11.8751437064281	-10.3547527275219	-13.8187326737641	-11.3240964041184	-10.8716211380572	-12.7358001369479	-11.9271717421553	-12.09099276158	-14.8187326737641	-11.2752165451234	-13.8187326737641	-12.4768363306453	-16.5281661403634	-11.9245670980711	-13.1418048602321	-13.0017619036942	-13.1418048602321	-11.556842359511	-12.5565802736969	-12.8139913199832	-12.8139913199832	-12.8139913199832	-11.8881521996039	-18.6413231474863	-18.6413231474863	-13.4001202820972	-10.5330171021118	-15.9330754293493	-16.1735612887861	-15.8382093702005	-13.7859341067013	-13.4086492504994	-12.9516984712751	-12.4912837886661	-14.8187326737641	-16.5281661403634	-13.8057658691994	-14.2101489991626	-13.4019240595973	-13.5897603423674	-13.2251127002502	-13.6009170681296	-9.96603792117238	-13.0849693253949	-12.0113777517065	-9.68189973487863	-12.8187326737641	-10.1120156155683	-11.1105346972027	-10.6531559692267	-12.0113777517065	-14.8187326737641	-14.2402332336449	-9.20601822624209	-18.3392946100367	-9.74242570861185	-10.6055937990627	-12.130344975878	-14.8187326737641	-13.8187326737641	-13.1418048602321	-14.8187326737641	-11.2752165451234	-11.2752165451234	-14.8187326737641	-11.2752165451234	-11.2752165451234	-15.3825151386358	-14.8187326737641	-14.8187326737641	-15.3825151386358	-16.4620956993649	-16.3260308771385	-15.2876324902142	-11.2752165451234	-16.5281661403634	-12.6919960921433	-11.9686072032294	-11.3302436001044	-12.8139913199832	-11.6445923667892	-14.8187326737641	-14.8187326737641	-14.8187326737641	-14.8187326737641	-11.0751178968106	-12.0113777517065	-12.2337701730429	-12.4091158007864	-12.8187326737641	-12.8187326737641	-11.9527422960383	-12.8187326737641	-13.1174282671728	-13.2337701730429	-10.8170116960136	-13.2337701730429	-11.0468298141763	-12.6779757146238	-10.1042111462723	-13.8187326737641	-13.8187326737641	-12.2704566314433	-12.2704566314433	-13.6087603167596	-13.8187326737641	-11.5942776915436	-13.3337823371992	-12.7492149523906	-12.7492149523906	-14.8187326737641	-13.8187326737641	-13.3234273827301	-12.1662949152807	-13.8187326737641	-13.8187326737641	-12.7689413155857	-13.8187326737641	-10.6421494134261	-11.0041722731236	-13.8187326737641	-12.7176334207975	-13.8187326737641	-13.8187326737641	-13.8187326737641	-12.5844293718573	-13.8187326737641	-13.8187326737641	-10.8838075558309	-13.8187326737641	-14.411714155661	-14.411714155661	-13.7224925766076	-13.8187326737641	-13.8187326737641	-13.0489889938708	-13.8187326737641	-13.8187326737641	-14.8187326737641	-11.1105346972027	-14.8187326737641	-14.4338206882275	-14.8187326737641	-14.8187326737641	-14.8187326737641	-14.8187326737641	-14.8187326737641	-14.2402332336449	-13.8187326737641	-14.8187326737641	-14.8187326737641	-14.8187326737641	-12.4930102500913	-14.8187326737641	-11.3189442808281	-14.8187326737641	-14.270886530972	-19.8087798933379	-19.8087798933379	-14.8187326737641	-14.8187326737641	-18.2612920980354	-14.8187326737641	-14.7538646449984	-14.8187326737641	-14.8187326737641	-14.8187326737641	-10.6261964528826	-14.8187326737641	-11.5454420679321	-14.8187326737641	-14.8187326737641	-13.2251127002502	-14.8187326737641	-14.8187326737641	-12.5068968272654	-14.8187326737641	-14.8187326737641	-14.8187326737641	-14.8187326737641	-14.8187326737641	-13.6334241928314	-14.8187326737641	-14.8187326737641	-14.8187326737641	-14.8187326737641	-14.8187326737641	-14.8187326737641	-14.8187326737641	-11.1054672512655	-13.5224673849646	-14.8187326737641	-14.8187326737641	-13.8187326737641	-14.8187326737641	-14.8187326737641	-14.8187326737641	-14.8187326737641	-14.411714155661	-14.8187326737641	-14.8187326737641	-14.8187326737641	-12.7492149523906	-14.8187326737641	-14.8187326737641	-14.8187326737641	-15.8382093702005	-12.4930102500913	-12.1870548438505	-13.8187326737641	-14.8187326737641	-12.1054672512655	-14.7538646449984	-14.270886530972	-13.2337701730429	-14.8187326737641	-14.8187326737641	-14.8187326737641	-14.8187326737641	-14.8187326737641	-14.8187326737641	-14.8187326737641	-14.8187326737641	-9.44216765592086	-14.8187326737641	-14.8187326737641	-14.8187326737641	-14.8187326737641	-14.7538646449984	-14.8187326737641	-13.5497392297115	-12.4930102500913	-12.4930102500913	-14.8187326737641	-14.8187326737641	-14.8187326737641	-12.7492149523906	-19.8087798933379	-14.8187326737641	-11.2378703928907	-14.8187326737641	-14.8187326737641	-14.8187326737641	-14.8187326737641	-14.8187326737641	-14.8187326737641	-14.8187326737641	-14.411714155661	-11.1748038517062	-13.9805115618519	-14.8187326737641	-14.8187326737641	-13.9968741911316	-12.9348153024564	-14.8187326737641	-19.8087798933379	-12.8027235934178	-14.8187326737641	-9.65683055515663	-14.2028388778588	-11.0008355288337	-14.8187326737641	-14.8187326737641	-14.8187326737641	-14.4338206882275	-14.8187326737641	-14.8187326737641	-14.8187326737641	-14.8187326737641	-11.2752165451234	-14.8187326737641	-14.8187326737641	-14.8187326737641	-14.7538646449984	-14.8187326737641	-11.8881521996039	-12.2490057247076	-14.8187326737641	-14.8187326737641	-14.8187326737641	-11.1105346972027	-14.8187326737641	-13.8187326737641	-10.7909478996924	-14.8187326737641	-14.8187326737641	-14.8187326737641	-14.8187326737641	-11.2062723060358	-14.270886530972	-14.8187326737641	-14.8187326737641	-14.8187326737641	-14.8187326737641	-12.5889114222365	-12.4826823368583	-12.7492149523906	-12.4330921303078	-12.4930102500913	-14.8187326737641	-11.5086350439473	-12.9348153024564	-21.2327013509278	-14.7538646449984	-14.8187326737641	-16.4360420517628	-11.2191690763052	-14.8187326737641	-14.8187326737641	-12.6366986268873	-14.8187326737641	-14.8187326737641	-14.8187326737641	-13.8057658691994	-14.8187326737641	-14.8187326737641	-14.8187326737641	-14.8187326737641	-14.8187326737641	-14.8187326737641	-14.8187326737641	-14.8187326737641	-14.8187326737641	-14.8187326737641	-14.8187326737641	-14.8187326737641	-14.411714155661	-14.8187326737641	-14.8187326737641	-12.6313220219921	-13.6134777282672	-14.8187326737641	-14.8187326737641	-14.8187326737641	-14.7538646449984	-14.8187326737641	-12.4930102500913	-12.7492149523906	-14.8187326737641	-14.8187326737641	-14.8187326737641	-14.8187326737641	-14.7538646449984	-11.022827017203	-10.949665660632	-11.5794249159124	-14.8187326737641	-14.8187326737641	-14.8187326737641	-14.8187326737641	-14.8187326737641	-14.8187326737641	-14.8187326737641	-14.8187326737641	-13.2651769396063	-13.3774012261196	-14.8187326737641	-14.8187326737641	-14.8187326737641	-14.8187326737641	-14.8187326737641	-12.7492149523906	-14.411714155661	-14.8187326737641	-13.63660628751	-11.1105346972027	-10.1650541068929	-14.8187326737641	-14.8187326737641	-14.8187326737641	-10.4110016092262	-19.2612920980354	-19.2612920980354	-19.2612920980354	-19.2612920980354	-19.2612920980354	-14.7538646449984	-16.2456217629351	-19.2612920980354	-19.2612920980354	-9.75369355753411	-10.4843777569149	-19.2612920980354	-19.2612920980354	-19.2612920980354	-13.4587859364868	-16.3260308771385	-12.9830529641096	-19.2612920980354	-19.2612920980354	-19.2612920980354	-19.2612920980354	-19.2612920980354	-19.2612920980354	-11.1453011580043	-12.3614232264936	-19.2612920980354	-13.0308544481429	-12.6682843687582	-19.6477388502066	-21.9967639438519	-13.3476216054056	-13.0308544481429	-23.5817264445731	-16.6858523714327	-15.7489986650125	-15.4360420517628	-16.5281661403634	-12.9348153024564	-12.9348153024564	-15.8382093702005	-21.2327013509278	-12.0413950247519	-21.4436916310881	-12.0258875002105	-12.7068728901268	-21.2327013509278	-12.7646968781295	-21.2327013509278	-21.2327013509278	-16.5281661403634	-15.8382093702005	-21.2327013509278	-14.5924444269386	-15.1063780789277	-15.7278598979543	-8.62061999245638	-10.594208575169	-11.0841269982965	-9.75737014174344	-10.2929117807679	-9.83941883317246	-11.9686072032294	-11.2253672723925	-11.4045749964034	-11.2253672723925	-11.119687753316	-11.2253672723925	-11.2253672723925	-11.2253672723925	-11.8085024786575	-12.8139913199832	-11.3108236838853	-11.4045749964034	-24.0605203755451	-24.0605203755451	-11.9686072032294	-11.5227695658406	-11.4045749964034	-11.9658880666882	-12.09099276158	-11.2253672723925	-11.2253672723925	-11.2253672723925	-11.2253672723925	-11.2253672723925	-11.0659807664917	-11.1560341822723	-10.3121903334323	-13.3734975014756	-14.8510795510416	-15.4360420517628	-12.8741182368024	-15.4360420517628	-15.4360420517628	-14.4813688916401	-14.4813688916401	-15.4360420517628	-15.4360420517628	-11.5086350439473	-11.5086350439473	-12.4336602402154	-16.4360420517628	-16.4360420517628	-16.4360420517628	-16.6858523714327	-16.4360420517628	-11.7565629974882	-13.6961599481794	-11.0022476212227	-12.8139913199832	-12.8139913199832	-12.8139913199832	-12.09099276158	-15.6450334668247	-15.8382093702005	-15.8382093702005	-11.697066377829	-12.7381428712162	-12.7381428712162	-12.7381428712162	-12.7381428712162	-14.3231053719373	-14.3231053719373	-14.3231053719373	-14.3231053719373	-14.3231053719373	-14.2791991757733	-14.3231053719373	-14.3231053719373	-14.3231053719373	-11.8085024786575	-11.8085024786575	-12.8649126499334	-14.3231053719373	-10.9436081564872	-15.200152590891	-15.9330754293493	-11.2543563353399	-15.3825151386358	-15.9330754293493	-15.9330754293493	-15.9330754293493	-15.9330754293493	-15.9330754293493	-14.8187326737641	-14.8187326737641	-16.5281661403634	-22.0605203755451	-11.8139913199832	-12.6568227518489	-11.4045749964034	-12.8139913199832	-24.0605203755451	-12.8139913199832	-15.9330754293493	-12.8139913199832	-12.8139913199832	-12.8139913199832	-12.8139913199832	-12.6579468629483	-13.1418048602321	-13.1418048602321	-11.5227695658406	-13.1242200667489	-13.1418048602321	-19.4912977034817	-12.8649126499334	-12.1418048602321	-13.1418048602321	-13.1418048602321	-12.8139913199832	-12.09099276158	-12.09099276158	-12.09099276158	-19.8087798933379	-15.3825151386358	-16.6858523714327	-23.2161328293032	-19.8087798933379	-15.3825151386358	-14.8187326737641	-16.5281661403634	-16.5281661403634	-21.7385922806577	-22.0605203755451	-16.5281661403634	-24.0605203755451	-15.9330754293493	-16.6858523714327	-16.5281661403634	-16.5281661403634	-16.5281661403634	-15.8382093702005	-13.8187326737641	-14.8187326737641	-14.8187326737641	-23.2161328293032	-19.3392946100367	-16.5290800338398	-19.2612920980354	-14.3231053719373	-14.3231053719373	-16.5281661403634	-15.3825151386358	-13.1418048602321	-15.3825151386358	-15.3825151386358	-19.8087798933379	-19.8087798933379	-16.6858523714327	-16.6858523714327	-15.8382093702005	-13.1418048602321	-13.1418048602321	-24.0605203755451	-19.4912977034817	-14.8187326737641
Plate4_1136R_0_F_S5_week5_S14_L001	-6.68527776587833	-6.26182897512823	-6.44157230027832	-6.96241940629017	-6.6402287844214	-7.36304324073968	-7.98049589858757	-7.07778843181864	-6.43565207787375	-7.52107439846282	-7.29522488125965	-8.41246474005925	-8.8662664665047	-8.22906805940985	-8.99706276958041	-7.77043038088258	-7.43532786247847	-7.55259733080242	-8.30323942421564	-8.15783660292827	-9.70688204804851	-9.772781425623	-8.63784681298085	-8.04238502541482	-9.03587033611285	-8.77829348498449	-8.41563600206785	-9.13689580938133	-9.13689580938133	-8.04319572177134	-10.178884126128	-9.35878585350676	-10.0003494428877	-10.178884126128	-8.33687759497864	-9.03576584850908	-9.45671705934144	-9.13797671290175	-9.43763696937787	-8.95347961115713	-9.51677268924903	-9.7454694019608	-9.21559791118007	-9.02130415668995	-8.7478362687125	-9.76993542312077	-10.3841159963063	-10.3841159963063	-8.90722787846915	-9.23712014285081	-9.89361669337472	-9.52143564095852	-9.22886379872465	-8.81148165365441	-8.59784283600005	-9.07759937210866	-8.65100720739423	-8.90725706270634	-8.80787374045849	-9.01093731109695	-8.94149672123331	-9.32998813962581	-8.68451134332977	-8.68451134332977	-9.55276595208768	-8.55538424923562	-8.55883286248305	-10.6528006350984	-9.57732285059882	-8.63158978786758	-9.02430234136742	-9.49024767244661	-8.95512288873488	-9.59535740134872	-8.60048355466758	-8.86039935298135	-9.18473014997304	-11.3447364934696	-8.12244965820399	-9.13822672830445	-9.46207569247268	-10.2866001009657	-9.50566900489718	-9.50566900489718	-9.43252778146662	-9.05886200436621	-8.30883970976807	-9.9319693856575	-9.46590706662727	-8.90725706270634	-8.75669056327669	-9.19824588032557	-9.2657463548186	-8.11419327077357	-8.21470194956984	-10.3016005844648	-9.46440335402043	-8.92921097076299	-8.47448288100994	-9.52320463377838	-8.82448983480533	-8.90824967820308	-9.20434405623443	-8.45478933704432	-9.39181503618542	-9.05433460449857	-9.69171066489254	-9.93407734160059	-9.76463160305189	-10.2297831996374	-11.3841159963063	-10.9168512054019	-13.1077400532333	-11.3776319627361	-11.3447364934696	-8.35766582874934	-9.6686962525577	-8.98147339541728	-9.24686634748281	-10.7229195224695	-10.7229195224695	-10.0964826422171	-10.2134510633152	-10.2134510633152	-9.73600040213429	-9.53427447911184	-9.71516586757634	-8.86964325105658	-9.39953896177588	-11.3398045891082	-9.53613714160402	-9.40922190566008	-11.3311495160184	-9.37020111682055	-9.74499858062088	-9.89498043948208	-9.90722787846915	-9.90722787846915	-9.90722787846915	-10.1166071917458	-11.3447364934696	-9.90722787846915	-9.96703744355809	-8.74301199879818	-8.74301199879818	-9.95554531742303	-9.21369736424142	-9.21443742215654	-9.95527675914957	-10.0870419300033	-9.599991700068	-9.92297507037593	-10.8294746035003	-9.96703744355809	-9.9110999422766	-8.89472798415218	-10.8294746035003	-10.1693470743964	-9.73426624324825	-9.88453438696119	-9.46791051208988	-11.2347350430576	-9.39945583194973	-9.46440335402043	-9.78094679936004	-9.89165071486823	-9.33155381997855	-9.24785457704622	-9.57197743729325	-10.1693470743964	-10.5228423891716	-9.4647877256921	-10.2297831996374	-9.90722787846915	-8.88755835280818	-9.78094679936004	-9.78094679936004	-10.2478314798455	-9.3862326480532	-10.3753896038395	-8.82444505482008	-9.55114731670461	-9.42495260457931	-9.9205150406897	-9.90415516550184	-9.43783404108436	-8.88920456884441	-9.90722787846915	-9.859943863527	-9.9110999422766	-11.2930070673757	-10.0588482266501	-10.5039710215344	-9.38998888230315	-9.88453438696119	-9.04493526645721	-9.21050412906818	-9.90722787846915	-9.51355022212414	-9.25499452568816	-10.2197308655498	-9.33107904363167	-10.9689901590306	-11.2528105396927	-9.98582602796245	-9.13582084427294	-9.29951826075504	-9.90927220214741	-9.36519156228582	-9.90722787846915	-9.8936730687798	-9.90722787846915	-10.0448967387242	-9.88453438696119	-9.39218973445996	-10.3185506708305	-10.3185506708305	-10.6508618259664	-9.85373110175763	-9.89295625336777	-10.0034564271973	-9.80012997379889	-9.92881395608409	-9.92881395608409	-10.2326491391765	-9.90722787846915	-9.73426624324825	-9.90722787846915	-9.92229810707808	-9.76686729193773	-8.9652521784564	-10.0650078100429	-10.0524469267713	-9.73579436976126	-10.2478314798455	-10.2478314798455	-10.2478314798455	-11.3841159963063	-10.2356948396003	-9.66012335648577	-10.2478314798455	-9.63096973221212	-9.61215667977214	-9.92881395608409	-9.90927220214741	-11.206758415463	-9.73943601595574	-11.3447364934696	-10.6501534538545	-10.1695728325209	-10.1369668177735	-9.90722787846915	-10.2478314798455	-10.062974449574	-9.48695189889852	-10.3212700623392	-8.73814021271022	-9.90927220214741	-9.55715989947179	-10.1262389282385	-10.1953583187046	-10.8048184079055	-9.73417564251323	-9.17098330781569	-9.67945709687292	-10.2478314798455	-9.84979944182332	-9.88603766899763	-9.00668892644128	-9.90927220214741	-8.7519139477734	-9.44450501716177	-10.4294941934638	-9.40210705540637	-10.2478314798455	-9.55623862252706	-9.55623862252706	-11.3841159963063	-9.90905302885549	-9.59103560084528	-9.88159988713767	-9.62392622439874	-10.3435651195597	-10.1489771751573	-9.83677122062553	-9.83677122062553	-9.89165071486823	-9.40210705540637	-9.92348558392375	-10.9917861952448	-10.1877879069113	-9.88797441026017	-9.76288383034321	-9.96252269439886	-9.90927220214741	-9.72086755160854	-11.3447364934696	-10.1162866764429	-10.1162866764429	-10.9647319869106	-14.1299632518837	-9.38729570138329	-10.3841159963063	-9.06825981775144	-9.73815448876917	-10.4465870922972	-10.3208074040015	-10.3603851156617	-9.8716968976735	-9.15707989673227	-9.62363848482605	-10.3642918872222	-10.6251137571234	-9.62064819402247	-9.90927220214741	-10.4839867941964	-9.91161212473306	-9.92297507037593	-11.3841159963063	-11.3841159963063	-9.84492364429106	-11.3447364934696	-10.7252432207958	-9.46216465380528	-9.66748837883928	-11.3841159963063	-9.90722787846915	-9.40082243716891	-9.90927220214741	-10.7889704283154	-11.3841159963063	-9.06036537607386	-9.88458753561394	-9.90927220214741	-9.90722787846915	-9.90722787846915	-11.1947223696061	-9.90722787846915	-11.1991816979928	-10.1728424076797	-8.95972648228279	-9.50879972106496	-9.25084462731921	-9.90927220214741	-9.92212854728894	-11.3447364934696	-10.3212700623392	-11.3841159963063	-9.66783444194069	-10.1779508159069	-9.9053248818847	-10.2860952978455	-9.66489678174962	-9.98509582634689	-9.82466001142655	-10.0079933453553	-10.1573905147851	-9.9699088339001	-9.63986397133032	-9.90927220214741	-9.88999161372926	-8.56903451066662	-9.74358443236058	-10.7579320913959	-9.18333974952273	-10.7579320913959	-9.90927220214741	-9.73632830047996	-9.56999980369702	-9.3217357864147	-10.9393570157454	-11.3337515726931	-10.2478314798455	-11.306403386367	-10.989080995363	-10.1951284896236	-11.3447364934696	-10.3972602709803	-9.72149220181348	-9.85282587072649	-9.17355302186992	-10.2297831996374	-9.03641363408593	-9.89266731562454	-9.71011527933614	-9.71435627796131	-10.283547411022	-10.2427701116555	-9.78463601416244	-9.88947695887198	-9.95339975636799	-9.75687330596786	-9.88735540638256	-9.96845719968673	-11.0986971143959	-10.3212700623392	-9.48711111064308	-10.2478314798455	-9.64986776078781	-10.3212700623392	-9.90892154086095	-9.90927220214741	-9.70554028178092	-10.5517779008808	-9.92348558392375	-9.55887698944003	-9.75250958707176	-9.91408779627703	-9.65307712150234	-9.67339517950829	-11.2425013083337	-10.1748224706111	-10.1262389282385	-10.1910368957271	-9.91183168717579	-9.97991493586446	-9.90927220214741	-10.5920814109968	-10.5920814109968	-10.5956183913362	-11.3447364934696	-11.3447364934696	-10.6655766409091	-9.93295241806659	-9.72378661589117	-9.71121161946303	-10.1162866764429	-9.85683061558476	-11.195898293842	-10.0142675684936	-9.790363855852	-10.2911113099087	-9.4351847836844	-9.37812534528384	-11.3411680535729	-10.1162866764429	-9.74606695329442	-9.90722787846915	-9.53700502519643	-10.1221820379522	-10.1221820379522	-9.8936730687798	-9.76527946398342	-9.87499938439346	-9.92270513189812	-9.9306666379667	-9.90722787846915	-10.461961015475	-9.0192312851864	-9.63566322508007	-9.82635184538441	-9.82635184538441	-9.90722787846915	-9.95414574215738	-11.1663927263762	-9.92973258892052	-10.2178981656105	-10.5073512936046	-11.3411680535729	-10.6045344570677	-9.81071035278163	-9.90927220214741	-9.98900223412699	-10.6943635144655	-9.90927220214741	-10.2956729600845	-9.95652039289028	-9.9074467746397	-9.40887994531639	-9.82050435286846	-9.90722787846915	-9.90927220214741	-9.56345403102716	-9.56345403102716	-10.2478314798455	-10.7666713653222	-11.2994617646324	-9.94665519679524	-9.76666871784739	-9.91179801876549	-9.91179801876549	-10.9170745050639	-9.74274962793039	-10.2478314798455	-9.6476488516422	-8.01500679269939	-10.0735007584751	-9.90722787846915	-9.90722787846915	-9.88453438696119	-9.85522794640864	-11.3841159963063	-9.49591906448857	-9.87260265426998	-9.4411873290362	-10.9689901590306	-10.2452469305321	-9.61353215737826	-10.1646055752176	-9.81098060244027	-10.0466266844362	-9.99042523211883	-9.99042523211883	-9.90540503415952	-9.89635416534273	-9.76666871784739	-9.70734821349683	-9.87621566803451	-9.66826713758445	-9.27443167145958	-8.57253041120692	-11.3447364934696	-10.1322007642712	-9.74500640465078	-9.90722787846915	-10.9689901590306	-9.90722787846915	-9.80942803956138	-9.7835454019141	-9.76044867210476	-10.062974449574	-10.7648034561716	-10.2095303512102	-9.90927220214741	-9.88374744148618	-9.90927220214741	-10.223494104402	-9.28065332636555	-11.3447364934696	-10.0607621576717	-10.8048184079055	-10.8228366529226	-9.69190672576026	-9.36226416648829	-9.90927220214741	-8.51752596920276	-10.2326491391765	-9.82419844534595	-10.2478314798455	-9.81049609989024	-9.6918966707086	-9.75084189264269	-8.27093793683312	-11.1366571441373	-11.1781233447564	-9.48196634812447	-10.490165705391	-10.4126801526927	-9.85955698699857	-11.2874696873555	-11.2472144595471	-9.48407276395898	-11.7033202872602	-10.4460994159513	-10.4366520144423	-11.608813886404	-10.585990732921	-10.6140441317829	-9.95392416671435	-12.8089236116945	-12.8826366835969	-9.07989604075695	-11.0428001348037	-10.0096529438108	-13.6837962577936	-10.6869518021607	-10.7636748876619	-9.48485978859428	-9.62778267278341	-12.8219808549846	-10.8135081116221	-10.6489963801766	-10.6714979095341	-11.8807443384768	-10.2139653657615	-10.8809420584141	-9.91885479265057	-8.93901313729422	-10.040402482844	-12.4612410093795	-10.0566390113681	-11.8807443384768	-10.5619784243145	-8.83428381416797	-9.27720673980557	-12.3569013602553	-10.4874557661061	-12.7287229071643	-10.2313150109978	-10.5893699672662	-14.3012477291332	-10.6903050856954	-10.5929425456885	-12.381608082977	-13.6248257806284	-10.3110755001238	-10.1826587390517	-8.77447335912826	-10.5929425456885	-9.32373553804843	-10.3997503999551	-14.254135010085	-10.336633414436	-11.2308036177813	-9.90498537708492	-10.7795717826908	-12.1131224601236	-9.7635137356334	-12.4117793619353	-11.1312784137976	-10.9295162130448	-10.5375594347566	-13.7973566617223	-11.0330868518959	-11.3216434074742	-14.6697070938592	-10.1947009980348	-10.7015173930034	-12.5513263152997	-11.2602686310775	-10.9103378587415	-10.2905097610278	-11.8155579603227	-11.9284585132557	-14.2589236240531	-10.3148469558369	-11.3878575540149	-12.134076266126	-9.65737926768251	-11.7353189230691	-10.2940159777437	-12.9629139296221	-11.2348265991446	-10.4011285863299	-11.4850797532842	-9.96106180786335	-12.0167890111608	-13.0815137081536	-10.4200546160309	-11.757740005538	-12.3656807079541	-13.6590528603492	-10.8751563586832	-10.3464923717209	-9.75779131364057	-12.3656807079541	-10.5771069354597	-14.3542095116578	-11.757740005538	-11.7355002738949	-11.1207093213739	-12.7029504089755	-12.6210777343819	-9.89603413972212	-11.2338417606086	-11.2904126991099	-10.5511575771705	-10.3114906311068	-10.3162025247001	-10.1229647128088	-10.48949047408	-12.68573731431	-9.82332669505666	-9.13322098061772	-12.6694001785429	-9.82332669505666	-11.4575779763828	-11.3591989761302	-11.5805119398474	-15.3171347330191	-13.0048921994381	-14.1233850251666	-11.1963404041445	-14.1779965868562	-12.6614825926856	-10.9520203224195	-12.464346458536	-10.3187233939449	-12.0901411153433	-10.9814995120354	-13.1637720959441	-12.6574418543213	-12.8470662375421	-14.0680224527589	-12.186152873909	-15.734345199957	-13.831907327675	-12.1498522141519	-12.8801255642347	-10.8824788933318	-12.8431415079625	-10.8402885315492	-13.0247898485007	-14.1548606642053	-11.1314113595611	-10.4284173989855	-13.9699073099085	-12.1498522141519	-10.3958202561318	-12.7612172948874	-15.1839521384406	-11.0378075185351	-11.0378075185351	-11.0323259745522	-13.8541262641628	-14.2227366759334	-11.6454942034442	-12.0970351094876	-13.3015238694424	-13.3015238694424	-10.6800117118674	-13.0028575707603	-12.3588956088476	-11.9285473657532	-15.2968060720142	-11.0443783197306	-10.9257688742088	-10.1609491698016	-15.7627900943663	-14.6806800257053	-12.3866771023391	-11.2945712747662	-11.2945712747662	-11.5797070293372	-8.97342515616105	-10.2987514428802	-10.9294154463158	-10.5235132842751	-10.5459205570471	-11.0130501088916	-11.7805631595058	-11.3179841289338	-11.34182265896	-12.1826446099429	-15.8862102298543	-11.5341347636555	-11.5341347636555	-11.1297112592922	-11.1297112592922	-11.0851770255034	-12.1227681571187	-11.1610866181281	-11.7346041047261	-10.6167522819144	-13.0853520158909	-11.2427075091479	-10.5477937768541	-11.0130124233126	-14.7136594243218	-12.064223406731	-14.252947753267	-9.61935436352972	-10.5589973425468	-11.0851770255034	-10.9294154463158	-10.5828128299356	-15.8862102298543	-11.9278248574667	-10.9389750993769	-12.770202121889	-12.8974132176599	-15.8862102298543	-9.91885773466261	-11.1286799106272	-13.8843017051003	-13.1327312549757	-10.6462124679205	-10.6874679559909	-9.80925078805037	-14.0832667192954	-14.3625722444415	-14.3625722444415	-11.5347387921704	-10.0862652818092	-14.4620896258131	-11.9554894893963	-11.8143698426757	-9.2025075083851	-14.2315378890394	-12.0984471917657	-10.5995412753471	-10.580228076212	-10.6518834712344	-13.8479958704636	-10.9250802574	-10.329838510413	-10.7601811345317	-11.9251038954475	-11.2393603921818	-15.687079570619	-12.4927230844689	-14.203343071751	-10.5220757145094	-10.6302445630834	-12.8397063588173	-12.2108228645753	-12.3018767923273	-12.900721420551	-15.3818432681922	-14.9048294939207	-10.6053580779699	-10.528323784584	-11.8558994987578	-11.289914170214	-10.5665595701878	-13.4176622485409	-10.8687542682535	-11.0302745613662	-11.9928511159296	-10.4822032615289	-10.5526153047218	-13.7066128330863	-13.1077400532333	-16.9344059193727	-10.6645279904153	-12.9767754952207	-15.8862102298543	-12.9670328806786	-14.7791898435309	-14.0441825566818	-12.1762723775225	-12.5448917759918	-12.1843623104133	-12.9880898438736	-11.2771822250055	-10.8047395760473	-12.2839793250208	-12.2839793250208	-15.8126468949788	-11.666858262838	-10.4254070610508	-12.2834261952436	-10.8821863097854	-11.4694265046421	-12.3926871001787	-10.6872574631989	-10.6872574631989	-10.2243791828196	-13.1666756622079	-10.5473297919652	-12.2432931328586	-10.7196331559416	-15.0007137075365	-9.88008976366241	-10.6438861011917	-11.4563391017605	-11.9725065302698	-10.4563860741505	-11.1367392610563	-10.6717978345392	-12.689296023695	-12.0983339077673	-16.6628320243723	-10.6852042642222	-11.1367392610563	-10.6852042642222	-10.6852042642222	-12.2157225950993	-12.3412350778243	-12.2708299792407	-12.6845463566182	-12.6845463566182	-12.1814864936555	-12.5724042959884	-12.7375796646268	-11.021443928197	-12.9081197235013	-14.3814215840295	-11.1572568887668	-14.3814215840295	-14.3814215840295	-12.3673819805465	-10.6718350196693	-15.7755198390814	-10.028230821589	-12.8613114702835	-12.1693120762998	-10.7074028421963	-10.549423454836	-15.8862102298543	-15.610271693855	-16.1250946529791	-15.3753694182405	-15.8862102298543	-11.8646964986718	-12.2834261952436	-10.9891489496885	-12.2132237459298	-10.0893876308654	-12.4664348115688	-15.0895846580376	-15.0303095222694	-11.0392203398718	-12.4457369460022	-11.540639097963	-15.0778695236512	-14.9961375092519	-16.3193077006782	-14.2530961069481	-14.7775670623293	-14.7775670623293	-16.237308149664	-12.6708858594111	-13.3360243714791	-15.1040692419519	-19.2336734168488	-16.5595591231694	-15.4507475178193	-12.4547514806679	-11.1160168240382	-13.4632905421639	-13.4632905421639	-9.91225187646961	-16.062811904474	-13.8116851273937	-13.1612362603086	-13.1612362603086	-11.1013155726323	-13.1963511020402	-13.1963511020402	-19.5346756728817	-19.2336734168488	-23.2161328293032	-12.8435882319298	-14.5804793624948	-10.6227516489066	-12.235277139729	-12.235277139729	-18.6178169081819	-13.8767613302013	-11.1233172245678	-10.8121959865904	-11.1233172245678	-15.3315998375381	-13.4308423665782	-23.2161328293032	-14.7370400833517	-13.0621359133452	-15.9603319189617	-11.3015008557311	-13.195894728987	-15.0082061682408	-16.5595591231694	-16.5595591231694	-12.195894728987	-15.2016527434488	-10.1589463463565	-10.1589463463565	-9.95348714485597	-15.6628320243723	-11.6740058125644	-15.3690531057027	-16.1250946529791	-15.5595591231694	-16.6628320243723	-16.6628320243723	-13.3160339775251	-15.0426174078467	-16.5595591231694	-16.5595591231694	-15.3260335638665	-11.1116555953331	-11.1233172245678	-11.2123400742025	-19.5346756728817	-16.3868480045043	-16.1250946529791	-10.1743816363655	-14.2746500169202	-14.0416688819356	-13.8767613302013	-16.1250946529791	-13.0502152597528	-16.6628320243723	-11.1959945482571	-15.5431402218874	-16.6628320243723	-15.610271693855	-16.6628320243723	-10.6873251182472	-10.9524328096174	-11.2482232584247	-15.1889386777176	-15.4946950751908	-15.215520215057	-16.1250946529791	-15.5182506693819	-11.2563934933489	-14.9745966224483	-14.9745966224483	-16.6628320243723	-16.5595591231694	-16.5595591231694	-15.1839521384406	-13.0502281496477	-13.0502281496477	-15.5431402218874	-16.1250946529791	-10.5777361976659	-16.6628320243723	-12.195894728987	-15.8738383051854	-16.1250946529791	-15.3260335638665	-16.5595591231694	-16.1250946529791	-11.0345237437334	-14.4189432319928	-14.8147913208185	-16.5595591231694	-14.9745966224483	-15.3260335638665	-9.65031830251613	-16.1250946529791	-9.61280736948039	-16.6628320243723	-15.2500430966308	-13.8827858829935	-14.7109670672462	-13.1791519039033	-19.5346756728817	-12.1930456635518	-10.254476527328	-15.5595591231694	-11.2297959732207	-10.7486962472831	-13.0414895012186	-12.0932585927946	-11.7935916582338	-16.5595591231694	-11.2576207967329	-15.5595591231694	-12.3337241168814	-16.6628320243723	-12.1166274372084	-13.182835364588	-13.0504344036301	-13.195894728987	-11.6109322282658	-13.551381045418	-13.093723474852	-13.093723474852	-13.093723474852	-11.7415184894962	-18.5815967202692	-18.5815967202692	-13.8365905778684	-10.5584724473575	-16.1250946529791	-16.2716412670479	-17.3355530308681	-15.4084957240585	-14.437334564085	-12.9941771737525	-12.3258775175465	-16.5595591231694	-16.6628320243723	-15.3299715133913	-15.7431532951855	-14.380384117046	-14.7784209301578	-14.8175531317039	-14.9310315261128	-9.85234115907586	-14.5267625912384	-13.7522042011118	-9.61828501945276	-14.5595591231694	-10.1115311823147	-11.1233172245678	-10.6522380387928	-13.7522042011118	-16.5595591231694	-15.8959993900814	-9.1385247484654	-17.9613011464357	-9.93935701574541	-10.5334341369856	-12.551444899847	-16.4304732234992	-15.5595591231694	-13.195894728987	-16.4304732234992	-11.261047892867	-11.261047892867	-16.5595591231694	-11.261047892867	-11.261047892867	-14.1077400532333	-16.5595591231694	-16.5595591231694	-14.1077400532333	-15.7755198390814	-16.4780921445153	-14.0745884327648	-11.261047892867	-16.6628320243723	-12.5202311069835	-12.143904823459	-11.5420205234948	-13.093723474852	-12.0298709831921	-16.5595591231694	-16.5595591231694	-16.5595591231694	-16.5595591231694	-11.7736404457707	-13.7522042011118	-13.9745966224483	-13.803057950041	-14.5595591231694	-14.5595591231694	-13.1623225012687	-14.5595591231694	-13.7791043884714	-14.9302721879376	-10.8929389154712	-14.9745966224483	-11.1895348151061	-13.7641214520792	-10.1601247547233	-15.5595591231694	-15.5595591231694	-12.7038220545706	-12.7038220545706	-14.6497652181005	-15.5595591231694	-11.4382788686945	-14.7460734781465	-13.0621359133452	-13.0621359133452	-16.5595591231694	-15.5595591231694	-14.6097776787695	-12.6873501764776	-15.5595591231694	-15.5595591231694	-13.4693101646963	-15.5595591231694	-10.7691170585996	-11.0903763493355	-15.5595591231694	-13.6457863356798	-15.5595591231694	-15.5595591231694	-15.5595591231694	-12.8846349401184	-15.5595591231694	-15.5595591231694	-10.73827000026	-15.5595591231694	-15.4315473566644	-15.4315473566644	-15.3076739982926	-15.5595591231694	-15.5595591231694	-13.9885096878537	-15.5595591231694	-15.5595591231694	-16.5595591231694	-11.1233172245678	-16.5595591231694	-15.610271693855	-16.5595591231694	-16.5595591231694	-16.5595591231694	-16.3119947413871	-16.4304732234992	-15.813171765846	-15.5595591231694	-16.5595591231694	-16.5595591231694	-16.5595591231694	-12.9687251774898	-16.5595591231694	-11.2182873290802	-16.5595591231694	-15.3260335638665	-20.1429079529257	-20.1429079529257	-16.5595591231694	-16.5595591231694	-18.5346756728817	-16.5595591231694	-16.3868480045043	-16.5595591231694	-16.5595591231694	-16.5595591231694	-10.5028857128424	-16.5595591231694	-11.4673811514131	-16.5595591231694	-16.5595591231694	-14.8584985487324	-16.5595591231694	-16.5595591231694	-12.7965888191544	-16.5595591231694	-16.5595591231694	-16.5595591231694	-16.5595591231694	-16.5595591231694	-14.7136594243218	-16.5595591231694	-16.5595591231694	-16.5595591231694	-16.5595591231694	-16.5595591231694	-16.5595591231694	-16.5595591231694	-11.1190859975907	-14.2176900514895	-16.5595591231694	-16.5595591231694	-15.5595591231694	-16.5595591231694	-16.5595591231694	-16.5595591231694	-16.5595591231694	-15.4946950751908	-16.5595591231694	-16.5595591231694	-16.5595591231694	-13.0621359133452	-16.5595591231694	-16.5595591231694	-16.5595591231694	-17.1210815904725	-12.9687251774898	-12.826907950118	-15.5595591231694	-16.5595591231694	-12.0804734533842	-16.3868480045043	-15.3260335638665	-14.9745966224483	-16.5595591231694	-16.5595591231694	-16.5595591231694	-16.5595591231694	-16.5595591231694	-16.5595591231694	-16.5595591231694	-16.5595591231694	-9.18008422870974	-16.5595591231694	-16.5595591231694	-16.5595591231694	-16.5595591231694	-16.3868480045043	-16.5595591231694	-14.2543428805178	-12.9687251774898	-12.9687251774898	-16.5595591231694	-16.5595591231694	-16.5595591231694	-13.0621359133452	-20.1429079529257	-16.5595591231694	-11.2273200129154	-16.5595591231694	-16.5595591231694	-16.5595591231694	-16.5595591231694	-16.5595591231694	-16.5595591231694	-16.5595591231694	-15.4946950751908	-10.9003263590048	-14.7370400833517	-16.5595591231694	-16.5595591231694	-14.8448397954345	-13.1039220684468	-16.5595591231694	-19.057516461695	-13.0707916924107	-16.5595591231694	-9.60591215652407	-15.754869660161	-11.0777709822734	-16.5595591231694	-16.5595591231694	-16.5595591231694	-15.610271693855	-16.5595591231694	-16.5595591231694	-16.5595591231694	-16.5595591231694	-11.261047892867	-16.5595591231694	-16.5595591231694	-16.5595591231694	-16.3868480045043	-16.5595591231694	-11.7415184894962	-12.6767444267167	-16.5595591231694	-16.5595591231694	-16.5595591231694	-11.1233172245678	-16.5595591231694	-15.5595591231694	-10.811786192132	-16.5595591231694	-16.5595591231694	-16.5595591231694	-16.5595591231694	-11.228851033392	-15.3260335638665	-16.5595591231694	-16.5595591231694	-16.5595591231694	-16.5595591231694	-12.9893991727504	-12.9147110454835	-13.0621359133452	-12.4039177391952	-12.9687251774898	-16.5595591231694	-11.5523756708734	-13.1039220684468	-19.9768980014867	-16.3868480045043	-16.5595591231694	-16.4326222901525	-11.2123400742025	-16.5595591231694	-16.5595591231694	-13.0091078839803	-16.5595591231694	-16.5595591231694	-16.5595591231694	-15.3299715133913	-16.5595591231694	-16.5595591231694	-16.5595591231694	-16.5595591231694	-16.5595591231694	-16.5595591231694	-16.5595591231694	-16.5595591231694	-16.5595591231694	-16.5595591231694	-16.5595591231694	-16.5595591231694	-15.4946950751908	-16.5595591231694	-16.5595591231694	-12.9192946900615	-15.0082061682408	-16.5595591231694	-16.5595591231694	-16.5595591231694	-16.3868480045043	-16.3119947413871	-12.9687251774898	-13.0621359133452	-16.5595591231694	-16.5595591231694	-16.5595591231694	-16.5595591231694	-16.3868480045043	-11.0655288113883	-10.8966076296686	-11.5933815232473	-16.5595591231694	-16.5595591231694	-16.5595591231694	-16.5595591231694	-16.5595591231694	-16.5595591231694	-16.5595591231694	-16.5595591231694	-14.1984208535187	-14.0053794381394	-16.5595591231694	-16.5595591231694	-16.5595591231694	-16.5595591231694	-16.5595591231694	-13.0502281496477	-15.4946950751908	-16.5595591231694	-14.2813216952647	-11.1233172245678	-9.99352948389656	-16.5595591231694	-16.5595591231694	-16.5595591231694	-10.0271394726337	-19.5346756728817	-19.5346756728817	-19.5346756728817	-19.5346756728817	-19.5346756728817	-16.3868480045043	-16.2736865340956	-19.5346756728817	-19.5346756728817	-9.66110483024884	-10.3564550262244	-19.5346756728817	-19.5346756728817	-19.5346756728817	-14.2973567073071	-16.4780921445153	-13.0344089946945	-19.5346756728817	-19.5346756728817	-19.5346756728817	-19.5346756728817	-19.5346756728817	-19.5346756728817	-10.3007607771117	-12.6319074511774	-19.5346756728817	-14.4017698608702	-14.0905387162941	-18.3919355007656	-18.3919355007656	-12.6061063711656	-14.4635995108707	-19.9768980014867	-15.7260846847417	-16.9535654976561	-15.3720789068932	-16.6628320243723	-13.1039220684468	-13.1039220684468	-17.1210815904725	-19.9768980014867	-12.3091539386251	-19.9768980014867	-11.7450559578255	-12.8597857116795	-19.9768980014867	-12.936334290328	-19.9768980014867	-19.9768980014867	-16.524611989537	-17.1210815904725	-19.9768980014867	-13.939291366674	-15.7361688781417	-16.8104619861243	-8.56639192143065	-10.4404818371155	-11.0016668347532	-9.66461555440481	-10.2093216415047	-9.84262794634741	-12.143904823459	-11.1570278443836	-11.2981792277281	-11.1570278443836	-11.0647864414325	-11.1570278443836	-11.1570278443836	-11.1570278443836	-11.5937994976627	-13.093723474852	-11.1004611327245	-11.2981792277281	-24.0605203755451	-24.0605203755451	-12.143904823459	-11.3306758511688	-11.2981792277281	-11.6577315062812	-11.7935916582338	-11.1570278443836	-11.1570278443836	-11.1570278443836	-11.1570278443836	-11.1570278443836	-11.0284641093319	-11.0522274770038	-10.2258779659472	-13.4334794515573	-14.8476597894313	-15.4326222901525	-12.9183062122747	-15.4326222901525	-15.4326222901525	-14.5431402218874	-14.5431402218874	-15.4326222901525	-15.4326222901525	-11.5607981064959	-11.5607981064959	-12.6682819751649	-16.4326222901525	-16.4326222901525	-16.4326222901525	-15.8862102298543	-16.4326222901525	-12.0241377657659	-13.9457512060081	-11.1657083210181	-13.093723474852	-13.093723474852	-13.093723474852	-11.7935916582338	-16.8280346155723	-17.3355530308681	-17.3355530308681	-12.040618540568	-12.9955168617736	-12.9955168617736	-12.9955168617736	-12.9955168617736	-14.5804793624948	-14.5804793624948	-14.5804793624948	-14.5804793624948	-14.5804793624948	-14.5292756851391	-14.5804793624948	-14.5804793624948	-14.5804793624948	-11.5937994976627	-11.5937994976627	-12.5809448230702	-14.5804793624948	-10.9329761854502	-15.3690531057027	-16.1250946529791	-11.0867130428163	-14.1077400532333	-16.1250946529791	-16.1250946529791	-16.1250946529791	-16.1250946529791	-16.1250946529791	-16.5595591231694	-16.5595591231694	-16.6628320243723	-22.0605203755451	-12.093723474852	-12.9272506622578	-11.2981792277281	-13.093723474852	-24.0605203755451	-13.093723474852	-16.1250946529791	-13.093723474852	-13.093723474852	-13.093723474852	-13.093723474852	-12.8611305553233	-13.195894728987	-13.195894728987	-11.3306758511688	-13.1732582060925	-13.195894728987	-19.1785318626564	-12.5809448230702	-12.195894728987	-13.195894728987	-13.195894728987	-13.093723474852	-11.7935916582338	-11.7935916582338	-11.7935916582338	-20.1429079529257	-14.1077400532333	-15.8862102298543	-23.2161328293032	-20.1429079529257	-14.1077400532333	-16.5595591231694	-16.6628320243723	-16.6628320243723	-21.7385922806577	-22.0605203755451	-16.6628320243723	-24.0605203755451	-16.1250946529791	-15.8862102298543	-16.6628320243723	-16.6628320243723	-16.6628320243723	-17.3355530308681	-15.5595591231694	-16.5595591231694	-16.5595591231694	-23.2161328293032	-19.3711769405988	-15.8126468949788	-19.5346756728817	-14.5804793624948	-14.5804793624948	-16.6628320243723	-14.1077400532333	-13.195894728987	-14.1077400532333	-14.1077400532333	-20.1429079529257	-20.1429079529257	-15.8862102298543	-15.8862102298543	-17.3355530308681	-13.195894728987	-13.195894728987	-24.0605203755451	-19.1785318626564	-16.5595591231694
Plate4_2402R_0_F_S5_week5_S15_L001	-6.20882948491775	-6.1963963879896	-6.30635287442053	-6.52547697102272	-6.5935837769885	-6.82400212999218	-7.49380922401302	-7.05609821190591	-6.77839905570589	-7.61941364497742	-7.15711776845346	-8.02439407716435	-8.15717167259674	-7.97919971712654	-8.26185646516956	-7.87641625449692	-7.50453185030151	-7.30994010322337	-7.92487964495688	-8.09164352242004	-9.13032689556306	-8.79946825657901	-8.40769373408552	-7.82716478572197	-8.53698183908482	-8.17473607885597	-8.25211567147593	-8.61149782196216	-8.61149782196216	-8.00000399001324	-9.35500054682359	-9.03890227648031	-9.28651544350046	-9.35500054682359	-8.47178366109011	-8.79604351791454	-9.03995137273564	-8.88291878843237	-9.037406730521	-8.75665905171368	-9.07948533070567	-9.15367208578451	-8.57945951756217	-8.90584142859139	-9.12037820332065	-9.19474702535251	-9.39483326358502	-9.39483326358502	-8.76067896463562	-8.90419087267999	-9.75081093984849	-9.10402109918689	-8.89250656615493	-8.62936115452083	-8.56462919342567	-8.84867381331161	-8.63575912210549	-8.76012010604034	-8.68495005201015	-8.8520310254303	-8.78649716738198	-9.02094640066739	-8.67058390169448	-8.67058390169448	-9.13751391742641	-8.57665116028273	-8.60347352131608	-11.3774001773501	-9.07836865358841	-8.89676502594713	-8.8809745163993	-9.09007695145759	-8.88015155015483	-9.14944267259604	-8.60172041758542	-8.66901636621857	-8.9436066430943	-10.3792574972173	-8.34745406034929	-8.82078401319112	-9.03983455367717	-9.37435660516946	-9.0404323021807	-9.0404323021807	-9.0224708825088	-8.87368876953448	-8.32297972862812	-9.23978381962046	-9.04407902163708	-8.76012010604034	-8.63604837449003	-8.87294525529702	-8.88656622545291	-8.24298915765321	-8.27304993823339	-9.35650124962062	-9.04318927976818	-8.73887205211061	-8.556564271457	-9.10754554493645	-8.77978210042148	-8.76141043397829	-8.88664805508693	-8.47691703579899	-8.98593953854213	-8.82744411119561	-9.65831446394048	-9.74111908349374	-9.7014158835478	-9.89576070151804	-10.394833263585	-10.2080965551556	-19.8247411310804	-10.3917000159939	-10.3771897883832	-8.63471673383748	-9.72804885416381	-9.185147724045	-9.30786343683826	-10.1957051570305	-10.1957051570305	-9.87400745364464	-9.83468419271402	-9.83468419271402	-9.69793990507619	-9.71143065546851	-9.6025714411533	-9.08528151549254	-9.43275501123252	-10.372861612083	-9.58821717695858	-9.50158148534461	-10.3863299792575	-9.35545991100624	-9.61617570124573	-9.75207710437852	-9.76067896463562	-9.76067896463562	-9.76067896463562	-9.8782329269282	-10.3792574972173	-9.76067896463562	-9.85243337353073	-9.02736046187867	-9.02736046187867	-9.71977734599626	-9.41896665251065	-9.41896665251065	-9.74453670203687	-9.82716951960151	-9.4761291188906	-9.76817932930572	-10.2928119818846	-9.85243337353073	-9.76632754252408	-9.07141619250541	-10.2928119818846	-9.91079619452466	-9.64648798918504	-9.71320399650469	-9.42621422448126	-10.2651399459475	-9.45307363132768	-9.04265569791503	-9.70885270980283	-9.75321739170032	-9.47827375005443	-9.46767783062598	-9.6419235131869	-9.91079619452466	-10.097786452315	-9.50253906971031	-9.89576070151804	-9.76067896463562	-9.09454781312963	-9.71015343170992	-9.71015343170992	-9.90688399138836	-9.39918822079052	-9.92661879235115	-9.13483966035606	-9.54648421447175	-9.58861269902326	-9.76976372874875	-9.69060355949003	-9.56109489394365	-9.01209462792334	-9.76067896463562	-9.73522951110218	-9.76632754252408	-10.3076450755086	-9.82810546203369	-10.0385308238197	-9.47645663740708	-9.71320399650469	-9.23122251234929	-9.29089056274651	-9.76067896463562	-9.55788157686024	-9.40552668396076	-9.99373764794725	-9.29538993163512	-10.301483987131	-10.3594711008441	-9.86358498532168	-9.30956561187323	-9.39385133034628	-9.7621422743757	-9.56056609685463	-9.76067896463562	-9.75199146055578	-9.76067896463562	-9.8241163322067	-9.71320399650469	-9.4292120676543	-10.0053080392159	-10.0053080392159	-10.1534423400944	-9.67717075337843	-9.75062396297844	-9.76492185786148	-9.63771917326132	-9.76765336399337	-9.76765336399337	-9.89551075151867	-9.76067896463562	-9.64648798918504	-9.76067896463562	-9.75519652174859	-9.69950300810183	-9.17985552386825	-9.82517598178166	-9.823277392873	-9.65814008863959	-9.90688399138836	-9.90688399138836	-9.90688399138836	-10.394833263585	-10.0173125023489	-9.65640343094007	-9.90688399138836	-9.59765520822241	-9.65602548494696	-9.76765336399337	-9.7621422743757	-10.3356487866305	-9.70652727019032	-10.3792574972173	-10.2110613958528	-9.88371669217143	-9.89093405238842	-9.76067896463562	-9.90688399138836	-9.81990212364227	-9.56695704095381	-10.0038481573757	-8.8863880734373	-9.7621422743757	-9.57284497268842	-9.89859025674771	-9.82373291529212	-10.2788441134136	-9.65137753282569	-9.32311913161337	-9.62931211268372	-9.90688399138836	-9.67441276541533	-9.74461559298329	-8.82036046155204	-9.7621422743757	-8.95572251915807	-9.4958315824103	-10.0660814483431	-9.43942263729396	-9.90688399138836	-9.56320738456591	-9.56320738456591	-10.394833263585	-9.76485998371054	-9.58828135932649	-9.75559182581661	-9.64771792045876	-9.99138923039632	-9.90464917104594	-9.668754859969	-9.668754859969	-9.75321739170032	-9.43942263729396	-9.77501504757626	-10.2915435581749	-9.87035314198607	-9.75519440244765	-9.78715625805981	-9.69917577794971	-9.7621422743757	-9.63837865348868	-10.3771897883832	-9.89022639819494	-9.89022639819494	-10.2993578341569	-13.7171576216187	-9.03450579853006	-9.39483326358502	-8.54525422424756	-9.64889771238141	-10.0948266968621	-9.95842582797524	-10.002079133951	-9.74359980749636	-9.41627817457337	-9.54472478982674	-9.3870243604253	-10.1546452444155	-9.58312003176249	-9.7621422743757	-10.1193187652309	-9.76416674795271	-9.76817932930572	-10.394833263585	-10.394833263585	-9.68590869281384	-10.3792574972173	-10.1921819642003	-9.57383797986313	-9.64398417734039	-10.394833263585	-9.76067896463562	-9.43608497234058	-9.7621422743757	-10.2215876019296	-10.394833263585	-9.26618299865266	-9.6905610034293	-9.7621422743757	-9.76067896463562	-9.76067896463562	-10.2450441986484	-9.76067896463562	-10.2508967071283	-9.93559796172076	-9.206956235712	-9.55386321819277	-9.30949169779535	-9.7621422743757	-9.77412901537605	-10.3792574972173	-10.0070419137545	-10.394833263585	-9.65035040750347	-9.81323033935379	-9.8262965208113	-9.99406648157985	-9.69021249626518	-9.86943527367231	-9.79689621389417	-9.80743283844265	-9.92921546090181	-9.86139109828846	-9.69208569861757	-9.7621422743757	-9.75665215701107	-8.812043842619	-9.69155329148029	-10.095761618722	-9.2801471566123	-10.095761618722	-9.7621422743757	-9.62234668099291	-9.55477960725701	-9.49337610382776	-10.2868792112992	-10.3704247940313	-9.90688399138836	-10.3638480969342	-10.1669524838455	-9.89381947140054	-10.3792574972173	-10.8777091123138	-9.63959288532262	-9.69709791733881	-9.25153408729567	-9.89576070151804	-9.19634378561936	-9.75006951305947	-9.63789891280075	-9.69770976047401	-9.9833002738413	-9.90828074671743	-9.61270018984722	-9.75475259618188	-9.84314681868598	-9.70955066257622	-9.75104126105254	-9.71869520335016	-10.2227857052798	-10.0070419137545	-9.4658003051713	-9.90688399138836	-9.6159553498363	-10.0070419137545	-9.75439882493122	-9.7621422743757	-9.63640209238957	-10.0712499660725	-9.77501504757626	-9.55665568649464	-9.69412384394201	-9.74287468406437	-9.64159929037112	-9.65417379385413	-10.3507583476809	-9.9394299829921	-9.89859025674771	-9.80382914136768	-9.75010752567847	-9.86165688094111	-9.7621422743757	-10.0758480369315	-10.0758480369315	-10.1153770995754	-10.3792574972173	-10.3792574972173	-10.2788441134136	-9.77346350670391	-9.66424386060949	-9.65483688679483	-9.89022639819494	-9.69384759185395	-10.2508967071283	-9.80150315480871	-9.65424097866635	-9.950896475943	-9.55560983820209	-9.52957834650096	-10.3819187058128	-9.89022639819494	-9.65730615283209	-9.76067896463562	-9.50548426572361	-9.85228148810593	-9.85228148810593	-9.75467314897663	-9.6546016565046	-9.70305838821105	-9.76542868570363	-9.77185467377196	-9.76067896463562	-9.96867186470748	-9.16849829718586	-9.56435344603183	-9.6582500615168	-9.6582500615168	-9.76067896463562	-9.63418169324261	-10.3399524052725	-9.76925751601438	-9.87580813288646	-10.1620720531139	-10.3819187058128	-10.0980269893948	-9.6060292972528	-9.7621422743757	-9.84603405751854	-10.1801706026846	-9.7621422743757	-10.0005383541913	-9.84266148230298	-9.75796911260652	-9.44928247624535	-9.75106661976238	-9.76067896463562	-9.7621422743757	-9.55404018159307	-9.55404018159307	-9.90688399138836	-10.2595766714814	-10.3717970285902	-9.74039415669763	-9.70165376747211	-9.87182639363161	-9.87182639363161	-10.2115978085593	-9.64871364462229	-9.90688399138836	-9.62934901529699	-8.42407099956958	-9.87139563055154	-9.76067896463562	-9.76067896463562	-9.71320399650469	-9.72748741856764	-10.394833263585	-9.52898940816455	-9.7477610688316	-9.50764980798144	-10.301483987131	-9.90526634114614	-9.76163127760414	-9.91584147058192	-9.74124711130574	-9.79380840216064	-9.86448885049787	-9.86448885049787	-9.75651002740596	-9.75240598160771	-9.70294801213412	-9.62805216356153	-9.74795400106343	-9.64835640364585	-9.36856826626087	-8.89402537707777	-10.3779107835771	-9.88463210342574	-9.69051844862385	-9.76067896463562	-10.301483987131	-9.76067896463562	-9.66897444217899	-9.70010669270992	-9.68611676008741	-9.81990212364227	-10.2110163404509	-10.0052803141536	-9.7621422743757	-9.75215112165425	-9.7621422743757	-9.90081570392529	-9.39522374711166	-10.3792574972173	-9.83469874853382	-10.2788441134136	-10.1872784867787	-9.65876635256141	-9.48525931003362	-9.7621422743757	-8.81112707126651	-9.89551075151867	-9.63257581436774	-9.90688399138836	-9.75455557514137	-9.89502849377646	-9.81124053420571	-8.97888662796711	-11.1900604251374	-11.0542525792489	-9.38375236710498	-10.6930039286275	-10.7217783978507	-10.8588862505982	-11.7682905335199	-11.3315317572435	-10.1956116878242	-11.9687001237553	-10.7391486789799	-10.7470233146974	-12.1470506864046	-11.4887093154165	-11.5572634205462	-10.5691815280995	-12.1240386668392	-12.3160958673233	-9.7906457320576	-11.261161840914	-10.6919731161569	-12.7663200675337	-11.094765016009	-11.2305653132001	-10.3564007791102	-10.1879648865542	-12.3534604957823	-11.3893101340298	-11.6675357886174	-11.6798857468217	-12.7195705702523	-10.8737669959376	-11.7470991805755	-10.5941604760659	-9.76076087076196	-10.5205442517883	-12.4661480356212	-10.735489761141	-12.7195705702523	-11.2612039754354	-9.6961272379767	-9.99508972105063	-13.767858595936	-11.0499254750245	-12.1043274659049	-10.4868007182044	-11.6576973097234	-13.0640034637852	-11.0850604081088	-11.3486175344658	-12.3429305516384	-12.9203482817503	-10.9528103738257	-11.0364006881026	-9.62338887070943	-11.3486175344658	-10.0642541868054	-11.3014391122706	-13.9217652760541	-11.129173613463	-12.2002637302403	-10.6508224789079	-11.3458765590573	-12.7522928224612	-10.52865970768	-12.9996731727453	-11.7873166083106	-11.2317001273432	-11.0013839455515	-12.8657501800493	-11.4660578431153	-12.2546458226383	-15.1571688723319	-10.8262564468148	-11.3595371491261	-12.7830063581725	-11.8892516144288	-11.5358322777762	-10.9579428097103	-11.7276568659216	-12.1733948886481	-13.0410852025395	-10.8254129249203	-12.1958504058135	-12.4999052430411	-10.3080756131324	-12.3189812646258	-10.9774031628618	-13.2103799015671	-12.1714138952012	-11.1297807060348	-12.0806267727272	-10.6569725154544	-12.4095279492578	-13.3355220309576	-11.1382765332561	-12.2309572389927	-12.574672709215	-13.0882417553172	-11.1750837096847	-11.1621394897783	-10.4229288259847	-12.574672709215	-11.2976992922345	-13.2990766434941	-12.2309572389927	-12.3605878844869	-12.0239382511589	-12.8648901149936	-12.9331899750275	-10.5753573046366	-11.6201506874668	-12.2898494544416	-11.5627019221309	-11.2075527430609	-11.5481650016153	-10.864439700412	-11.0974599773135	-12.880265373548	-10.7328977181203	-10.0101972325288	-12.9124708728269	-10.7328977181203	-11.6651684275119	-12.0294228175787	-12.037328128322	-14.3995094935161	-13.2663898874226	-14.2841505102384	-11.8496453110709	-13.374304522786	-13.4261070930245	-11.7726556483131	-12.713669293675	-11.1020319735827	-13.0347945360543	-10.3040953211304	-13.5082461702919	-13.4490433419528	-13.3153082369373	-13.8935185403298	-13.2129389858899	-14.6623319175634	-13.7265511390084	-12.9305358917972	-13.3624527280424	-11.7128870215485	-13.416180993492	-11.4633200635388	-13.8527848115581	-13.980746978774	-12.1129485494052	-11.0685073581125	-13.9572697812322	-12.9305358917972	-10.9930252238366	-13.3524534101295	-14.3884486409666	-11.7519333102408	-11.7519333102408	-12.3509921414716	-13.6689285267716	-15.1407744340812	-12.3900997396874	-13.1524385920933	-14.0490652467458	-14.0490652467458	-11.5602115131601	-13.0290332989357	-13.1381963843761	-12.9461179716388	-14.3307388150837	-11.4906663108386	-11.7474237629863	-10.6974134779009	-14.6192631956715	-13.5556199884252	-13.3872000606466	-12.0578161608402	-12.0578161608402	-12.6090769364539	-9.61298821597782	-10.9935976350841	-11.5607151776403	-11.2061064757058	-11.2475418438152	-11.4202413622331	-12.5989164520045	-12.0029507926152	-11.8538464474371	-13.169045934884	-14.6623319175634	-12.4356263813284	-12.4356263813284	-11.7885479985998	-11.7885479985998	-11.7663115247349	-13.1774843286352	-11.6183107142368	-12.6638429678808	-11.3300599480493	-14.0246839910293	-11.9056708777284	-11.1568804741619	-11.4459373426162	-14.1583566723037	-12.3658077666497	-13.9583819105408	-10.3895403910417	-11.272501183465	-11.7663115247349	-11.5607151776403	-11.2819596568069	-14.6623319175634	-12.7339749077547	-11.7329060653351	-13.3297916468425	-13.3872000606466	-14.6623319175634	-10.9648448101464	-11.5393425618065	-13.9241649752932	-13.3612006294275	-11.564138084053	-11.5800647353031	-10.5112316852047	-19.1012748039743	-14.0290025519425	-14.0290025519425	-12.5259778047917	-10.6956716305821	-13.9639750473899	-13.3632019250399	-13.2714368834134	-9.82752822577113	-13.44997610417	-13.0757593723567	-11.3064737932148	-11.2893828886637	-11.5319201679809	-13.9278293524332	-11.2458852002504	-11.0919706910832	-11.3804599909508	-13.2448760571422	-12.027967785382	-14.5191598137532	-12.9604719098824	-13.9613713457226	-11.2192513811028	-11.3563091561047	-13.9997233868019	-13.1635001357265	-13.2874936127573	-14.6225999083208	-14.3995094935161	-14.2970265359149	-11.4745188097164	-11.2351986093606	-13.3857819332339	-12.2265431823261	-11.2716915162423	-14.1677816011209	-11.8694387145879	-11.8694387145879	-12.832733921834	-11.4518159614295	-11.2561386039171	-13.7492166043495	-18.3905178161971	-17.2026835315843	-11.5561257445038	-13.5115216270312	-14.6623319175634	-14.0067908458154	-14.1535666356517	-13.9800929514616	-13.1970186801885	-13.0802338023779	-13.0622299570941	-13.5115216270312	-10.3108094923955	-11.2549814139462	-12.4861357674655	-12.4861357674655	-14.5839328601236	-12.1105498368199	-11.244563633816	-13.2743739523408	-11.6572140730875	-12.4921843687626	-14.280363682474	-11.5893029984294	-11.5893029984294	-11.0971188025617	-14.2456976069717	-11.2520207181991	-12.8464855346122	-11.2928058292603	-14.5067753510633	-10.7211241810372	-11.5264841252529	-12.1821665142438	-12.7380068877527	-11.3833756214552	-11.8153377829769	-11.5667803459664	-13.1853211817309	-13.084072498795	-18.5418227661141	-11.5893029984294	-11.8153377829769	-11.5893029984294	-11.5893029984294	-13.2373965075153	-13.3723917982495	-13.3328500795794	-13.2854598875204	-13.2854598875204	-12.7947643290486	-14.3749947670041	-13.1567320975655	-11.5726806272709	-13.4149483673361	-14.0639824627874	-11.7833520877725	-14.0639824627874	-14.0639824627874	-12.3670573943077	-11.2528014645291	-14.5426419140686	-10.4717579769322	-13.4082676652342	-12.8075064546663	-11.5738202249104	-11.2520207181991	-14.6623319175634	-16.4226426875091	-17.7971100121032	-14.3663191414281	-14.6623319175634	-12.6511201899812	-13.2743739523408	-11.8071812531399	-13.1637814209522	-10.8184189274712	-12.591942589672	-14.4544425069361	-16.9568602653929	-11.1974908623639	-13.5919501599138	-13.1957641176445	-16.9568602653929	-16.5320290980341	-17.9698653698469	-13.9365505072664	-15.9004957310373	-15.9004957310373	-16.604098442341	-15.2712429076093	-15.2712429076093	-16.2521672628843	-19.581195154838	-16.9203577871417	-15.8105775081818	-13.4090010299511	-11.9708297448036	-16.0003260918451	-16.0003260918451	-10.7376781356619	-15.9307369329217	-16.6569685558301	-14.3575151876411	-14.3575151876411	-11.6390677659545	-15.0726397332677	-15.0726397332677	-18.1934650015549	-19.581195154838	-23.2161328293032	-13.3938760767556	-13.8050911667648	-11.4440127211109	-12.3610071029085	-12.3610071029085	-17.7598931149485	-13.5111350508768	-11.7079520287655	-11.4831595616748	-11.7079520287655	-16.4095613050574	-14.4963938521096	-23.2161328293032	-15.7275321174708	-14.165346367752	-16.7221532569761	-12.253382063256	-14.3966503641229	-15.7031238002417	-16.9203577871417	-16.9203577871417	-13.3966503641229	-17.121938418926	-10.8762010348345	-10.8762010348345	-10.611392314752	-17.3606588205802	-12.3530498791702	-17.121938418926	-17.7971100121032	-15.9203577871417	-18.5418227661141	-18.5418227661141	-14.9203577871417	-16.1978825453205	-16.9203577871417	-16.9203577871417	-16.2931319545127	-11.7257826177678	-11.7079520287655	-12.0646178782547	-18.1934650015549	-16.4208127439177	-17.7971100121032	-10.8762886170076	-13.7306957410799	-15.3647920279364	-13.5111350508768	-17.7971100121032	-14.2506845586158	-18.5418227661141	-12.1399440868613	-16.827590618558	-18.5418227661141	-16.5143596883541	-18.5418227661141	-11.3525880751333	-11.865164548139	-12.1153240545411	-16.4033836424345	-16.120103206766	-16.2931319545127	-17.7971100121032	-16.1222882479871	-12.0711510308595	-15.3353952864206	-15.3353952864206	-18.5418227661141	-16.9203577871417	-16.9203577871417	-14.3884486409666	-14.1468782938328	-14.1468782938328	-16.827590618558	-17.7971100121032	-11.4069951623621	-18.5418227661141	-13.3749947670041	-16.5632732468407	-17.4806659668746	-16.2931319545127	-16.9203577871417	-17.7971100121032	-11.6458336330781	-15.2051826671083	-15.5729234168745	-16.9203577871417	-15.3353952864206	-16.2931319545127	-10.3939338200281	-17.7971100121032	-10.3576857214422	-18.5418227661141	-15.9507120209843	-15.0724284762875	-15.5281417591018	-14.0579259492142	-18.1934650015549	-13.5232683954194	-11.2368578162749	-15.8270915517997	-12.1098938704327	-11.7850906343059	-14.1052239959618	-13.1583790930266	-12.4502436987566	-16.9203577871417	-12.0852442178952	-15.9203577871417	-13.9095620982421	-18.5418227661141	-13.2338129635229	-14.3635249748101	-14.2216974110594	-14.3966503641229	-12.8116878634018	-14.0746482189616	-14.5535397630793	-14.5535397630793	-14.5535397630793	-12.3865761754718	-18.5030407881931	-18.5030407881931	-14.6417804935373	-11.2953244444313	-17.7971100121032	-17.0110560974335	-17.2026835315843	-15.6490709740809	-14.9527326026044	-14.0341361188073	-13.8255597824548	-16.9203577871417	-18.5418227661141	-15.4462623544541	-15.8572725981474	-14.8291959319994	-15.1049863072184	-14.9525770727378	-15.4654405227377	-10.4973205256076	-15.0167763360978	-14.1130028650841	-10.2946820570185	-14.9203577871417	-10.6779881301352	-11.7079520287655	-11.6549228839114	-14.085734491848	-16.9203577871417	-16.0546254943402	-9.73092912483844	-18.7067260369219	-9.28687921129917	-11.6570992291693	-13.0090634034513	-16.9203577871417	-15.9203577871417	-14.3966503641229	-16.9203577871417	-12.0920108395882	-12.0920108395882	-16.9203577871417	-12.0920108395882	-12.0920108395882	-19.3905178161971	-16.9203577871417	-16.9203577871417	-19.3905178161971	-14.5426419140686	-17.3571548806201	-18.1934650015549	-12.0920108395882	-18.5418227661141	-14.2038400006169	-13.4615069803188	-12.9065744386946	-14.5535397630793	-13.4200599118692	-16.9203577871417	-16.9203577871417	-16.9203577871417	-16.9203577871417	-12.7108139943792	-14.1130028650841	-14.3353952864206	-13.6007889651283	-14.9203577871417	-14.9203577871417	-13.6557969844842	-14.9203577871417	-13.7492166043495	-15.3353952864206	-11.7172112906215	-15.3353952864206	-11.9897451162468	-13.3761937114994	-10.8420603870327	-15.9203577871417	-15.9203577871417	-13.6592035111019	-13.6592035111019	-14.1163744371746	-15.9203577871417	-12.3011049158399	-15.266256991958	-14.165346367752	-14.165346367752	-16.9203577871417	-15.9203577871417	-15.0339098572607	-13.3424592387718	-15.9203577871417	-15.9203577871417	-14.824420915649	-15.9203577871417	-11.4818192886509	-11.6695554981402	-15.9203577871417	-14.195672082619	-15.9203577871417	-15.9203577871417	-15.9203577871417	-13.9738253833021	-15.9203577871417	-15.9203577871417	-11.3737480097106	-15.9203577871417	-15.9142113847713	-15.9142113847713	-15.223783907822	-15.9203577871417	-15.9203577871417	-13.5054913956186	-15.9203577871417	-15.9203577871417	-16.9203577871417	-11.7079520287655	-16.9203577871417	-16.5143596883541	-16.9203577871417	-16.9203577871417	-16.9203577871417	-16.7394903444556	-16.9203577871417	-16.0546254943402	-15.8270915517997	-16.9203577871417	-16.9203577871417	-16.9203577871417	-14.2978906839137	-16.9203577871417	-12.067699145486	-16.9203577871417	-16.2931319545127	-18.8247411310804	-18.8247411310804	-16.9203577871417	-16.9203577871417	-17.1934650015549	-16.9203577871417	-16.4208127439177	-16.9203577871417	-16.9203577871417	-16.9203577871417	-11.2600367025621	-16.9203577871417	-11.894984129491	-16.9203577871417	-16.9203577871417	-15.0546254943402	-16.9203577871417	-16.9203577871417	-13.9579720789415	-16.9203577871417	-16.9203577871417	-16.9203577871417	-16.9203577871417	-16.9203577871417	-14.1583566723037	-16.9203577871417	-16.9203577871417	-16.9203577871417	-16.9203577871417	-16.9203577871417	-16.9203577871417	-16.9203577871417	-11.6919406615835	-13.5870529515399	-16.9203577871417	-16.9203577871417	-15.9203577871417	-16.9203577871417	-16.9203577871417	-16.9203577871417	-16.9203577871417	-16.120103206766	-16.9203577871417	-16.9203577871417	-16.9203577871417	-14.165346367752	-16.9203577871417	-16.9203577871417	-16.9203577871417	-17.2026835315843	-14.2978906839137	-13.7550704287606	-15.9203577871417	-16.9203577871417	-12.5684551677462	-16.4208127439177	-16.2931319545127	-15.3353952864206	-16.9203577871417	-16.9203577871417	-16.9203577871417	-16.9203577871417	-16.9203577871417	-16.9203577871417	-16.9203577871417	-16.9203577871417	-9.79396078542037	-16.9203577871417	-16.9203577871417	-16.9203577871417	-16.9203577871417	-16.4208127439177	-16.9203577871417	-13.6475281024517	-14.2978906839137	-14.2978906839137	-16.9203577871417	-16.9203577871417	-16.9203577871417	-14.165346367752	-18.8247411310804	-16.8000453031278	-12.0756005837517	-16.9203577871417	-16.9203577871417	-16.9203577871417	-16.9203577871417	-16.9203577871417	-16.9203577871417	-16.9203577871417	-16.120103206766	-12.0259055895944	-15.6736635038797	-16.9203577871417	-16.9203577871417	-16.0176302303987	-14.2038400006169	-16.9203577871417	-21.7901703289694	-14.5535397630793	-16.9203577871417	-10.2684165491951	-15.9041755985748	-11.6268010691717	-16.9203577871417	-16.9203577871417	-16.9203577871417	-16.4226426875091	-16.9203577871417	-16.9203577871417	-16.9203577871417	-16.9203577871417	-12.0920108395882	-16.9203577871417	-16.9203577871417	-16.9203577871417	-16.4208127439177	-16.9203577871417	-12.3865761754718	-14.0629328024861	-16.9203577871417	-16.9203577871417	-16.9203577871417	-11.7079520287655	-16.9203577871417	-15.9203577871417	-11.4950553905448	-16.9203577871417	-16.9203577871417	-16.9203577871417	-16.9203577871417	-12.0305714846846	-16.2931319545127	-16.9203577871417	-16.9203577871417	-16.9203577871417	-16.9203577871417	-13.9995225410608	-12.3067657480961	-14.165346367752	-13.9736478366172	-14.2978906839137	-16.9203577871417	-12.7440255932281	-14.2038400006169	-21.2327013509278	-16.4208127439177	-16.9203577871417	-17.3520174382533	-12.0646178782547	-16.9203577871417	-16.9203577871417	-14.3082761600724	-16.9203577871417	-16.9203577871417	-16.8000453031278	-15.4462623544541	-16.9203577871417	-16.9203577871417	-16.9203577871417	-16.9203577871417	-16.9203577871417	-16.9203577871417	-16.9203577871417	-16.9203577871417	-16.9203577871417	-16.9203577871417	-16.9203577871417	-16.9203577871417	-16.120103206766	-16.9203577871417	-16.9203577871417	-14.0150091611501	-15.7031238002417	-16.9203577871417	-16.9203577871417	-16.9203577871417	-16.4208127439177	-16.9203577871417	-14.2978906839137	-14.1468782938328	-16.9203577871417	-16.9203577871417	-16.9203577871417	-16.9203577871417	-16.4208127439177	-11.6451108458604	-11.6280618662067	-12.2054837811011	-16.9203577871417	-16.9203577871417	-16.9203577871417	-16.9203577871417	-16.9203577871417	-16.9203577871417	-16.9203577871417	-16.9203577871417	-15.064549597057	-13.5873094910211	-16.9203577871417	-16.9203577871417	-16.9203577871417	-16.9203577871417	-16.9203577871417	-14.1468782938328	-16.120103206766	-16.9203577871417	-15.480049370636	-11.7079520287655	-10.3695599015109	-16.9203577871417	-16.9203577871417	-16.9203577871417	-10.8633953711991	-18.1934650015549	-18.1934650015549	-18.1934650015549	-18.1934650015549	-18.1934650015549	-16.4208127439177	-16.7122450519153	-18.1934650015549	-18.1934650015549	-10.4044900814315	-10.8455240583747	-18.1934650015549	-18.1934650015549	-18.1934650015549	-15.3273067093935	-17.1965926971872	-14.1325584577537	-18.1934650015549	-18.1934650015549	-18.1934650015549	-18.1934650015549	-18.1934650015549	-18.1934650015549	-12.423558530468	-13.0797878576033	-18.1934650015549	-14.3953286095267	-14.032758530142	-19.6477388502066	-18.2397786303593	-14.0948883803524	-14.3953286095267	-19.8247411310804	-14.6623319175634	-17.2026835315843	-16.3520174382533	-18.5418227661141	-14.2038400006169	-14.2038400006169	-17.2026835315843	-21.2327013509278	-12.4235315856104	-20.4436916310881	-12.4292416548874	-13.9458664001	-21.2327013509278	-14.0449764371112	-21.2327013509278	-21.2327013509278	-18.5418227661141	-17.2026835315843	-21.2327013509278	-17.2026835315843	-16.1973296120498	-16.8881729082594	-9.15578620562757	-11.0564366763843	-12.2047253256993	-10.414203607997	-10.9246201303746	-10.6898428059849	-13.4729634484931	-11.7473984682267	-12.1437066125253	-11.7473984682267	-11.708924542294	-11.7473984682267	-11.7473984682267	-11.7473984682267	-11.9699932600582	-14.5535397630793	-12.1332027798801	-12.1437066125253	-19.8247411310804	-19.8247411310804	-13.4615069803188	-12.1129485494052	-12.1437066125253	-12.1291543884599	-12.4502436987566	-11.7439246548761	-11.7473984682267	-11.7473984682267	-11.7473984682267	-11.7473984682267	-11.4368258197976	-11.4150789490325	-10.9319868882878	-13.5716091060088	-15.7670549375322	-16.3520174382533	-14.065684534869	-16.3520174382533	-16.3520174382533	-15.827590618558	-15.827590618558	-16.3520174382533	-16.3520174382533	-12.7440255932281	-12.7440255932281	-13.7386520458806	-17.3520174382533	-17.3520174382533	-17.3520174382533	-14.6623319175634	-17.3520174382533	-13.4534105706376	-13.0853401279508	-11.5963134369709	-14.5535397630793	-14.5535397630793	-14.5535397630793	-12.4502436987566	-16.7110606271858	-17.057633198781	-17.2026835315843	-13.2402768845659	-12.2201286660437	-12.2201286660437	-12.2201286660437	-12.2201286660437	-13.8050911667648	-13.8050911667648	-13.8050911667648	-13.8050911667648	-13.8050911667648	-13.7811581108291	-13.8050911667648	-13.8050911667648	-13.8050911667648	-11.9699932600582	-11.9699932600582	-14.3749947670041	-13.8050911667648	-11.8714817728787	-17.121938418926	-17.7971100121032	-12.1010646992239	-19.3905178161971	-17.7971100121032	-17.7971100121032	-17.7971100121032	-17.7971100121032	-17.7971100121032	-16.9203577871417	-16.9203577871417	-18.1997271882529	-17.8247411310804	-13.5535397630793	-14.4087343087374	-12.1437066125253	-14.5535397630793	-19.8247411310804	-14.5535397630793	-17.7971100121032	-14.5535397630793	-14.5535397630793	-14.5056910469862	-14.5535397630793	-13.3817060210046	-14.3749947670041	-14.3749947670041	-12.1060832432335	-14.3263240071418	-14.3635249748101	-18.7199014256696	-14.3749947670041	-13.3966503641229	-14.3966503641229	-14.3966503641229	-14.5535397630793	-12.4502436987566	-12.4502436987566	-12.4502436987566	-19.8247411310804	-19.3905178161971	-14.6623319175634	-23.2161328293032	-22.9030747648582	-19.3905178161971	-16.9203577871417	-18.5418227661141	-18.5418227661141	-17.5028130361931	-17.8247411310804	-18.5418227661141	-19.8247411310804	-17.7971100121032	-14.6623319175634	-18.5418227661141	-18.5418227661141	-18.5418227661141	-17.2026835315843	-15.9203577871417	-16.9203577871417	-16.9203577871417	-23.2161328293032	-19.7067260369219	-14.6623319175634	-18.1934650015549	-13.8050911667648	-13.8050911667648	-18.5418227661141	-19.3905178161971	-14.3966503641229	-19.3905178161971	-19.3905178161971	-19.8247411310804	-22.9030747648582	-14.6623319175634	-14.6623319175634	-17.2026835315843	-14.3966503641229	-14.3966503641229	-19.8247411310804	-19.2401582370029	-16.9203577871417
Plate4_2402R_R_F_S5_week5_S16_L001	-6.54587240112379	-6.2550115857332	-6.4887429528479	-6.89226752288443	-6.6651484655549	-7.17527030246781	-7.77705785339536	-7.17939705062569	-6.28065178017993	-7.62321008989403	-7.36180595449643	-8.33723584896543	-8.56941837263234	-8.16394738530763	-8.74435358666011	-7.90874681433458	-7.42302451752802	-7.62430691155786	-8.14720633353161	-8.20337510549913	-9.56776321551748	-9.32927387494003	-8.58774475156949	-8.01452138148485	-8.86489924731505	-8.61758619791494	-8.40687838919889	-8.90553703600074	-8.90553703600074	-8.08977507190733	-9.90354612613157	-9.32323336279353	-9.6723010113744	-9.90354612613157	-8.39021636430454	-9.02655275436036	-9.32416946259566	-9.12117348762346	-9.29650870779389	-8.89574564206448	-9.24737299857669	-9.52496328542063	-8.92767188533708	-9.07303451958147	-8.97708372009717	-9.63623903239621	-9.99202798951767	-9.99202798951767	-8.91833251080117	-9.25752746197169	-9.8123658623546	-9.40548189978992	-9.19992605702313	-8.64190940736921	-8.70835704303812	-9.04128847907983	-8.69928670304002	-8.91879239548792	-8.65459553098335	-9.06137193293276	-8.96384021394918	-9.21372363403289	-8.82188824034869	-8.82188824034869	-9.46886271356279	-8.71285557979773	-8.67583412913972	-10.7424689134307	-9.44520697929863	-8.73679255155965	-8.9676286764495	-9.34346901350312	-9.09803032884439	-9.32915597776713	-8.69914449587825	-8.83664384391544	-9.16695039915101	-10.876859018247	-8.21332062700119	-9.02497256152254	-9.35325066428415	-9.79788667866261	-9.31976916545009	-9.31976916545009	-9.28909090787109	-8.89338399912772	-8.35323778857479	-9.74008213221068	-9.35869984384454	-8.91879239548792	-8.87014359285706	-9.1207947629235	-9.12357514619857	-8.11912796891002	-8.38287712668179	-9.75963618800856	-9.35751929586222	-8.91437961185599	-8.49774264864495	-9.39487194529177	-8.79699023531565	-8.91920313072976	-9.10182304163659	-8.50743728443865	-9.31403869706014	-9.04173776456856	-9.74820214155292	-9.69585056977845	-9.79524485697284	-10.1708248726177	-10.9920279895177	-10.5117183375606	-20.6406842438238	-10.9843611470111	-10.8752004986112	-8.76096375268071	-9.84971175648174	-9.08698333009816	-9.36965046089345	-10.4876603973383	-10.4876603973383	-10.0252922817414	-10.0876354230348	-10.0876354230348	-9.76406104703587	-9.85331658003564	-9.66155809502939	-8.9651634499122	-9.55190110045761	-10.86630263495	-9.60260415190763	-9.55020636055919	-10.8966732642584	-9.23821409078712	-9.57148960556848	-9.86414365545647	-9.91833251080117	-9.91833251080117	-9.91833251080117	-10.1819637438862	-10.876859018247	-9.91833251080117	-9.94870188318576	-8.8234059845623	-8.8234059845623	-9.94980115002226	-9.4329368385354	-9.43410093753827	-9.82529109441097	-10.1038333225087	-9.54873119548324	-9.93321095378862	-10.648824493041	-9.94870188318576	-9.92554326488689	-9.0640778061946	-10.648824493041	-10.0443582825917	-9.71679341387501	-9.85343714727622	-9.50325658493881	-10.9336357733074	-9.50087810076687	-9.35751929586222	-9.81088711978711	-9.9036059435101	-9.42787549324981	-9.34865556927526	-9.72415018302991	-10.0443582825917	-10.2593160039203	-9.55255855163564	-10.1708248726177	-9.91833251080117	-8.95605901086021	-9.81167998632722	-9.81167998632722	-10.2403269514298	-9.50670723134069	-9.48312353411479	-8.85531163068428	-9.60476114292691	-9.5785218397626	-9.90070505811668	-9.90449439346569	-9.50299353812197	-8.97815759114692	-9.91833251080117	-9.76592037458085	-9.92554326488689	-10.8193566896042	-10.0941028667057	-10.2684637615987	-9.52902890364565	-9.85343714727622	-9.09695118062455	-9.40274810738406	-9.91833251080117	-9.44973040864217	-9.37893556388464	-10.0405111450796	-9.25930768385574	-10.7174939141001	-10.7613696248612	-9.9678767905946	-9.31371294029738	-9.47090953094263	-9.92007427636667	-9.62220691782111	-9.91833251080117	-9.90363845399522	-9.91833251080117	-10.0019420281086	-9.85343714727622	-9.5138040853646	-10.2739299583576	-10.2739299583576	-10.4171651570331	-9.89200369606293	-9.8624680843183	-9.94688235104855	-9.71719447434076	-9.96774355139289	-9.96774355139289	-10.2131586498936	-9.91833251080117	-9.71679341387501	-9.91833251080117	-9.93530307074449	-9.79458756825559	-9.18578075686797	-10.0556090369552	-10.0239431477639	-9.71594481304251	-10.2403269514298	-10.2403269514298	-10.2403269514298	-10.9920279895177	-10.3487166466164	-9.75716211432185	-10.2403269514298	-9.621556526582	-9.71081701546376	-9.96774355139289	-9.92007427636667	-10.6481750662559	-9.81745787491866	-10.876859018247	-10.5401027643098	-10.0659160754505	-10.2064858737624	-9.91833251080117	-10.2403269514298	-10.0496251530399	-9.52150766456974	-10.2739719829509	-8.74616551867925	-9.92007427636667	-9.70858422139884	-10.178557971934	-10.2765916897873	-10.6257367625809	-9.71047459614943	-9.25182742508646	-9.82650359236435	-10.2403269514298	-9.88858926952045	-9.85196591113339	-8.99971077343769	-9.92007427636667	-8.73328740657473	-9.53522797007426	-10.3853505661885	-9.56038428968719	-10.2403269514298	-9.49254111868763	-9.49254111868763	-10.9920279895177	-9.92379488808832	-9.59683670338494	-9.85802114487657	-9.65106376911387	-9.97911578363868	-10.2357686798287	-9.87585092136827	-9.87585092136827	-9.9036059435101	-9.56038428968719	-9.98213492650615	-10.6515299493083	-10.0777769943259	-9.87224286326323	-9.75557924089926	-9.81772863112557	-9.92007427636667	-9.68483765412059	-10.8752004986112	-10.1576420998473	-10.1576420998473	-10.7144680904906	-14.1812778473483	-9.27647044231528	-9.99202798951767	-8.92106901164336	-9.7214908661858	-10.2168717664019	-9.96223713723587	-10.2484081075516	-9.81531077738049	-9.32471260927113	-9.77741525691522	-9.93329458024239	-10.2700169537505	-9.27570866880465	-9.92007427636667	-10.3125202787629	-9.92373554643966	-9.93321095378862	-10.9920279895177	-10.9920279895177	-9.72941672102203	-10.876859018247	-10.426423041236	-9.5492163074611	-9.71498374453357	-10.9920279895177	-9.91833251080117	-9.55613645983264	-9.92007427636667	-10.5438880128617	-10.9920279895177	-9.2861440970349	-9.9958614947845	-9.92007427636667	-9.91833251080117	-9.91833251080117	-10.8126942707542	-9.91833251080117	-10.8228642328118	-10.0996621112974	-9.14361774508093	-9.67055843731973	-9.3715638599539	-9.92007427636667	-9.98213492650615	-10.876859018247	-10.2761589503922	-10.9920279895177	-9.72154244563788	-10.2053633809488	-9.80639066998083	-10.2625978487676	-9.84360639806472	-10.0156062787689	-9.83408133425374	-9.87851177880122	-10.1465302200848	-10.0015829025535	-9.67822197954539	-9.92007427636667	-9.87392983220835	-8.4724504097932	-9.7209121565443	-10.5730926834837	-9.15924417256655	-10.5730926834837	-9.92007427636667	-9.63155760812495	-9.53879440805801	-9.60100170171796	-10.6216346008327	-10.8600813870312	-10.2403269514298	-10.7702080777448	-10.5257106436758	-10.1248161312539	-10.876859018247	-10.4103034796709	-9.70538317218534	-9.76630813481418	-9.13624031858017	-10.1708248726177	-9.12158331774984	-9.86063035655299	-9.69743459344886	-9.79485527173405	-10.1370939298209	-10.2929061709219	-9.75123761260624	-9.87698539905801	-9.89411178713528	-9.83413090403559	-9.86854480646402	-9.83982291249968	-10.6935058944864	-10.2761589503922	-9.54937397855015	-10.2403269514298	-9.38046221300436	-10.2761589503922	-9.9436418437936	-9.92007427636667	-9.66723081475589	-10.3929064104541	-9.98213492650615	-9.61507933674946	-9.74652526268965	-9.83200960197728	-9.68709664286847	-9.7327848081005	-10.7458758063058	-10.1261765312986	-10.178557971934	-10.0832470531232	-9.81057375271703	-10.0062278037902	-9.92007427636667	-10.2956202412779	-10.2956202412779	-10.2863890816023	-10.876859018247	-10.876859018247	-10.6257367625809	-9.97675808927429	-9.84508286539356	-9.7919337221225	-10.1579212678083	-9.81710878467526	-10.8228642328118	-9.85616767743347	-9.71034493031655	-10.1935103949179	-9.59976336981913	-9.49212064301707	-10.9612041443184	-10.1579212678083	-9.73818969244505	-9.91833251080117	-9.5801535394824	-10.1553394747448	-10.1553394747448	-9.905330009554	-9.88139010578604	-9.83525287577815	-9.95129771341415	-9.97339662425473	-9.91833251080117	-10.4111406887197	-9.2609276729526	-9.8218218870007	-9.78426829249368	-9.78426829249368	-9.91833251080117	-9.78408274371266	-10.6552319812248	-9.97084659379164	-10.1410238405081	-10.2795283150297	-10.9612041443184	-10.2473994036088	-9.66870746006367	-9.92007427636667	-9.97553284377176	-10.403086331088	-9.92007427636667	-10.2173565804347	-9.93031754553239	-9.91462594149505	-9.50048173989606	-9.89771026769356	-9.91833251080117	-9.92007427636667	-9.65062829421498	-9.65062829421498	-10.2403269514298	-10.5269641129963	-10.9310251120825	-9.80463510295165	-9.79721248200279	-10.0348272554618	-10.0348272554618	-10.5764596698916	-9.67662001074869	-10.2403269514298	-9.66623656000179	-8.2163281604507	-9.91841922069874	-9.91833251080117	-9.91833251080117	-9.85343714727622	-9.84858599854235	-10.9920279895177	-9.49415081470239	-9.85797704701159	-9.57833188902655	-10.7174939141001	-10.2381525975084	-9.82962083696588	-10.3064195547113	-9.80407547158757	-10.0184465365531	-10.0048140706255	-10.0048140706255	-9.91289073735212	-9.89855232929994	-9.79799786679641	-9.80853426303819	-9.86985138678878	-9.71997296381825	-9.41582359230337	-8.61861257647991	-10.876859018247	-10.195634369917	-9.70865578999221	-9.91833251080117	-10.7174939141001	-9.91833251080117	-9.85546192101405	-9.80082516451573	-9.96340776339157	-10.0496251530399	-10.5728569162201	-10.2862178423378	-9.92007427636667	-9.86766299413614	-9.92007427636667	-10.18293875107	-9.46104400996406	-10.876859018247	-10.0635997165593	-10.6257367625809	-10.3759547571622	-9.77430999688439	-9.42640716020431	-9.92007427636667	-8.64678457653359	-10.2131586498936	-9.72049975273839	-10.2403269514298	-9.8429503979916	-9.03456450897261	-9.41553614392901	-8.51181298878623	-10.0567740919522	-10.6442868056307	-9.52459825112379	-10.0226771844939	-10.4060491757275	-10.2942557486152	-10.454977769712	-10.5970217462416	-9.73786621886917	-11.3670177345689	-10.3290529347954	-10.2529170914716	-11.1055973302433	-10.5524158235943	-10.7390839698709	-9.96662238240403	-12.0809159570346	-11.3776895762313	-9.29856169767981	-10.7469650068573	-10.1643337157748	-12.1733796784686	-10.0548983241111	-10.4240820094783	-9.69772770454011	-9.74713534167148	-11.5475897411446	-10.8739616807793	-10.7546523990166	-10.8108151734673	-11.8835173587957	-10.2825013672531	-10.9540194160685	-10.0436573882017	-9.22796621878429	-9.99159806529607	-12.0484284733899	-9.98773863721948	-11.8835173587957	-10.9273426754168	-9.16891759391129	-9.60520519451153	-12.0365729928811	-10.3927768085127	-11.306173723759	-10.1206352898539	-10.7514072824461	-12.7691343643604	-10.7018804915218	-10.7160909697958	-11.635029467873	-12.1009408360628	-10.5434948565887	-10.3414762254366	-9.07806534117712	-10.7160909697958	-9.62249262638928	-10.4530409579776	-12.7657170785454	-10.4278661420356	-11.2924736190425	-10.107483315953	-11.1266469791318	-11.8788517618468	-10.1594545524854	-12.0462390494734	-11.320209980309	-11.1677341441915	-10.6726998629922	-12.1147780046092	-11.2713519905848	-11.4504910770875	-14.2601998680217	-10.2917637657684	-10.4914197967033	-11.9003326397118	-11.4828398461695	-10.8365805325625	-10.4895993832608	-10.968117468095	-11.4496022455799	-12.7566311649891	-10.4196697784893	-11.1675124041993	-11.3515307770262	-9.99225890202803	-11.1317041052671	-10.4593847904418	-12.4846673075686	-11.3601954030645	-10.4115141704078	-11.3289918110866	-10.0894743906646	-11.7084286003623	-12.4259242734866	-10.4556048863043	-11.2942932549118	-11.6870026342023	-12.3556093006002	-10.8214115470547	-10.4359532269749	-9.82046722579565	-11.6870026342023	-10.7629753822367	-12.905557870496	-11.2942932549118	-11.5464969057181	-10.9146521492512	-12.2639410587717	-12.297706998219	-10.308821617981	-11.0992837784003	-11.5658676087383	-10.5446056979728	-10.602307580239	-10.5727142336971	-10.4404156176859	-10.5877442292157	-12.1013941761108	-10.165638345405	-9.55353967923198	-12.2046582607928	-10.165638345405	-11.1848543968373	-11.2721374888244	-11.5246882510016	-13.9947210391255	-11.4647336404683	-12.8382225602297	-11.4077504987644	-12.6859778895044	-12.3202898273284	-11.3015160171862	-11.694151312623	-10.6825331074437	-11.9801232910516	-10.7864080167547	-11.7499896899056	-12.5306969252869	-12.417744475087	-12.4737834379234	-12.2943000743432	-14.3252907976956	-12.1726712103203	-10.9065504618761	-12.6560247899583	-11.1448691813418	-12.5672182695288	-11.1608014000839	-12.6790965310412	-12.8638513969197	-11.6883103522395	-10.5568592429668	-12.392055996112	-10.9065504618761	-10.5697686165158	-12.2852314930798	-13.4664191957813	-11.1849966319059	-11.1849966319059	-11.4213444274604	-12.7817373108666	-13.022852318551	-11.3113122139799	-12.1772164602673	-13.027356606326	-13.027356606326	-11.0174752398845	-11.2726210850157	-11.0412004984646	-11.8071859338956	-13.9191643523242	-11.2891537617768	-11.218768316842	-10.7068347354925	-14.3229237831517	-13.2373116325361	-12.6916881324904	-11.4285489400117	-11.4285489400117	-11.8171259309953	-9.37205587604013	-10.5805682499397	-11.5007512140971	-10.7801702337124	-10.8425240331947	-11.1100348142957	-11.6665873952082	-11.4488126325811	-10.9825606659612	-12.0816690307431	-14.3602703555852	-11.616610108845	-11.616610108845	-11.2396636312751	-11.2396636312751	-11.1271327636661	-12.1424395143921	-11.350105304554	-11.7991658598618	-11.0490468257137	-12.7579001294839	-11.3349030910952	-10.8912711684533	-11.2064281242528	-12.9186491585381	-11.4059478600922	-12.7685563596336	-10.0882102181322	-10.8682173945197	-11.1271327636661	-11.5007512140971	-10.8891195859878	-14.3602703555852	-11.9135387392515	-11.0520503207114	-12.4844805670444	-12.6916881324904	-14.3602703555852	-10.1528194800642	-11.3968072139917	-12.3164136722423	-12.4614335096974	-10.8706989474914	-10.9876407674354	-10.0897850587065	-20.6406842438238	-13.2807657793228	-13.2807657793228	-11.5973372149191	-10.1952395672118	-13.0233495891608	-11.8999019480717	-12.3266849754625	-9.58984771335385	-12.8139988756626	-12.0030673101316	-11.0416154134149	-10.8907426383681	-10.9158424831086	-12.3017387777439	-11.2762801716875	-10.6182097265284	-11.039750664227	-12.310201687111	-10.9872355744744	-14.2871980804338	-11.8980198301376	-12.7803039421594	-10.8073756946477	-10.7502679521521	-12.7258253828728	-12.2426707156557	-12.5938792409496	-14.3418285749415	-13.9674974990913	-13.914293144403	-10.7699354258084	-10.8235480666482	-12.4413894196074	-11.2075996080384	-10.8850006019304	-13.2418813656109	-11.5346669783131	-11.5346669783131	-12.1789844344201	-10.9958517908733	-10.851539382623	-12.58023771918	-18.3905178161971	-16.2201085610036	-11.0205687710621	-12.8288773191358	-14.3602703555852	-13.0960229113391	-13.2302231075	-12.612234097116	-12.2852924848118	-11.8542738600447	-12.0733423985844	-12.8288773191358	-10.8305452105675	-10.9735727017488	-12.0050470388909	-12.0050470388909	-14.2895071536279	-11.8249905919556	-10.8272360206525	-12.5605267830982	-11.1673687598602	-12.9728794355881	-13.68475273147	-11.082581482472	-11.082581482472	-10.7132777705573	-13.3529363522182	-10.8482192838439	-12.2548218431824	-10.896567146154	-13.5900151201516	-10.3018775921009	-10.906639072784	-11.8089580056534	-11.9496010989662	-10.7469696732966	-11.3909070906984	-11.0307724794469	-12.1636421327885	-11.9184073963149	-15.4656510448049	-11.0789351330085	-11.3909070906984	-11.0789351330085	-11.0789351330085	-12.3797466211885	-12.6905478643251	-12.4938316683866	-12.4047804805695	-12.4047804805695	-12.0375772141589	-13.4413894196074	-12.1020386413295	-11.1386848126877	-12.6975383028734	-12.6849494020669	-11.2659490272382	-12.6849494020669	-12.6849494020669	-12.4553208392422	-10.9368498660453	-14.2463864569168	-10.4593924366443	-12.715716472754	-12.1962618190492	-11.041947431313	-10.8482192838439	-14.3602703555852	-13.9565560387911	-14.8634061643927	-13.9803865926065	-14.3602703555852	-11.7515430326865	-12.5605267830982	-11.2746647246257	-12.138816445028	-10.2288718091838	-12.4056789476401	-14.0411833321409	-13.8806885440837	-11.1981394256909	-10.933688884544	-12.306118718372	-13.8806885440837	-13.8121034335472	-15.3319671727936	-13.3624278011955	-13.3081277749525	-13.3081277749525	-14.5070638146428	-13.3892855915154	-13.3892855915154	-14.3603845764384	-18.8301620426876	-14.581002836413	-13.5435596997296	-11.6597889051572	-11.2851840568486	-14.05611483857	-14.05611483857	-10.3414973639803	-14.2611859071013	-14.4530809248605	-13.4073595514829	-13.4073595514829	-11.4653400599864	-13.2599068511825	-13.2599068511825	-17.966084530618	-18.8301620426876	-23.2161328293032	-13.129077539192	-15.5895799028758	-11.1382563254658	-12.7611386937411	-12.7611386937411	-17.5676550340597	-13.3089955614694	-11.540430291602	-11.184965022901	-11.540430291602	-14.704136900761	-12.0037640878888	-23.2161328293032	-13.5229732195978	-12.9014800484192	-14.7941137825173	-11.4559195003337	-13.4413894196074	-13.235254728748	-14.581002836413	-14.581002836413	-12.4413894196074	-14.1333286985159	-10.5192722678518	-10.5192722678518	-10.4907671526576	-14.4656510448049	-11.7701582852846	-14.1333286985159	-14.8634061643927	-13.581002836413	-15.4656510448049	-15.4656510448049	-12.581002836413	-13.5221743674207	-14.581002836413	-14.581002836413	-13.715305551286	-11.5719431651588	-11.540430291602	-11.4845116887866	-17.966084530618	-14.4491276667207	-14.8634061643927	-10.5365270448835	-14.5056103766776	-12.6581206027927	-13.3089955614694	-14.8634061643927	-13.0909676885034	-15.4656510448049	-11.0577837961098	-14.9002547943541	-15.4656510448049	-13.9565560387911	-15.4656510448049	-10.9838523864561	-11.4216386220819	-11.6638844177788	-14.4270079586486	-14.2477328087119	-13.715305551286	-14.8634061643927	-13.8696519583685	-11.6125699155328	-12.9960403356918	-12.9960403356918	-15.4656510448049	-14.581002836413	-14.581002836413	-13.4664191957813	-12.9014800484192	-12.9014800484192	-14.9002547943541	-14.8634061643927	-11.0241382274754	-15.4656510448049	-12.4413894196074	-14.7692575756359	-14.8373379681817	-13.715305551286	-14.581002836413	-14.8634061643927	-11.3469473368032	-12.7904156489624	-13.0841722939958	-14.581002836413	-12.9960403356918	-13.715305551286	-10.1588708431506	-14.8634061643927	-9.96554687927404	-15.4656510448049	-13.6414474093638	-13.2403302359517	-14.7205008981413	-12.3661215148391	-17.966084530618	-12.0451656647285	-10.6067996198484	-13.5702288599795	-11.6148717370363	-11.3145175288289	-12.8728868616284	-12.2227019376517	-12.2039534850975	-14.581002836413	-11.6275269440505	-13.581002836413	-12.8013350789361	-15.4656510448049	-12.1293147380323	-13.4316058476683	-13.2805361013693	-13.4413894196074	-11.8564269188863	-12.4416990602488	-13.9748017477191	-13.9748017477191	-13.9748017477191	-11.949960942269	-17.7957733171426	-17.7957733171426	-13.3607415749013	-10.9092894896165	-14.8634061643927	-15.0925796384374	-16.2201085610036	-13.5135589553148	-13.2546294303216	-13.1549849553391	-12.9538712922478	-14.581002836413	-15.4656510448049	-13.8276529556625	-14.1167122153547	-13.4399402787876	-13.6208112905969	-13.1476725245382	-13.4047657562616	-10.2484807746729	-12.876190277865	-11.7736479143554	-10.0619617538457	-12.581002836413	-10.6018412100576	-11.540430291602	-11.1865210076896	-11.7705614164676	-14.581002836413	-14.1793118417121	-9.70166793276968	-18.6132035074017	-9.62163460083268	-11.1946602943164	-12.9729340113934	-14.581002836413	-13.581002836413	-13.4413894196074	-14.581002836413	-11.6303218322548	-11.6303218322548	-14.581002836413	-11.6303218322548	-11.6303218322548	-19.3905178161971	-14.581002836413	-14.581002836413	-19.3905178161971	-14.2463864569168	-15.2308755741305	-17.966084530618	-11.6303218322548	-15.4656510448049	-13.2451336308697	-12.6835822022616	-12.1893146027852	-13.9748017477191	-12.5650446552452	-14.581002836413	-14.581002836413	-14.581002836413	-14.581002836413	-11.0692262067638	-11.7736479143554	-11.9960403356918	-11.9418994518117	-12.581002836413	-12.581002836413	-11.8408148528509	-12.581002836413	-12.6010059191318	-12.9960403356918	-10.9255168585378	-12.9960403356918	-11.2983941366842	-12.774870092015	-10.4675548879404	-13.581002836413	-13.581002836413	-12.332184184157	-12.332184184157	-12.8897170690905	-13.581002836413	-11.714995154893	-13.063638945912	-12.9014800484192	-12.9014800484192	-14.581002836413	-13.581002836413	-13.2047608023088	-12.3521624065519	-13.581002836413	-13.581002836413	-12.0471063764793	-13.581002836413	-11.1526711093461	-11.3749574137647	-13.581002836413	-12.7006801717103	-13.581002836413	-13.581002836413	-13.581002836413	-12.5379534433885	-13.581002836413	-13.581002836413	-10.9388579854118	-13.581002836413	-14.2138002180974	-14.2138002180974	-13.3874513052858	-13.581002836413	-13.581002836413	-13.2607860802992	-13.581002836413	-13.581002836413	-14.581002836413	-11.540430291602	-14.581002836413	-13.9565560387911	-14.581002836413	-14.581002836413	-14.581002836413	-14.55953474703	-14.581002836413	-14.1793118417121	-13.5702288599795	-14.581002836413	-14.581002836413	-14.581002836413	-13.2462941062807	-14.581002836413	-11.7228485933024	-14.581002836413	-13.715305551286	-18.6743673700801	-18.6743673700801	-14.581002836413	-14.581002836413	-16.966084530618	-14.581002836413	-14.4491276667207	-14.581002836413	-14.581002836413	-14.581002836413	-10.8888132143468	-14.581002836413	-11.6195334175754	-14.581002836413	-14.581002836413	-13.1637791769507	-14.581002836413	-14.581002836413	-12.3897372418639	-14.581002836413	-14.581002836413	-14.581002836413	-14.581002836413	-14.581002836413	-12.9186491585381	-14.581002836413	-14.581002836413	-14.581002836413	-14.581002836413	-14.581002836413	-14.581002836413	-14.581002836413	-11.5237445315657	-13.9094801107347	-14.581002836413	-14.581002836413	-13.581002836413	-14.581002836413	-14.581002836413	-14.581002836413	-14.581002836413	-14.2477328087119	-14.581002836413	-14.581002836413	-14.581002836413	-12.9014800484192	-14.581002836413	-14.581002836413	-14.581002836413	-16.2201085610036	-13.2462941062807	-12.1974473915432	-13.581002836413	-14.581002836413	-12.2939523244339	-14.4491276667207	-13.715305551286	-12.9960403356918	-14.581002836413	-14.581002836413	-14.581002836413	-14.581002836413	-14.581002836413	-14.581002836413	-14.581002836413	-14.581002836413	-9.50639615723435	-14.581002836413	-14.581002836413	-14.581002836413	-14.581002836413	-14.4491276667207	-14.581002836413	-13.998893695804	-13.2462941062807	-13.2462941062807	-14.581002836413	-14.581002836413	-14.581002836413	-12.9014800484192	-18.6743673700801	-14.581002836413	-11.5326343300066	-14.581002836413	-14.581002836413	-14.581002836413	-14.581002836413	-14.581002836413	-14.581002836413	-14.581002836413	-14.2477328087119	-11.466999420854	-13.5229732195978	-14.581002836413	-14.581002836413	-13.3398706016897	-13.2451336308697	-14.581002836413	-19.7088557464654	-13.9479480476161	-14.581002836413	-10.1093282781437	-14.1109353617843	-11.4165378248763	-14.581002836413	-14.581002836413	-14.581002836413	-13.9565560387911	-14.581002836413	-14.581002836413	-14.581002836413	-14.581002836413	-11.6303218322548	-14.581002836413	-14.581002836413	-14.581002836413	-14.4491276667207	-14.581002836413	-11.949960942269	-12.5221024924169	-14.581002836413	-14.581002836413	-14.581002836413	-11.540430291602	-14.581002836413	-13.581002836413	-11.1939222175708	-14.581002836413	-14.581002836413	-14.581002836413	-14.581002836413	-11.5495174233485	-13.715305551286	-14.581002836413	-14.581002836413	-14.581002836413	-14.581002836413	-12.7636762506098	-12.475769583612	-12.9014800484192	-12.6340668610573	-13.2462941062807	-14.581002836413	-11.8007924683148	-13.2451336308697	-21.2327013509278	-14.4491276667207	-14.581002836413	-16.5251643437501	-11.4845116887866	-14.581002836413	-14.581002836413	-13.6649905712159	-14.581002836413	-14.581002836413	-14.581002836413	-13.8276529556625	-14.581002836413	-14.581002836413	-14.581002836413	-14.581002836413	-14.581002836413	-14.581002836413	-14.581002836413	-14.581002836413	-14.581002836413	-14.581002836413	-14.581002836413	-14.581002836413	-14.2477328087119	-14.581002836413	-14.581002836413	-12.7770792951099	-13.235254728748	-14.581002836413	-14.581002836413	-14.581002836413	-14.4491276667207	-14.581002836413	-13.2462941062807	-12.9014800484192	-14.581002836413	-14.581002836413	-14.581002836413	-14.581002836413	-14.4491276667207	-11.4420087673616	-11.4239906108287	-11.6109553022696	-14.581002836413	-14.581002836413	-14.581002836413	-14.581002836413	-14.581002836413	-14.581002836413	-14.581002836413	-14.581002836413	-12.8604751095047	-13.5533846126015	-14.581002836413	-14.581002836413	-14.581002836413	-14.581002836413	-14.581002836413	-12.9014800484192	-14.2477328087119	-14.581002836413	-12.8751596975467	-11.540430291602	-10.4016677933349	-14.581002836413	-14.581002836413	-14.581002836413	-10.6189909843763	-17.966084530618	-17.966084530618	-17.966084530618	-17.966084530618	-17.966084530618	-14.4491276667207	-16.0727457142134	-17.966084530618	-17.966084530618	-10.1990073292846	-10.8772573468273	-17.966084530618	-17.966084530618	-17.966084530618	-12.8910262158033	-15.2308755741305	-13.2255340383975	-17.966084530618	-17.966084530618	-17.966084530618	-17.966084530618	-17.966084530618	-17.966084530618	-12.1776126504344	-13.4907183139298	-17.966084530618	-13.412753638946	-13.0501835595613	-19.6477388502066	-19.0557217431027	-13.5766006499982	-13.412753638946	-20.6406842438238	-14.3602703555852	-16.0969980186812	-15.5251643437501	-15.4656510448049	-13.2451336308697	-13.2451336308697	-16.2201085610036	-21.2327013509278	-13.2415920454373	-21.4436916310881	-12.0608693607633	-12.8408297931758	-21.2327013509278	-12.831903185633	-21.2327013509278	-21.2327013509278	-15.4656510448049	-16.2201085610036	-21.2327013509278	-16.2201085610036	-15.3645884779414	-15.9574196694909	-9.10952100368631	-10.9460718764178	-11.8515067709266	-10.210109462305	-10.7229289043501	-10.4042100235276	-12.6835822022616	-11.7273713248939	-11.8301521558311	-11.7273713248939	-11.4348308559794	-11.7273713248939	-11.7273713248939	-11.7273713248939	-12.0685408291589	-13.9748017477191	-11.8164745140511	-11.8301521558311	-20.6406842438238	-20.6406842438238	-12.6835822022616	-11.6938769184107	-11.8301521558311	-11.8541884076649	-12.2039534850975	-11.7273713248939	-11.7273713248939	-11.7273713248939	-11.7273713248939	-11.7273713248939	-11.6314283833946	-11.5095514830294	-10.7778466417416	-12.9672039225258	-14.9402018430289	-15.5251643437501	-13.1358316504721	-15.5251643437501	-15.5251643437501	-13.9002547943541	-13.9002547943541	-15.5251643437501	-15.5251643437501	-11.8007924683148	-11.8007924683148	-12.4733973457851	-16.5251643437501	-16.5251643437501	-16.5251643437501	-14.3602703555852	-16.5251643437501	-12.8566333385962	-13.5930149924325	-11.4908238076531	-13.9748017477191	-13.9748017477191	-13.9748017477191	-12.2039534850975	-15.8027410019328	-16.2201085610036	-16.2201085610036	-12.2457137518922	-14.0046174021547	-14.0046174021547	-14.0046174021547	-14.0046174021547	-15.5895799028758	-15.5895799028758	-15.5895799028758	-15.5895799028758	-15.5895799028758	-15.5034960287935	-15.5895799028758	-15.5895799028758	-15.5895799028758	-12.0685408291589	-12.0685408291589	-13.4413894196074	-15.5895799028758	-11.5255725483342	-14.1333286985159	-14.8634061643927	-11.762930557125	-19.3905178161971	-14.8634061643927	-14.8634061643927	-14.8634061643927	-14.8634061643927	-14.8634061643927	-14.581002836413	-14.581002836413	-15.4656510448049	-18.6406842438238	-12.9748017477191	-13.3517436549597	-11.8301521558311	-13.9748017477191	-20.6406842438238	-13.9748017477191	-14.8634061643927	-13.9748017477191	-13.9748017477191	-13.9748017477191	-13.9748017477191	-12.4538500271794	-13.4413894196074	-13.4413894196074	-11.690956282002	-13.4000029752403	-13.4316058476683	-18.5441109841288	-13.4413894196074	-12.4413894196074	-13.4413894196074	-13.4413894196074	-13.9748017477191	-12.2039534850975	-12.2039534850975	-12.2039534850975	-19.1008096326312	-19.3905178161971	-14.3602703555852	-23.2161328293032	-19.7088557464654	-19.3905178161971	-14.581002836413	-15.4656510448049	-15.4656510448049	-18.3187561489365	-18.6406842438238	-15.4656510448049	-20.6406842438238	-14.8634061643927	-14.3602703555852	-15.4656510448049	-15.4656510448049	-15.4656510448049	-16.2201085610036	-13.581002836413	-14.581002836413	-14.581002836413	-23.2161328293032	-19.6132035074017	-14.3252907976956	-17.966084530618	-15.5895799028758	-15.5895799028758	-15.4656510448049	-19.3905178161971	-13.4413894196074	-19.3905178161971	-19.3905178161971	-19.1008096326312	-19.7088557464654	-14.3602703555852	-14.3602703555852	-16.2201085610036	-13.4413894196074	-13.4413894196074	-20.6406842438238	-18.5441109841288	-14.581002836413
Plate4_2433R_0_F_S5_week5_S17_L001	-6.62812433710805	-6.26501798208359	-6.45591717139034	-6.92870692572632	-6.62992054694275	-7.23599375231125	-7.88715148793196	-7.08926690326988	-6.4129841207945	-7.52274643959231	-7.37391665361614	-8.33496607277995	-8.70564170937786	-8.18207519766127	-8.846169487683	-7.79761591101382	-7.41005354821217	-7.49511408030014	-8.23733487017934	-8.17000804613235	-9.60647037871354	-9.50990525468741	-8.54208707265271	-8.01928518142207	-8.91577638245383	-8.63574673300968	-8.39959394959655	-8.96488883627466	-8.96488883627466	-8.08005771585763	-9.94840450289988	-9.2724075003914	-9.78965380720298	-9.94840450289988	-8.34787357762569	-9.01342339546134	-9.36248271295523	-9.1273625045343	-9.34063490021261	-8.91484786768013	-9.34015792366841	-9.66247131585429	-9.01355457266951	-9.01530966198811	-8.82690600494975	-9.68038968006489	-10.1304930686268	-10.1304930686268	-8.88286608889796	-9.22042831421925	-9.88029512265116	-9.43902593651063	-9.20185805382197	-8.75443960871034	-8.72710552336259	-9.05536681496874	-8.63324797953741	-8.88419057397182	-8.76440224623292	-8.99371298574953	-8.92984861935394	-9.24164019631079	-8.70292117804045	-8.70292117804045	-9.47395767913966	-8.58209289376568	-8.58428376008916	-10.8142319282301	-9.4790198280362	-8.72940961686744	-8.9478711031772	-9.40235359728203	-9.00766190661527	-9.42365307956413	-8.62046062444748	-8.82400273714779	-9.10783271755178	-11.0773796523007	-8.15221685500993	-9.11986077832355	-9.37423899500934	-10.0147573406498	-9.40537249882211	-9.40537249882211	-9.33843805091955	-8.98204480851808	-8.24252151974317	-9.7283560907579	-9.37712814163027	-8.88419057397182	-8.8473126928163	-9.16235839227175	-9.17271436173279	-8.13928713450206	-8.32307786466954	-10.021599772134	-9.37581704662453	-8.91251155530501	-8.43962454640787	-9.43602672977879	-8.77390225372667	-8.88379759136926	-9.15857602165383	-8.42419407394751	-9.37880365362025	-9.02599380072063	-9.75565000559175	-9.79813970720203	-9.74614453778579	-10.1943396422651	-11.1304930686268	-10.7120682407717	-13.1762502158348	-11.1260669218056	-11.0765582111269	-8.51662608657777	-9.65654610933189	-9.00077699132098	-9.2750147552422	-10.5498442116293	-10.5498442116293	-10.0817380255976	-10.1977519919209	-10.1977519919209	-9.80838553593943	-9.61222950571906	-9.68602224578698	-8.93990208624685	-9.44521474626135	-11.07307229466	-9.52176953160382	-9.54886623277949	-11.0694987566951	-9.33495103148632	-9.69900345377567	-9.86209370662103	-9.88286608889796	-9.88286608889796	-9.88286608889796	-10.0995755496923	-11.0773796523007	-9.88286608889796	-9.950791251243	-8.79910063556835	-8.79910063556835	-9.94594105599515	-9.33539312676595	-9.33668334567544	-9.91190196761596	-10.0633410440596	-9.65392915482842	-9.89627196721923	-10.6508812646109	-9.950791251243	-9.88661820973494	-8.9560382862199	-10.6508812646109	-10.1609760490078	-9.7097872768474	-9.8542508459174	-9.49735701902753	-10.9849584365094	-9.45043356961805	-9.37581704662453	-9.75971700953836	-9.8695836352931	-9.37278808020324	-9.28551843941409	-9.65668345036462	-10.1609760490078	-10.348912151135	-9.52196451083952	-10.1943396422651	-9.88286608889796	-8.9491608035034	-9.76004669041321	-9.76004669041321	-10.2228960745887	-9.42676141895369	-10.0454951478907	-8.83543127833659	-9.6135366008991	-9.48017017461654	-9.88687559873512	-9.88239854428501	-9.48937058660464	-9.01473963838747	-9.88286608889796	-9.8127879858721	-9.88661820973494	-11.0374413416051	-10.1991638966081	-10.4896446098312	-9.45184358456654	-9.8542508459174	-9.05681100694856	-9.30781864231475	-9.88286608889796	-9.56718782644149	-9.29695997981138	-10.1027153185769	-9.36650064729942	-10.7447287935844	-10.988554319845	-9.96720454350548	-9.16175879679569	-9.33069359551065	-9.8847296956708	-9.42532013630213	-9.88286608889796	-9.87071796210702	-9.88286608889796	-10.0146570307019	-9.8542508459174	-9.43122649169029	-10.3044282058577	-10.3044282058577	-10.4641166396411	-9.82156113582794	-9.86025909333908	-9.97709193126703	-9.77537150851403	-9.91124366409035	-9.91124366409035	-10.208786817937	-9.88286608889796	-9.7097872768474	-9.88286608889796	-10.0358357619577	-9.74782319834203	-9.0545790394478	-10.0339339456011	-10.0163593108394	-9.70761006420484	-10.2228960745887	-10.2228960745887	-10.2228960745887	-11.1304930686268	-10.2381845743446	-9.63137543105814	-10.2228960745887	-9.60006335743379	-9.5727448987534	-9.91124366409035	-9.8847296956708	-10.9325480624118	-9.8340319139959	-11.0773796523007	-10.4550420162495	-10.1205437414517	-10.1173818698627	-9.88286608889796	-10.2228960745887	-10.0318425502655	-9.45488055850035	-10.3059617615	-8.7801585140558	-9.8847296956708	-9.62244005836605	-10.0998196365251	-10.1710513289437	-10.630895237167	-9.70562424609427	-9.17788126408507	-9.74744155017293	-10.2228960745887	-9.81799570172924	-9.85475600665241	-8.99109651781405	-9.8847296956708	-8.79260968237787	-9.51043555827054	-10.4390285759209	-9.44800072682017	-10.2228960745887	-9.52459126092253	-9.52459126092253	-11.1304930686268	-9.88475216344758	-9.55486919824921	-9.84770242990866	-9.60416382728065	-10.174762749921	-10.1306422619365	-9.80706068872578	-9.80706068872578	-9.8695836352931	-9.44800072682017	-9.90774934276523	-10.785137584608	-10.1451404752593	-9.85686392441642	-9.75699261010473	-9.92348455793629	-9.8847296956708	-9.6921297783149	-11.0765582111269	-10.088058744369	-10.088058744369	-10.7413480565991	-13.8739657303934	-9.31214799087276	-10.1304930686268	-8.94688746044167	-9.71309876462018	-10.2975227806367	-10.1259288232868	-10.1881999328819	-9.83285323052814	-9.12679959617383	-9.67886866838076	-10.1036919502096	-10.4329378092529	-9.54914039886305	-9.8847296956708	-10.3409856463637	-9.88660021222193	-9.89627196721923	-11.1304930686268	-11.1304930686268	-9.7978460532832	-11.0773796523007	-10.5349312456734	-9.44459791501967	-9.64769567273601	-11.1304930686268	-9.88286608889796	-9.44660706404188	-9.8847296956708	-10.605000867939	-11.1304930686268	-9.15552764806779	-9.86748281685355	-9.8847296956708	-9.88286608889796	-9.88286608889796	-10.9329494423224	-9.88286608889796	-10.9368575785246	-10.0235071555153	-9.05893032025405	-9.58169948095401	-9.38766765911253	-9.8847296956708	-9.90774934276523	-11.0773796523007	-10.3069248254613	-11.1304930686268	-9.64771473635007	-10.1434933166865	-9.870979651112	-10.2809345843932	-9.63717826794679	-9.97686583234869	-9.81313857360968	-9.95818141524482	-10.1428246617428	-9.96468696451666	-9.60173833959037	-9.8847296956708	-9.8586942225476	-8.61828962948984	-9.71301658284716	-10.5529099416173	-9.14058552802866	-10.5529099416173	-9.8847296956708	-9.68683138250634	-9.54164844538142	-9.35846158517753	-10.7039027692025	-11.0688185990392	-10.2228960745887	-11.0261523941887	-10.7474292933398	-10.1546317821263	-11.0773796523007	-10.4510096527346	-9.69965942435627	-9.81109780974579	-9.26967820105581	-10.1943396422651	-9.1128872740179	-9.8602546754006	-9.68958254975329	-9.78415573357663	-10.2470436671282	-10.234438275926	-9.75336888258644	-9.85967957533213	-9.92941890098636	-9.72801341694583	-9.85686392441642	-9.92540233914144	-10.8450700295075	-10.3069248254613	-9.53286998713664	-10.2228960745887	-9.6069135995844	-10.3069248254613	-9.8939130614514	-9.8847296956708	-9.67671813438499	-10.5541958056344	-9.90774934276523	-9.52033769604416	-9.72724209400883	-9.89502595541429	-9.62953091163447	-9.65405782191644	-10.9805030401912	-10.1481664175383	-10.0998196365251	-10.1515263046949	-9.88583552538329	-9.9728909428382	-9.8847296956708	-10.4016043586124	-10.4016043586124	-10.3996626517606	-11.0773796523007	-11.0773796523007	-10.512610107283	-9.91507500713228	-9.8009582685614	-9.77958981805116	-10.088058744369	-9.82859147475964	-10.9368575785246	-9.98106017360694	-9.76156171805358	-10.2686605144601	-9.49821062212912	-9.36051855246713	-11.0991511038549	-10.088058744369	-9.7217620347468	-9.88286608889796	-9.59892984353688	-10.0967277942676	-10.0967277942676	-9.87143015221271	-9.74556991269267	-9.84477890526256	-9.90265015450847	-9.91316722967301	-9.88286608889796	-10.4602610841319	-9.10539374652299	-9.58685220719021	-9.77853491872275	-9.77853491872275	-9.88286608889796	-9.90950733097761	-10.9067059796167	-9.91314889789889	-10.1821613434782	-10.3344028986808	-11.0991511038549	-10.4185619454752	-9.76324851064061	-9.8847296956708	-9.96826213352932	-10.5112317261734	-9.8847296956708	-10.2721441537778	-9.93910676032905	-9.88284365047449	-9.45890303166282	-9.80029951820844	-9.88286608889796	-9.8847296956708	-9.63226462626356	-9.63226462626356	-10.2228960745887	-10.581084077961	-11.0684755780947	-9.90310428451933	-9.74751672769431	-9.91154027550743	-9.91154027550743	-10.728295612994	-9.72377985216777	-10.2228960745887	-9.62316332067298	-8.1341399338026	-10.0292107080953	-9.88286608889796	-9.88286608889796	-9.8542508459174	-9.83457517840889	-11.1304930686268	-9.4703980764233	-9.84381765091353	-9.49507223427038	-10.7447287935844	-10.2205405998438	-9.59714840633406	-10.1556745733136	-9.77346913210291	-10.0218359570503	-9.98055586257542	-9.98055586257542	-9.88098247684606	-9.87169018920783	-9.74784363203352	-9.66773882774867	-9.85024048426937	-9.64769948543867	-9.40785326309097	-8.61671250211879	-11.0773796523007	-10.1124483705861	-9.70162754438496	-9.88286608889796	-10.7447287935844	-9.88286608889796	-9.88747244990792	-9.75376359215052	-9.85613597910515	-10.0318425502655	-10.5990006159929	-10.2062284985641	-9.8847296956708	-9.85320588316434	-9.8847296956708	-10.1900610920632	-9.3153319314561	-11.0773796523007	-10.0398400570791	-10.630895237167	-10.6097139285396	-9.67825401418418	-9.34515551115917	-9.8847296956708	-8.6579627309367	-10.208786817937	-9.78688073692683	-10.2228960745887	-9.7783879789216	-9.55896779494162	-9.86791090810537	-8.27585483435738	-10.8562399488073	-11.312621235217	-9.40809091767101	-10.3395930275645	-10.4920043189273	-9.92541250758802	-11.0751525785028	-11.080262501829	-9.60248233331309	-11.5834860002333	-10.4704162842021	-10.4917798094685	-11.5144583429463	-10.5301128612739	-10.5705270179018	-9.92136743012381	-12.6430129001416	-12.4512185895944	-9.15750778804533	-10.9724888026691	-10.2274134397082	-13.3094957413453	-10.4869817519177	-10.7157934077141	-9.56540335703869	-9.90444566703691	-12.570662915125	-11.0201913714368	-10.6238366926992	-10.6538740153033	-11.8085688099456	-10.2861242726208	-10.8641760545853	-9.99536548869609	-9.08725653837025	-10.222908571696	-12.2929096309493	-10.1557483126554	-11.8085688099456	-10.6982798612073	-8.99239689606293	-9.44166974487038	-12.1502671853763	-10.5596792891427	-12.3586662762377	-10.2552334836453	-10.5960164437739	-13.9334494651533	-10.8212033356486	-10.6988122510289	-12.2415653863249	-13.1969003791577	-10.4077460730211	-10.2832332798303	-8.92047400306958	-10.6988122510289	-9.39566795675743	-10.4673067622153	-13.8791702532862	-10.4365628334141	-11.1993773663541	-9.9965526959448	-10.9439883047262	-12.0237535490573	-9.92973503517267	-12.2370746927737	-11.3456762010625	-11.100250540144	-10.4698337492276	-13.3222332696363	-11.2678480537948	-11.3026309099056	-14.7380628984192	-10.2428860649262	-10.6482760820503	-12.4138868099118	-11.5765505756777	-11.1152925608726	-10.3876173547503	-11.5808336222058	-11.7937706945598	-13.9029131502599	-10.3758486252698	-11.3167740630951	-11.9619092295176	-9.80147734168869	-11.5822553899905	-10.3768253782408	-12.8209866344598	-11.2279617196956	-10.5049160922315	-11.4381551947488	-10.1670269777448	-11.9288906201699	-12.8665915157712	-10.5325538357157	-11.6732934033782	-12.2470217171355	-13.3955206915589	-10.9708470181966	-10.4405708169476	-9.93202327799518	-12.2470217171355	-10.7224710016561	-14.0383067789725	-11.6732934033782	-11.6412779474336	-10.9709080743966	-12.6466902335389	-12.4442296646384	-10.0873242767587	-11.1794744710556	-11.2991580022251	-10.5209305131175	-10.4691665502804	-10.3099807875254	-10.2068552942967	-10.5681494430633	-12.5676588158629	-9.92165691040482	-9.23276150126286	-12.5903962973828	-9.92165691040482	-11.6922099923942	-11.3643217285822	-11.9007196505448	-15.1070975526384	-12.5147503861964	-13.7277087071999	-11.4105653663926	-13.8515476355468	-12.6219523421007	-11.1462712280001	-12.2897646241813	-10.4109523017765	-12.0299499626828	-10.7693831419138	-12.7159053274563	-12.7013141108369	-12.7665949017099	-13.5954883022555	-12.1637431517778	-15.433225636055	-13.3239966758343	-11.7527634881817	-12.8547269595177	-11.0542085595295	-12.7927247719027	-10.9802591219037	-12.8821598947023	-13.851491427379	-11.4338172412743	-10.745622957977	-13.4662291557412	-11.7527634881817	-10.4798612894427	-12.6562131691426	-14.6857160984514	-11.2359370038115	-11.2359370038115	-11.0506955016875	-13.6856785196236	-13.8937972973983	-11.589927351295	-11.976538243395	-13.1553970001782	-13.1553970001782	-10.8447885210412	-12.4715051224102	-11.9242426821141	-11.8699038254558	-15.0511593810445	-11.2159089911549	-11.1041501701602	-10.2130626715216	-15.4342775464486	-14.3828026307651	-12.391382927815	-11.1877219903445	-11.1877219903445	-11.6180535480711	-9.17045413592417	-10.6203233217104	-11.1163389475652	-10.6396846022143	-10.6683590733189	-11.2081558090066	-11.6907291102759	-11.5813374902413	-11.1717693835683	-12.1077309676893	-15.5243735241132	-11.5500836432191	-11.5500836432191	-11.3165655313952	-11.3165655313952	-11.2473729571004	-12.0797953441559	-11.3578576661983	-11.6097258122069	-10.761833222044	-12.9285348347513	-11.1547509820453	-10.6314184075341	-11.1741881830727	-14.1588096504076	-11.8288499550986	-13.8491186308896	-9.77037325180463	-10.6813119552454	-11.2473729571004	-11.1163389475652	-10.7047085137218	-15.5243735241132	-11.8454967681898	-11.1349478011572	-12.735104374696	-12.8844655008652	-15.5243735241132	-10.0034564644538	-11.3641312688285	-13.3752777900614	-12.9087715295129	-10.776615861813	-10.8406422031511	-10.121999621595	-14.1727346611475	-14.178205051668	-14.178205051668	-11.5220371980141	-10.2782310288468	-14.1228515956159	-11.9044830213959	-11.8536183243405	-9.5672664341999	-13.8608238172539	-12.0383227734629	-10.7502494734019	-10.7014122493727	-10.7980720007085	-13.3584066730045	-11.0698808477328	-10.4401917059405	-10.8968464367528	-11.9043117459436	-11.1783085909223	-15.4009911086079	-12.3865696398781	-13.8290574644661	-10.6455019900878	-10.8106128266067	-12.6568392216607	-12.1806214348041	-12.317382857105	-12.9175487821507	-15.0383067789725	-14.7864583935841	-10.7313161467829	-10.6518812175496	-11.8997313016257	-11.2198443430676	-10.6904651635596	-13.2829596590749	-11.0732095214595	-11.2512538375766	-11.9419185023655	-10.62226098516	-10.6748015523721	-13.4914513220035	-13.1797743581451	-17.1548506840867	-10.8308225002037	-12.9642662120783	-15.5243735241132	-13.014772092701	-14.4027196759317	-13.6371389044453	-12.1547206393134	-12.3791264558735	-12.1208432680051	-12.9642662120783	-11.0335164202573	-10.9717020402257	-12.1599054937164	-12.1599054937164	-15.3999631819233	-12.0650437367829	-10.5412057017337	-12.297242848001	-11.0702078508983	-11.4472924451569	-12.3976478916628	-10.8628105025025	-10.8628105025025	-10.3217720708032	-13.1908431176799	-10.6715805930077	-12.2184165939493	-10.8484541753865	-14.5924203753104	-10.0762277130224	-10.7910141304037	-11.371996084195	-11.9812042948584	-10.5926376190378	-11.3595203010248	-10.838034823094	-12.579148545103	-12.0089146203001	-16.2246956360392	-10.8590976413826	-11.3595203010248	-10.8590976413826	-10.8590976413826	-12.2054100303385	-12.3583268044838	-12.2626511708086	-12.6441078140859	-12.6441078140859	-12.2352126534309	-12.6296310639366	-12.5951235708566	-11.1572152072413	-12.8873436964151	-13.8442169306348	-11.4263676044228	-13.8442169306348	-13.8442169306348	-12.1892794901209	-10.8250750409406	-15.433225636055	-10.2097366635669	-12.8527074176391	-12.1508593209325	-10.8718638701555	-10.6715805930077	-15.5243735241132	-15.0350156888946	-15.6638363209406	-15.0937391697834	-15.5243735241132	-11.8635418242578	-12.297242848001	-10.9397340231107	-12.1498394430155	-10.1630552381021	-12.3728756864176	-14.9137438828623	-14.6397331353181	-10.9767604593654	-11.9179349744915	-11.5924027623878	-14.6397331353181	-14.5807724710094	-16.0807009856218	-14.1629538776033	-14.2756727560587	-14.2756727560587	-15.7537873930607	-12.6253240235523	-13.2257880627359	-14.9407557757413	-19.4767787789741	-15.8674011209251	-14.8094761460393	-12.1387924328303	-11.3016587086211	-13.4209123746162	-13.4209123746162	-10.0961876365939	-15.5484995725776	-13.7345211717448	-13.2134192831834	-13.2134192831834	-11.296348384748	-13.1171305706516	-13.1171305706516	-19.4629729794491	-19.4767787789741	-23.2161328293032	-12.7017953701328	-14.3664460557705	-10.7810034059202	-12.0504011165113	-12.0504011165113	-18.1057561345586	-13.5269632893447	-11.3216248589477	-10.9773583135909	-11.3216248589477	-15.2537424410722	-12.9626716962002	-23.2161328293032	-14.4147118787198	-13.0169846404817	-15.6160737782894	-11.3484596972578	-13.2323234574373	-14.3919908289833	-15.8674011209251	-15.8674011209251	-12.2323234574373	-14.9171810760086	-10.3669405923705	-10.3669405923705	-10.1328563981547	-15.2246956360392	-12.0350356364784	-14.9171810760086	-15.6638363209406	-14.8674011209251	-16.2246956360392	-16.2246956360392	-13.0151497965804	-14.5105506564248	-15.8674011209251	-15.8674011209251	-14.7620313119026	-11.3122948431951	-11.3216248589477	-11.429232735259	-19.4629729794491	-15.7527372437634	-15.6638363209406	-10.3863571344285	-14.0087500753295	-13.5610602446717	-13.5269632893447	-15.6638363209406	-13.0447428661575	-16.2246956360392	-11.1779032881478	-15.4171639226769	-16.2246956360392	-15.0350156888946	-16.2246956360392	-10.7848943653907	-11.1815352468337	-11.4973673252313	-15.0043222512454	-15.2023379031678	-14.7620313119026	-15.6638363209406	-14.9695025289334	-11.502176666445	-14.2824386202039	-14.2824386202039	-16.2246956360392	-15.8674011209251	-15.8674011209251	-14.6857160984514	-13.0169846404817	-13.0169846404817	-15.4171639226769	-15.6638363209406	-10.6853794896731	-16.2246956360392	-12.2323234574373	-15.5971012848459	-15.6442295225012	-14.7620313119026	-15.8674011209251	-15.6638363209406	-11.2076228721013	-13.8620406247944	-14.2113440468307	-15.8674011209251	-14.2824386202039	-14.7620313119026	-9.90457686710135	-15.6638363209406	-9.83262177009548	-16.2246956360392	-14.707602115485	-13.7756456241261	-14.9257064991232	-13.0446545063325	-19.4629729794491	-12.118465703129	-10.3899318972027	-14.856079591892	-11.4690614440365	-10.9540011094495	-13.0006869009035	-12.1295833233902	-12.2712674619703	-15.8674011209251	-11.506872062404	-14.8674011209251	-12.3577429002699	-16.2246956360392	-12.1118612697617	-13.2286687498695	-13.1023495133513	-13.2323234574373	-11.6473609567162	-13.3314736448207	-13.0245454598028	-13.0245454598028	-13.0245454598028	-12.1566465000662	-18.3380147090183	-18.3380147090183	-13.8638252446938	-10.7010767065054	-15.6638363209406	-15.9485801547714	-17.1548506840867	-14.8089303115805	-14.159192231272	-13.0509415408581	-12.3999169424386	-15.8674011209251	-16.2246956360392	-14.9279272375642	-15.2596226456904	-14.2402125705986	-14.5434739836357	-14.3147361097527	-14.4968809526696	-10.0026360571179	-14.0251713767833	-13.0600461988674	-9.86657376636217	-13.8674011209251	-10.3318460619738	-11.3216248589477	-10.8196218213244	-13.0568024002622	-15.8674011209251	-15.3720389177256	-9.36598054297284	-18.4802509708809	-9.70390276920254	-10.6921030412795	-12.3717869740408	-15.8674011209251	-14.8674011209251	-13.2323234574373	-15.8674011209251	-11.5079790858625	-11.5079790858625	-15.8674011209251	-11.5079790858625	-11.5079790858625	-14.1797743581451	-15.8674011209251	-15.8674011209251	-14.1797743581451	-15.433225636055	-16.0793838768063	-14.1431933511403	-11.5079790858625	-16.2246956360392	-12.5682995505958	-12.1246971444699	-11.505572394352	-13.0245454598028	-11.9273495166405	-15.8674011209251	-15.8674011209251	-15.8674011209251	-15.8674011209251	-11.5876200132073	-13.0600461988674	-13.2824386202039	-13.2005648792647	-13.8674011209251	-13.8674011209251	-12.8384960402363	-13.8674011209251	-13.5381830932268	-14.2824386202039	-11.0851262126131	-14.2824386202039	-11.3738441209594	-13.3238309603034	-10.3635475159788	-14.8674011209251	-14.8674011209251	-12.6324592815288	-12.6324592815288	-14.123089051154	-14.8674011209251	-11.7466124059143	-14.1937082393091	-13.0169846404817	-13.0169846404817	-15.8674011209251	-14.8674011209251	-14.2771253078227	-12.4829640052922	-14.8674011209251	-14.8674011209251	-12.9673767892945	-14.8674011209251	-10.887968663488	-11.2611431132467	-14.8674011209251	-13.4994988554742	-14.8674011209251	-14.8674011209251	-14.8674011209251	-12.7890733666615	-14.8674011209251	-14.8674011209251	-11.1520962417428	-14.8674011209251	-15.1739465598294	-15.1739465598294	-14.6986510915357	-14.8674011209251	-14.8674011209251	-13.5952882768445	-14.8674011209251	-14.8674011209251	-15.8674011209251	-11.3216248589477	-15.8674011209251	-15.0350156888946	-15.8674011209251	-15.8674011209251	-15.8674011209251	-15.8448462170588	-15.8674011209251	-15.3720389177256	-14.856079591892	-15.8674011209251	-15.8674011209251	-15.8674011209251	-12.8362904936678	-15.8674011209251	-11.4959910681368	-15.8674011209251	-14.7620313119026	-18.9973094071003	-18.9973094071003	-15.8674011209251	-15.8674011209251	-18.4629729794491	-15.8674011209251	-15.7527372437634	-15.8674011209251	-15.8674011209251	-15.8674011209251	-10.8397220280808	-15.8674011209251	-11.7181615616271	-15.8674011209251	-15.8674011209251	-14.3303178039412	-15.8674011209251	-15.8674011209251	-12.6745358422163	-15.8674011209251	-15.8674011209251	-15.8674011209251	-15.8674011209251	-15.8674011209251	-14.1588096504076	-15.8674011209251	-15.8674011209251	-15.8674011209251	-15.8674011209251	-15.8674011209251	-15.8674011209251	-15.8674011209251	-11.3165243135805	-13.8991175580511	-15.8674011209251	-15.8674011209251	-14.8674011209251	-15.8674011209251	-15.8674011209251	-15.8674011209251	-15.8674011209251	-15.2023379031678	-15.8674011209251	-15.8674011209251	-15.8674011209251	-13.0169846404817	-15.8674011209251	-15.8674011209251	-15.8674011209251	-17.1548506840867	-12.8362904936678	-12.6614078002544	-14.8674011209251	-15.8674011209251	-12.0046698834297	-15.7527372437634	-14.7620313119026	-14.2824386202039	-15.8674011209251	-15.8674011209251	-15.8674011209251	-15.8674011209251	-15.8674011209251	-15.8674011209251	-15.8674011209251	-15.8674011209251	-9.63212883581662	-15.8674011209251	-15.8674011209251	-15.8674011209251	-15.8674011209251	-15.7527372437634	-15.8674011209251	-13.9299436660513	-12.8362904936678	-12.8362904936678	-15.8674011209251	-15.8674011209251	-15.8674011209251	-13.0169846404817	-18.9973094071003	-15.8674011209251	-11.4541308840753	-15.8674011209251	-15.8674011209251	-15.8674011209251	-15.8674011209251	-15.8674011209251	-15.8674011209251	-15.8674011209251	-15.2023379031678	-11.1485720829384	-14.4147118787198	-15.8674011209251	-15.8674011209251	-14.3154336817096	-13.1401863929917	-15.8674011209251	-19.4629729794491	-13.008005939616	-15.8674011209251	-9.8397080905469	-15.2905311832285	-11.2669552266037	-15.8674011209251	-15.8674011209251	-15.8674011209251	-15.0350156888946	-15.8674011209251	-15.8674011209251	-15.8674011209251	-15.8674011209251	-11.5079790858625	-15.8674011209251	-15.8674011209251	-15.8674011209251	-15.7527372437634	-15.8674011209251	-12.1566465000662	-12.4781829251656	-15.8674011209251	-15.8674011209251	-15.8674011209251	-11.3216248589477	-15.8674011209251	-14.8674011209251	-10.9774062292999	-15.8674011209251	-15.8674011209251	-15.8674011209251	-15.8674011209251	-11.4681131391009	-14.7620313119026	-15.8674011209251	-15.8674011209251	-15.8674011209251	-15.8674011209251	-12.9372769360089	-12.6209579418189	-13.0169846404817	-12.3675608854891	-12.8362904936678	-15.8674011209251	-11.6027225323722	-13.1401863929917	-21.2327013509278	-15.7527372437634	-15.8674011209251	-16.6393206559689	-11.429232735259	-15.8674011209251	-15.8674011209251	-12.9258174548962	-15.8674011209251	-15.8674011209251	-15.8674011209251	-14.9279272375642	-15.8674011209251	-15.8674011209251	-15.8674011209251	-15.8674011209251	-15.8674011209251	-15.8674011209251	-15.8674011209251	-15.8674011209251	-15.8674011209251	-15.8674011209251	-15.8674011209251	-15.8674011209251	-15.2023379031678	-15.8674011209251	-15.8674011209251	-12.8891238540276	-14.3919908289833	-15.8674011209251	-15.8674011209251	-15.8674011209251	-15.7527372437634	-15.8674011209251	-12.8362904936678	-13.0169846404817	-15.8674011209251	-15.8674011209251	-15.8674011209251	-15.8674011209251	-15.7527372437634	-11.261420794903	-11.0770489659853	-11.9460010671759	-15.8674011209251	-15.8674011209251	-15.8674011209251	-15.8674011209251	-15.8674011209251	-15.8674011209251	-15.8674011209251	-15.8674011209251	-13.781992319407	-13.662344207211	-15.8674011209251	-15.8674011209251	-15.8674011209251	-15.8674011209251	-15.8674011209251	-13.0169846404817	-15.2023379031678	-15.8674011209251	-13.7952159899022	-11.3216248589477	-10.3267691398207	-15.8674011209251	-15.8674011209251	-15.8674011209251	-10.4504814569073	-19.4629729794491	-19.4629729794491	-19.4629729794491	-19.4629729794491	-19.4629729794491	-15.7527372437634	-16.4487027134378	-19.4629729794491	-19.4629729794491	-9.92313471779578	-10.6338920882084	-19.4629729794491	-19.4629729794491	-19.4629729794491	-13.8238924488475	-16.0793838768063	-13.084899053292	-19.4629729794491	-19.4629729794491	-19.4629729794491	-19.4629729794491	-19.4629729794491	-19.4629729794491	-10.5039715413814	-12.4963535474303	-19.4629729794491	-14.3474957620291	-13.9849256826444	-19.6477388502066	-20.2703279015067	-12.6514285536026	-14.3474957620291	-21.8552904022278	-15.5243735241132	-16.8895061175657	-15.6393206559689	-16.2246956360392	-13.1401863929917	-13.1401863929917	-17.1548506840867	-21.2327013509278	-12.156577055008	-21.4436916310881	-12.1810230876384	-12.866719317963	-21.2327013509278	-12.9059524525514	-21.2327013509278	-21.2327013509278	-16.2246956360392	-17.1548506840867	-21.2327013509278	-14.007058701134	-15.8741798319873	-16.8918162782529	-8.78907588981067	-10.7609619496432	-10.9908295215352	-9.92699781271684	-10.452450201717	-10.0101806770051	-12.1246971444699	-11.3847535371353	-11.5800330379299	-11.3847535371353	-11.2410337717079	-11.3847535371353	-11.3847535371353	-11.3847535371353	-11.9430634509766	-13.0245454598028	-11.3545555588822	-11.5800330379299	-21.8552904022278	-21.8552904022278	-12.1246971444699	-11.6732064727171	-11.5800330379299	-12.0654837306427	-12.2712674619703	-11.3847535371353	-11.3847535371353	-11.3847535371353	-11.3847535371353	-11.3847535371353	-11.2127828608018	-11.2689830463353	-10.4790917402336	-13.4867621149391	-15.0543581552477	-15.6393206559689	-12.9831234400104	-15.6393206559689	-15.6393206559689	-14.4171639226769	-14.4171639226769	-15.6393206559689	-15.6393206559689	-11.6027225323722	-11.6027225323722	-12.6308002726912	-16.6393206559689	-16.6393206559689	-16.6393206559689	-15.5243735241132	-16.6393206559689	-11.9668325247163	-13.6947886546721	-11.0933610936111	-13.0245454598028	-13.0245454598028	-13.0245454598028	-12.2712674619703	-16.6283965886564	-17.1548506840867	-17.1548506840867	-11.9802514401079	-12.7814835550493	-12.7814835550493	-12.7814835550493	-12.7814835550493	-14.3664460557705	-14.3664460557705	-14.3664460557705	-14.3664460557705	-14.3664460557705	-14.3253718741075	-14.3664460557705	-14.3664460557705	-14.3664460557705	-11.9430634509766	-11.9430634509766	-12.6296310639366	-14.3664460557705	-11.1251790728459	-14.9171810760086	-15.6638363209406	-11.3339917823214	-14.1797743581451	-15.6638363209406	-15.6638363209406	-15.6638363209406	-15.6638363209406	-15.6638363209406	-15.8674011209251	-15.8674011209251	-16.2246956360392	-19.8552904022278	-12.0245454598028	-12.8097900943902	-11.5800330379299	-13.0245454598028	-21.8552904022278	-13.0245454598028	-15.6638363209406	-13.0245454598028	-13.0245454598028	-13.0245454598028	-13.0245454598028	-12.7832516131432	-13.2323234574373	-13.2323234574373	-11.6719651777032	-13.2134192831834	-13.2286687498695	-19.4767787789741	-12.6296310639366	-12.2323234574373	-13.2323234574373	-13.2323234574373	-13.0245454598028	-12.2712674619703	-12.2712674619703	-12.2712674619703	-19.2114342124531	-14.1797743581451	-15.5243735241132	-23.2161328293032	-19.4629729794491	-14.1797743581451	-15.8674011209251	-16.2246956360392	-16.2246956360392	-19.5333623073405	-19.8552904022278	-16.2246956360392	-21.8552904022278	-15.6638363209406	-15.5243735241132	-16.2246956360392	-16.2246956360392	-16.2246956360392	-17.1548506840867	-14.8674011209251	-15.8674011209251	-15.8674011209251	-23.2161328293032	-19.4802509708809	-15.433225636055	-19.4629729794491	-14.3664460557705	-14.3664460557705	-16.2246956360392	-14.1797743581451	-13.2323234574373	-14.1797743581451	-14.1797743581451	-19.2114342124531	-19.4629729794491	-15.5243735241132	-15.5243735241132	-17.1548506840867	-13.2323234574373	-13.2323234574373	-21.8552904022278	-19.4767787789741	-15.8674011209251
Plate4_2475R_0_M_S5_week5_S18_L001	-6.64328419273322	-6.26705537350241	-6.47370374546344	-6.93367870076583	-6.62515800595202	-7.25081591871202	-7.90565303061919	-7.08304713509587	-6.43477657836641	-7.5243566515692	-7.39297788049892	-8.34835129900681	-8.70150868328159	-8.19847659562872	-8.86632872328347	-7.78604375749976	-7.41910502391187	-7.4948693561814	-8.24217262509738	-8.17136747958376	-9.61903443197749	-9.55647295944972	-8.56511594900183	-8.01129484588419	-8.94474149928628	-8.64958381260709	-8.40709586470285	-8.99457754800181	-8.99457754800181	-8.06448411331254	-9.98906220297784	-9.2934863636584	-9.8273568554439	-9.98906220297784	-8.34286349624566	-9.00151144455696	-9.37570273354586	-9.12207881550304	-9.36043834098554	-8.90258493875714	-9.35692929012725	-9.69824638741441	-9.03672487969207	-9.02896303600316	-8.83145712388537	-9.70027545420469	-10.1743799004492	-10.1743799004492	-8.88085305048342	-9.21241536092462	-9.89999893209066	-9.45654811728433	-9.1967870791011	-8.7469839888444	-8.7198159040782	-9.0514138986017	-8.62943025175656	-8.88125737822982	-8.78085792862314	-8.99494688595709	-8.92189218603268	-9.27818962886656	-8.69488141731059	-8.69488141731059	-9.49860836823113	-8.57426041019639	-8.58191821243508	-10.828018501417	-9.47699858863617	-8.6946487323045	-8.95534763920597	-9.42395126176726	-8.99797582488225	-9.47087859113105	-8.60564888610351	-8.80924287412656	-9.11822306054021	-11.1252411232444	-8.18864328572584	-9.10503165424238	-9.38510522661079	-10.0783761666713	-9.42869704900099	-9.42869704900099	-9.35320654410944	-9.03274955159934	-8.21962298617169	-9.76205106871035	-9.38888422323782	-8.88125737822982	-8.83929389759542	-9.15658111680892	-9.17695062735864	-8.12904344912054	-8.30314521201188	-10.0734944633354	-9.38725436944641	-8.89352569148639	-8.44439687936583	-9.45797808158764	-8.82273082361082	-8.88200023697182	-9.16412978436092	-8.42230169673575	-9.3860792551393	-9.02486167372418	-9.74619700404677	-9.79145215361894	-9.76033657807576	-10.1934859029299	-11.1743799004492	-10.7611234451762	-13.0281302066786	-11.1698134004565	-11.1248727890519	-8.46580593036207	-9.68355393075401	-9.01490915423552	-9.24501148986824	-10.5814297997095	-10.5814297997095	-10.0985570747479	-10.1992308471774	-10.1992308471774	-9.80209567380618	-9.58678355556011	-9.68262255928006	-8.93378404568887	-9.42649213171838	-11.1210568606094	-9.53330852327362	-9.53948804749691	-11.1256924608259	-9.33887803492695	-9.71609754379318	-9.86286749902717	-9.88085305048342	-9.88085305048342	-9.88085305048342	-10.0841889636459	-11.1252411232444	-9.88085305048342	-9.95957967449642	-8.78146447691404	-8.78146447691404	-9.90501904643404	-9.33367160080152	-9.33482128377691	-9.92379514872903	-10.0336684564509	-9.6388578745253	-9.89638181315158	-10.703735556423	-9.95957967449642	-9.88492092711066	-8.92641698111666	-10.703735556423	-10.1785967516679	-9.71518513062125	-9.84274136004592	-9.46489923530133	-11.0028111969523	-9.42729580085827	-9.38725436944641	-9.77743419351247	-9.86548965663469	-9.36321339963963	-9.29871102267497	-9.64729971631116	-10.1785967516679	-10.3887460286039	-9.50361083461445	-10.1934859029299	-9.88085305048342	-8.95469819233722	-9.7775789336392	-9.7775789336392	-10.2190366165731	-9.4014889055267	-10.1003609288977	-8.87606882457204	-9.606954569778	-9.47720427051977	-9.8892567748079	-9.85586441432438	-9.48837263273446	-8.98055316289822	-9.88085305048342	-9.82112248316131	-9.88492092711066	-11.0540750709517	-10.2033412084034	-10.5125149090403	-9.42226718583663	-9.84274136004592	-9.06397097607437	-9.27850043175704	-9.88085305048342	-9.59825009285179	-9.28827849499313	-10.2041882282615	-9.343991325466	-10.786155327178	-11.0394137377555	-9.97955965124223	-9.15238486563663	-9.31689454409037	-9.88314833639343	-9.43371623061286	-9.88085305048342	-9.86745247486832	-9.88085305048342	-10.0341343967358	-9.84274136004592	-9.41462331481651	-10.3130952103796	-10.3130952103796	-10.5121307143426	-9.81056327593251	-9.86060422848748	-9.98040321789222	-9.78333760656877	-9.90352483985543	-9.90352483985543	-10.2032021929541	-9.88085305048342	-9.71518513062125	-9.88085305048342	-10.0215465319709	-9.76375541300713	-9.04160172363224	-10.0108087865468	-9.99839916970129	-9.71742906586379	-10.2190366165731	-10.2190366165731	-10.2190366165731	-11.1743799004492	-10.2331141528396	-9.61504117873232	-10.2190366165731	-9.59534747508589	-9.57635769299151	-9.90352483985543	-9.88314833639343	-10.983910176784	-9.85185619958037	-11.1252411232444	-10.4899530866731	-10.1356735489702	-10.104146033464	-9.88085305048342	-10.2190366165731	-10.0088746809717	-9.4533981578183	-10.3157727155854	-8.7674328019799	-9.88314833639343	-9.62431376093091	-10.0939004714888	-10.1524195884989	-10.6812381371905	-9.7157119857618	-9.16323078177626	-9.73228443757672	-10.2190366165731	-9.80620107882782	-9.85509517637741	-8.99666062241742	-9.88314833639343	-8.78226840117605	-9.51713505612573	-10.4450597065426	-9.42907613672199	-10.2190366165731	-9.54830830644512	-9.54830830644512	-11.1743799004492	-9.88262282157341	-9.56394617860965	-9.85434619378821	-9.63812835871266	-10.2123346520397	-10.1175083801484	-9.79376603822393	-9.79376603822393	-9.86548965663469	-9.42907613672199	-9.90318528372126	-10.8607912931802	-10.1416776312433	-9.86079205988866	-9.78406951019737	-9.91473785501845	-9.88314833639343	-9.70133773886175	-11.1248727890519	-10.0796248309656	-10.0796248309656	-10.7818662015752	-13.7960308591695	-9.33459074148782	-10.1743799004492	-8.95557155538999	-9.71889800998422	-10.3496300166219	-10.176906240964	-10.1937842931623	-9.83772396358256	-9.16856204086512	-9.65545006477605	-10.149601311128	-10.473412100568	-9.57155744081521	-9.88314833639343	-10.3949301880003	-9.88501838535428	-9.89638181315158	-11.1743799004492	-11.1743799004492	-9.79026739600649	-11.1252411232444	-10.5734139316683	-9.45154080679598	-9.64630488478254	-11.1743799004492	-9.88085305048342	-9.42778355569521	-9.88314833639343	-10.6395640816758	-11.1743799004492	-9.14085813929959	-9.84751035347343	-9.88314833639343	-9.88085305048342	-9.88085305048342	-10.9553697427311	-9.88085305048342	-10.9590994414935	-10.0505229755293	-9.05587634655789	-9.56444993460362	-9.38337995394117	-9.88314833639343	-9.9020645262045	-11.1252411232444	-10.3161931676454	-11.1743799004492	-9.64593488995878	-10.1280121676113	-9.89097190778062	-10.287632631875	-9.63775191513434	-9.98479472543194	-9.84049051952832	-9.98643746491586	-10.1246140905059	-9.97007544637704	-9.60556183970031	-9.88314833639343	-9.86305562534491	-8.60107690954068	-9.73427137704176	-10.5303006059021	-9.15796107292136	-10.5303006059021	-9.88314833639343	-9.68867908358542	-9.53303420605446	-9.35081133673101	-10.7484599454953	-11.1135464991816	-10.2190366165731	-11.0777210502904	-10.7173527077809	-10.1657802804211	-11.1252411232444	-10.3696700947787	-9.70296424737621	-9.80536415883564	-9.27561872968338	-10.1934859029299	-9.08740018476028	-9.86102592499321	-9.69146291413044	-9.78012801456867	-10.2620728760806	-10.2223052352231	-9.76333254210139	-9.8617346527258	-9.94011399918869	-9.7279117312895	-9.86070389108354	-9.92840466596917	-10.8657358245983	-10.3161931676454	-9.51502070466273	-10.2190366165731	-9.65072175002709	-10.3161931676454	-9.88294745035019	-9.88314833639343	-9.68487677921713	-10.5752784759728	-9.90318528372126	-9.50363657294965	-9.74359331149065	-9.87427301792458	-9.63129411297325	-9.65262595060627	-11.0283919750496	-10.1378923061385	-10.0939004714888	-10.1245560968415	-9.87096294995899	-9.97882058270685	-9.88314833639343	-10.4313618663976	-10.4313618663976	-10.4474100674549	-11.1252411232444	-11.1252411232444	-10.5461095854897	-9.90856835497206	-9.78707587872827	-9.76809304676896	-10.0796248309656	-9.81455105321511	-10.9567703230097	-9.9925911396449	-9.77763972882293	-10.2648936329301	-9.47949107673825	-9.35600337629974	-11.1370071792367	-10.0796248309656	-9.72810683385929	-9.88085305048342	-9.58368242418051	-10.0727074620345	-10.0727074620345	-9.86776061037117	-9.71934767384036	-9.83217965694999	-9.89691865389944	-9.90532265984935	-9.88085305048342	-10.4462395853782	-9.07566004334915	-9.5722571897973	-9.77223319654305	-9.77223319654305	-9.88085305048342	-9.88468003858141	-10.9655124317551	-9.90564294637043	-10.1794379693882	-10.3613502933519	-11.1370071792367	-10.4388691060283	-9.73509545046218	-9.88314833639343	-9.93483973415585	-10.5450262640801	-9.88314833639343	-10.2891320137879	-9.94659999948895	-9.88137792092621	-9.43832152494489	-9.78987901899031	-9.88085305048342	-9.88314833639343	-9.62471340359585	-9.62471340359585	-10.2190366165731	-10.6364971558289	-11.1005781948855	-9.91245378038377	-9.76312831834113	-9.90996704529844	-9.90996704529844	-10.769565578507	-9.74937874997656	-10.2190366165731	-9.61897737244989	-8.1150006387244	-10.021839683749	-9.88085305048342	-9.88085305048342	-9.84274136004592	-9.82707820073677	-11.1743799004492	-9.47809021304481	-9.84563970877858	-9.483124003792	-10.786155327178	-10.2161402152699	-9.60219451242516	-10.1397265159139	-9.76686768271333	-10.028502207522	-9.98459003658346	-9.98459003658346	-9.87908544773292	-9.86849809175755	-9.76327163023527	-9.65250649111327	-9.85018691763066	-9.64601746986307	-9.39417263920423	-8.62017674563155	-11.1252411232444	-10.0970886992768	-9.69917076698309	-9.88085305048342	-10.786155327178	-9.88085305048342	-9.87935413914416	-9.73851549863877	-9.83595714269398	-10.0088746809717	-10.6257162519928	-10.2051515760784	-9.88314833639343	-9.85539686432205	-9.88314833639343	-10.1937224855869	-9.30141604905488	-11.1252411232444	-10.0569919225955	-10.6812381371905	-10.6691653387392	-9.67275208424398	-9.37417579128851	-9.88314833639343	-8.64395735771057	-10.2032021929541	-9.76406368516228	-10.2190366165731	-9.7765508698363	-9.45667557986262	-9.76702573573414	-8.2699883460147	-10.8580368413259	-11.1320630699948	-9.30107634285201	-10.2707371333218	-10.3798949318421	-9.9169641697037	-11.1815307133461	-11.0100986048122	-9.54818359796062	-11.4232388983355	-10.3670334180458	-10.4233793046285	-11.5938703159539	-10.5554308459037	-10.6029637877379	-9.99038684948035	-12.3457639938455	-12.3267550813109	-9.13696539758092	-10.9799093426137	-10.2244749531235	-13.0365650844808	-10.4863538072072	-10.7759131295496	-9.59668504407222	-9.90202271196408	-12.367482152044	-11.0369617902581	-10.6350264523553	-10.6582917114721	-11.8515087810542	-10.272181320062	-10.880824285327	-10.0088993191959	-9.11101872717643	-10.1702199935941	-12.1536711077302	-10.2257214775784	-11.8515087810542	-10.6592981798485	-9.01471251707855	-9.39583143981679	-12.1210440046647	-10.505015741604	-12.1825307901579	-10.1587031506948	-10.6575656240511	-13.5172468370953	-10.7358278868174	-10.6111756690592	-12.1871954671714	-13.0212311603187	-10.3334827359064	-10.314084783365	-8.96157414594076	-10.6111756690592	-9.48093808258764	-10.459895424936	-13.7587955623795	-10.4359076665394	-11.207454539213	-9.9870959216712	-10.9119389316793	-12.0044280073915	-9.87387218998512	-12.2137489338344	-11.2775078379994	-11.0488947564373	-10.4602113578875	-13.0812166603934	-11.2085156843647	-11.3092085554919	-14.56758566349	-10.203701933333	-10.7085017859531	-12.440511378567	-11.5712218072759	-11.1146815347677	-10.3708324596804	-11.5395776406005	-11.7184095850484	-13.4890047250673	-10.3277392353234	-11.3721061331079	-12.0048346113011	-9.76815991475072	-11.5706297769743	-10.3735187564434	-12.6164838719526	-11.2164364611852	-10.5209737953067	-11.4369680550294	-10.1670538771601	-11.8557627933483	-12.6867688634973	-10.5424573998926	-11.7416443270904	-12.2462022810914	-13.1658086966551	-10.8792687115934	-10.4492822799218	-9.93519812579459	-12.2462022810914	-10.7386542727922	-13.7266941602883	-11.7416443270904	-11.6522702559064	-10.945496238974	-12.6325528619607	-12.3517468533586	-10.0327681226299	-11.2552117954923	-11.2928242010472	-10.5973919803565	-10.4892144963729	-10.3483846237684	-10.1889558358251	-10.5358586857678	-12.5740171617269	-9.95614194134933	-9.24202107952051	-12.5967661293814	-9.95614194134933	-11.5967176053417	-11.4502752500732	-11.8527434106171	-14.7141174527056	-12.6360443710388	-13.8114661966472	-11.3518783159299	-13.543648331161	-12.7350406381291	-11.0649793258378	-12.3258827225359	-10.3849381745396	-12.0451053231584	-10.8064631774061	-12.8530606218629	-12.7692230285864	-12.8475741682253	-13.5896886731077	-12.1800720746101	-15.0037472024683	-13.3450216316665	-11.9509345432327	-12.919626713581	-10.9863822585642	-12.8952993073242	-10.9060123526965	-12.7658996266535	-13.7479663740831	-11.4443598251963	-10.7524928441481	-13.52265164672	-11.9509345432327	-10.4450033816885	-12.7584584166736	-14.4924882707738	-11.1745094954194	-11.1745094954194	-11.1270860503809	-13.4987742016241	-14.0453841317477	-11.6995416445927	-11.9277571933729	-12.9989264161057	-12.9989264161057	-10.8157150576646	-12.5000251278545	-12.1247954508177	-11.9105288059808	-14.6996732913654	-11.1368957641768	-11.0344344416459	-10.1552499642535	-15.0209158575914	-14.0005000210373	-12.3904174131222	-11.1721214818259	-11.1721214818259	-11.6521800189592	-9.1352988323791	-10.6430277883624	-11.0220197187493	-10.6049157405602	-10.6316943859653	-11.1619700010469	-11.7427714359588	-11.5168142626292	-11.1779747572368	-12.1395795444604	-15.1041442182954	-11.7045636945795	-11.7045636945795	-11.2729871052155	-11.2729871052155	-11.2209169879178	-12.1142500794861	-11.2542023605489	-11.5992762806885	-10.7263993579163	-12.8473189261525	-11.2013874721957	-10.5510694697772	-11.0959629031369	-14.0642870028837	-11.9186144158583	-13.7370151952682	-9.74144597361764	-10.6493656034646	-11.2209169879178	-11.0220197187493	-10.6757649508942	-15.1041442182954	-11.8968298216526	-11.1401600759024	-12.8040757790717	-12.9398288918354	-15.1041442182954	-10.0557302133729	-11.319523268508	-13.4612304807676	-12.7270686880853	-10.7784165403802	-10.8267209722265	-10.1050638936487	-14.0073411427615	-14.0131646690502	-14.0131646690502	-11.5855064452269	-10.2645466956526	-13.9516823234954	-11.9808555994066	-11.9706230525975	-9.53136437930909	-13.6618408048114	-12.0530550389181	-10.7029656218918	-10.6703997966663	-10.783776558817	-13.4409147885776	-10.982518048923	-10.4389652545639	-10.8161892482262	-11.88232550391	-11.2198643860729	-14.9718646217946	-12.4361132844243	-13.7593900450268	-10.6068021844702	-10.895424955734	-12.7037273049464	-12.1819674432364	-12.3050402211236	-12.713203521949	-14.7292675051049	-14.4313094895977	-10.7159193144146	-10.6150230733665	-12.0251198424283	-11.3162394248536	-10.6579133010539	-13.1188198149605	-10.9834693578877	-11.1696557339535	-11.9859139260212	-10.6031138442284	-10.6409472499246	-13.3386180139219	-13.0295084681074	-16.8106958269289	-10.8066330131747	-13.0335128883837	-15.1041442182954	-13.1578287169393	-14.2134003730493	-13.6544429538109	-12.1688277927858	-12.4894693443595	-12.1411020757406	-13.043363989162	-11.0451140351113	-10.9009375435652	-12.1818946457398	-12.1818946457398	-15.0316473788637	-11.9828501013124	-10.497281194993	-12.2861368658551	-11.0695194392439	-11.288519285717	-12.3400153097795	-10.8395405464502	-10.8395405464502	-10.2802984624875	-13.3968733286293	-10.635204798577	-12.1686417613014	-10.8253572777976	-14.4971524776434	-10.0510258836171	-10.7726550784258	-11.3337721614942	-12.0916664184877	-10.6113588305936	-11.2982255490155	-10.8170830528421	-12.6759848291942	-12.0518886699233	-16.6010887569078	-10.836280483331	-11.2982255490155	-10.836280483331	-10.836280483331	-12.2154145717283	-12.353411493374	-12.2793983984037	-12.7124727939695	-12.7124727939695	-12.1974995383202	-12.6962762637606	-12.6916974725249	-11.1163518979039	-12.950363356591	-13.8325074147342	-11.4377890200418	-13.8325074147342	-13.8325074147342	-12.0225102137674	-10.7917590929078	-15.0395404366409	-10.1260158527297	-12.9100305101211	-12.0948190482329	-10.8498566409306	-10.6370682610116	-15.1041442182954	-15.2847784229813	-16.0390406481347	-14.7414127997201	-15.1041442182954	-11.9708315615628	-12.2861368658551	-10.9382456277277	-12.1819367912111	-10.1792821159066	-12.3898641264267	-14.574650824865	-14.9778390725948	-10.9922879129564	-12.2012806807582	-11.6565763353915	-15.0161262561867	-14.9467782094959	-16.2075227879318	-13.9035651180943	-14.5308360543341	-14.5308360543341	-15.7499530338151	-12.5437615700181	-13.1810137041346	-15.0133691915709	-18.702968370927	-16.0255013809331	-14.9169330812012	-12.2111035454171	-11.2918914813229	-13.3990361900328	-13.3990361900328	-10.0776960993571	-15.6143055079182	-13.6573591888501	-13.3890235368269	-13.3890235368269	-11.2385770263363	-13.0583593611669	-13.0583593611669	-19.5527257353464	-18.702968370927	-23.2161328293032	-12.6049876577627	-14.1596535675644	-10.7588855764651	-11.9473837997519	-11.9473837997519	-17.9603837042597	-13.5089274572459	-11.2651198972108	-10.9725023759128	-11.2651198972108	-15.2802430892621	-13.1951427968323	-23.2161328293032	-14.5389199358214	-13.2165679275348	-15.8326638024846	-11.3548858284622	-13.4386974281509	-14.6081143827755	-16.0255013809331	-16.0255013809331	-12.4386974281509	-15.1583261746013	-10.33538421731	-10.33538421731	-10.0845192994441	-15.6010887569078	-12.0392488723046	-15.2928655773078	-16.0390406481347	-15.0255013809331	-16.6010887569078	-16.6010887569078	-13.0275035333095	-14.7977442878468	-16.0255013809331	-16.0255013809331	-15.0322551318388	-11.2656171945338	-11.2651198972108	-11.4138064242769	-19.5527257353464	-15.9054997971865	-16.0390406481347	-10.346521768783	-13.9133154506029	-13.8831382135592	-13.5089274572459	-16.0390406481347	-13.266307605562	-16.6010887569078	-11.2085351980169	-15.5110437207373	-16.6010887569078	-15.2847784229813	-16.6010887569078	-10.7564143728272	-11.1915994585524	-11.4740558496587	-15.1297534748622	-15.21202262016	-14.9558430031398	-16.0390406481347	-15.2117722609332	-11.468156780101	-14.440538880212	-14.440538880212	-16.6010887569078	-16.0255013809331	-16.0255013809331	-14.4924882707738	-13.2054650460771	-13.2054650460771	-15.5110437207373	-16.0390406481347	-10.6373598087408	-16.6010887569078	-12.4386974281509	-15.756739627368	-16.0279786782751	-15.0322551318388	-16.0255013809331	-16.0390406481347	-11.1606989946969	-14.1192232911253	-14.445037866032	-16.0255013809331	-14.440538880212	-15.0322551318388	-9.85815316338414	-16.0390406481347	-9.79648909000204	-16.6010887569078	-14.9707256484811	-13.8657512114907	-14.7295810955075	-13.0460813890427	-19.5527257353464	-12.1833359532588	-10.431696667388	-15.0200114582504	-11.452598308284	-10.9414447051342	-13.1978520259445	-12.3066768672335	-12.232895829421	-16.0255013809331	-11.469687751559	-15.0255013809331	-12.4246798444234	-16.6010887569078	-12.3132546714923	-13.4239410664869	-13.2673885591469	-13.4386974281509	-11.8537349274298	-13.3076798125851	-13.0414231388436	-13.0414231388436	-13.0414231388436	-12.1323721593761	-18.4876307071245	-18.4876307071245	-13.732810559243	-10.7315159433384	-16.0390406481347	-16.2612387540232	-17.1086528712182	-14.9273010844356	-14.2330823946526	-13.2109823494708	-12.4203929568629	-16.0255013809331	-16.6010887569078	-14.9633046466165	-15.3261833303122	-14.1763040573211	-14.5167925164992	-14.3952199931582	-14.5621697676155	-9.92487040145603	-14.1157497588136	-13.2181464588755	-9.80323346020857	-14.0255013809331	-10.2619351722157	-11.2651198972108	-10.8306651204594	-13.2165757766511	-16.0255013809331	-15.4677269978134	-9.29857548899173	-17.8667486321484	-9.74845994549533	-10.6903983348284	-12.2972499036564	-15.9494368832898	-15.0255013809331	-13.4386974281509	-15.9494368832898	-11.4734812693004	-11.4734812693004	-16.0255013809331	-11.4734812693004	-11.4734812693004	-14.0295084681074	-16.0255013809331	-16.0255013809331	-14.0295084681074	-15.0395404366409	-16.4257093253734	-13.9984742378246	-11.4734812693004	-16.6010887569078	-12.6300678238796	-12.2264286161706	-11.5771252777506	-13.0414231388436	-11.9530188437091	-16.0255013809331	-16.0255013809331	-16.0255013809331	-16.0255013809331	-11.7764105717092	-13.2181464588755	-13.440538880212	-13.2211590965861	-14.0255013809331	-14.0255013809331	-12.8597872547895	-14.0255013809331	-13.4011130943524	-14.4147358704268	-11.1738559218465	-14.440538880212	-11.3554431438238	-13.2932711274721	-10.3203612134528	-15.0255013809331	-15.0255013809331	-12.7718445974476	-12.7718445974476	-14.030777632589	-15.0255013809331	-11.7083969248915	-14.3733546811975	-13.2165679275348	-13.2165679275348	-16.0255013809331	-15.0255013809331	-14.2833472675409	-12.4640417365278	-15.0255013809331	-15.0255013809331	-13.281966808103	-15.0255013809331	-10.8546614673047	-11.2128483311068	-15.0255013809331	-13.4468598110909	-15.0255013809331	-15.0255013809331	-15.0255013809331	-13.010243164371	-15.0255013809331	-15.0255013809331	-11.128167193514	-15.0255013809331	-15.1561567079656	-15.1561567079656	-14.8490457290914	-15.0255013809331	-15.0255013809331	-13.5285736452949	-15.0255013809331	-15.0255013809331	-16.0255013809331	-11.2651198972108	-16.0255013809331	-15.2847784229813	-16.0255013809331	-16.0255013809331	-16.0255013809331	-15.8672907300711	-15.9494368832898	-15.4156186108409	-15.0200114582504	-16.0255013809331	-16.0255013809331	-16.0255013809331	-12.8697203510685	-16.0255013809331	-11.4421578170924	-16.0255013809331	-15.0322551318388	-19.3824484704325	-19.3824484704325	-16.0255013809331	-16.0255013809331	-18.5527257353464	-16.0255013809331	-15.9054997971865	-16.0255013809331	-16.0255013809331	-16.0255013809331	-10.8037868443989	-16.0255013809331	-11.6656397243461	-16.0255013809331	-16.0255013809331	-14.427924972972	-16.0255013809331	-16.0255013809331	-12.9095799703261	-16.0255013809331	-16.0255013809331	-16.0255013809331	-16.0255013809331	-16.0255013809331	-14.0642870028837	-16.0255013809331	-16.0255013809331	-16.0255013809331	-16.0255013809331	-16.0255013809331	-16.0255013809331	-16.0255013809331	-11.2605103041007	-13.7831864751153	-16.0255013809331	-16.0255013809331	-15.0255013809331	-16.0255013809331	-16.0255013809331	-16.0255013809331	-16.0255013809331	-15.21202262016	-16.0255013809331	-16.0255013809331	-16.0255013809331	-13.2165679275348	-16.0255013809331	-16.0255013809331	-16.0255013809331	-16.9519959187669	-12.8697203510685	-12.8531277331804	-15.0255013809331	-16.0255013809331	-11.9773602049967	-15.9054997971865	-15.0322551318388	-14.440538880212	-16.0255013809331	-16.0255013809331	-16.0255013809331	-16.0255013809331	-16.0255013809331	-16.0255013809331	-16.0255013809331	-16.0255013809331	-9.58918174459046	-16.0255013809331	-16.0255013809331	-16.0255013809331	-16.0255013809331	-15.9054997971865	-16.0255013809331	-13.8098784997057	-12.8697203510685	-12.8697203510685	-16.0255013809331	-16.0255013809331	-16.0255013809331	-13.2165679275348	-19.3824484704325	-16.0255013809331	-11.4327927160356	-16.0255013809331	-16.0255013809331	-16.0255013809331	-16.0255013809331	-16.0255013809331	-16.0255013809331	-16.0255013809331	-15.21202262016	-11.1379508383902	-14.5389199358214	-16.0255013809331	-16.0255013809331	-14.6131684775701	-13.3175794248785	-16.0255013809331	-18.8986326931682	-13.0167480059043	-16.0255013809331	-9.78396191816334	-15.3807236216378	-11.2084981223034	-16.0255013809331	-16.0255013809331	-16.0255013809331	-15.2847784229813	-16.0255013809331	-16.0255013809331	-16.0255013809331	-16.0255013809331	-11.4734812693004	-16.0255013809331	-16.0255013809331	-16.0255013809331	-15.9054997971865	-16.0255013809331	-12.1323721593761	-12.5801037687691	-16.0255013809331	-16.0255013809331	-16.0255013809331	-11.2651198972108	-16.0255013809331	-15.0255013809331	-10.9713844216653	-16.0255013809331	-16.0255013809331	-16.0255013809331	-16.0255013809331	-11.4313459254311	-15.0322551318388	-16.0255013809331	-16.0255013809331	-16.0255013809331	-16.0255013809331	-13.1225287050951	-12.4770238565448	-13.2165679275348	-12.4694468956971	-12.8697203510685	-16.0255013809331	-11.7860490354793	-13.3175794248785	-20.2327013509278	-15.9054997971865	-16.0255013809331	-16.4262901497145	-11.4138064242769	-16.0255013809331	-16.0255013809331	-12.9424293420905	-16.0255013809331	-16.0255013809331	-16.0255013809331	-14.9633046466165	-16.0255013809331	-16.0255013809331	-16.0255013809331	-16.0255013809331	-16.0255013809331	-16.0255013809331	-16.0255013809331	-16.0255013809331	-16.0255013809331	-16.0255013809331	-16.0255013809331	-16.0255013809331	-15.21202262016	-16.0255013809331	-16.0255013809331	-13.0532758094373	-14.6081143827755	-16.0255013809331	-16.0255013809331	-16.0255013809331	-15.9054997971865	-15.8771827434622	-12.8697203510685	-13.2165679275348	-16.0255013809331	-16.0255013809331	-16.0255013809331	-16.0255013809331	-15.9054997971865	-11.1983634797891	-11.004472050614	-11.9099606989697	-16.0255013809331	-16.0255013809331	-16.0255013809331	-16.0255013809331	-16.0255013809331	-16.0255013809331	-16.0255013809331	-16.0255013809331	-13.9921585780255	-13.6152054306458	-16.0255013809331	-16.0255013809331	-16.0255013809331	-16.0255013809331	-16.0255013809331	-13.2054650460771	-15.21202262016	-16.0255013809331	-14.1106353163182	-11.2651198972108	-10.2292032340339	-16.0255013809331	-16.0255013809331	-16.0255013809331	-10.3946704121705	-19.5527257353464	-19.5527257353464	-19.5527257353464	-19.5527257353464	-19.5527257353464	-15.9054997971865	-16.2698786447817	-19.5527257353464	-19.5527257353464	-9.87174378771867	-10.5536450526741	-19.5527257353464	-19.5527257353464	-19.5527257353464	-14.0977255647917	-16.4257093253734	-13.2490092064889	-19.5527257353464	-19.5527257353464	-19.5527257353464	-19.5527257353464	-19.5527257353464	-19.5527257353464	-10.3861393951003	-12.4011487754802	-19.5527257353464	-14.2097084533831	-13.8845966334814	-18.6477388502066	-18.4576359668267	-12.4445275819035	-14.2547765033935	-20.0425984675478	-15.0239346232828	-16.7422035342101	-15.3756315242679	-16.6010887569078	-13.3175794248785	-13.3175794248785	-16.9519959187669	-20.2327013509278	-12.0354327346078	-20.2327013509278	-12.1646762695294	-13.030943258126	-20.2327013509278	-13.112452519639	-20.2327013509278	-20.2327013509278	-16.4891469395719	-16.9519959187669	-20.2327013509278	-13.8507624189637	-15.6653290145885	-16.7206703726605	-8.72521202621359	-10.7049944593022	-11.0025540287427	-9.87535999218938	-10.4039703768607	-9.97818751541097	-12.2264286161706	-11.3193567914974	-11.5363312970957	-11.3193567914974	-11.2121791167422	-11.3193567914974	-11.3193567914974	-11.3193567914974	-11.8403627620038	-13.0414231388436	-11.2954808947244	-11.5363312970957	-23.0605203755451	-23.0605203755451	-12.2264286161706	-11.7133253459371	-11.5363312970957	-11.9803257524114	-12.232895829421	-11.3193567914974	-11.3193567914974	-11.3193567914974	-11.3193567914974	-11.3193567914974	-11.1307885446828	-11.2262429093504	-10.4237688904127	-13.2351083786759	-14.8413276489934	-15.4262901497145	-13.1142793266146	-15.4262901497145	-15.4262901497145	-14.5110437207373	-14.5110437207373	-15.4262901497145	-15.4262901497145	-11.7943428931193	-11.7943428931193	-12.7987662720083	-16.4262901497145	-16.4262901497145	-16.4262901497145	-15.1041442182954	-16.4262901497145	-11.9739694518916	-13.4379651653222	-11.0973533482513	-13.0414231388436	-13.0414231388436	-13.0414231388436	-12.232895829421	-16.63929707632	-17.1086528712182	-17.1086528712182	-12.0814060469589	-12.5746910668432	-12.5746910668432	-12.5746910668432	-12.5746910668432	-14.1596535675644	-14.1596535675644	-14.1596535675644	-14.1596535675644	-14.1596535675644	-14.1158083145016	-14.1596535675644	-14.1596535675644	-14.1596535675644	-11.8403627620038	-11.8403627620038	-12.7040684053234	-14.1596535675644	-11.0994596245359	-15.2928655773078	-16.0390406481347	-11.2749432606503	-14.0295084681074	-16.0390406481347	-16.0390406481347	-16.0390406481347	-16.0390406481347	-16.0390406481347	-16.0255013809331	-16.0255013809331	-16.6010887569078	-21.0605203755451	-12.0414231388436	-12.8712332218326	-11.5363312970957	-13.0414231388436	-23.0605203755451	-13.0414231388436	-16.0390406481347	-13.0414231388436	-13.0414231388436	-13.0414231388436	-13.0414231388436	-12.8626955192873	-13.4386974281509	-13.4386974281509	-11.7127716834093	-13.4168896244834	-13.4368674674922	-19.475557874824	-12.7040684053234	-12.4386974281509	-13.4386974281509	-13.4386974281509	-13.0414231388436	-12.232895829421	-12.232895829421	-12.232895829421	-19.4998054210706	-14.0295084681074	-15.1041442182954	-23.2161328293032	-19.627560968269	-14.0295084681074	-16.0255013809331	-16.6010887569078	-16.6010887569078	-20.7385922806577	-21.0605203755451	-16.6010887569078	-23.0605203755451	-16.0390406481347	-15.1041442182954	-16.6010887569078	-16.6010887569078	-16.6010887569078	-17.1086528712182	-15.0255013809331	-16.0255013809331	-16.0255013809331	-23.2161328293032	-19.1778773261833	-15.042737623086	-19.5527257353464	-14.1596535675644	-14.1596535675644	-16.6010887569078	-14.0295084681074	-13.4386974281509	-14.0295084681074	-14.0295084681074	-19.4998054210706	-19.627560968269	-15.1041442182954	-15.1041442182954	-17.1086528712182	-13.4386974281509	-13.4386974281509	-23.0605203755451	-19.475557874824	-16.0255013809331
Plate4_2475R_RL_M_S5_week5_S19_L001	-6.65016138456703	-6.28978996841157	-6.51668125464577	-6.97516170038451	-6.64722728491799	-7.2580842856649	-7.92250958904122	-7.08394192289471	-6.44234759436461	-7.54269746562214	-7.42729855481935	-8.38988779841659	-8.73573623043118	-8.20833804199578	-8.89785495777736	-7.82222185859807	-7.43933714028933	-7.51262462103389	-8.22199743043692	-8.20598928572579	-9.62972148447887	-9.53112704428403	-8.60439374186042	-8.02389076461354	-8.95676160500473	-8.68303862291242	-8.43338459730875	-9.05150661717066	-9.05150661717066	-8.09169858527662	-10.0137626432219	-9.31216659646971	-9.83879606220923	-10.0137626432219	-8.35879196884633	-9.04103834375108	-9.37735699942411	-9.1455756745177	-9.38254957809222	-8.90649220667334	-9.36635666671828	-9.72709185293528	-9.04204197774933	-9.04988720727714	-8.8684013042639	-9.72776958697115	-10.2020146105135	-10.2020146105135	-8.90424721228431	-9.23685769407435	-9.92704553360132	-9.4720853935394	-9.20397714819505	-8.69535842858771	-8.73408308964667	-9.06113605678324	-8.66728488040461	-8.90608358823299	-8.80074825329818	-9.01927149085448	-8.98200225278503	-9.28209362851101	-8.708010285557	-8.708010285557	-9.50924140168652	-8.63332822517165	-8.61977777665429	-10.8271878901583	-9.49551197326451	-8.73353870751281	-8.96067909018064	-9.44075984672597	-8.98068786680132	-9.45252114718158	-8.64703917041044	-8.84544448992544	-9.15082769733303	-11.0749728988067	-8.24227696607019	-9.1396870399509	-9.4095573415123	-10.0613846499222	-9.45342989047252	-9.45342989047252	-9.38553031802866	-9.03893628306905	-8.23538109348944	-9.81965704380608	-9.41359788952587	-8.90608358823299	-8.87511212781558	-9.1247803741092	-9.22386772046318	-8.15279414366385	-8.33827324014278	-9.95273236729572	-9.41187594289593	-8.96299785008517	-8.43241180640767	-9.47192160425965	-8.86534031424203	-8.9054581765137	-9.10614277047321	-8.47601263915213	-9.36849637872843	-9.03912705810362	-9.74577971534871	-9.82025665238076	-9.79198407456148	-10.155298495121	-11.2020146105135	-10.7608733281689	-13.0187751197327	-11.1951576000806	-11.0740941218954	-8.52561466862834	-9.73195772944596	-9.06844539851517	-9.28744469392454	-10.635846551537	-10.635846551537	-10.1070624155284	-10.2276639598277	-10.2276639598277	-9.78868901972337	-9.58208298063411	-9.72608378592652	-8.93984138805196	-9.46027668891716	-11.0694630335779	-9.57758938777985	-9.50671896572842	-11.1488010127548	-9.40576244125486	-9.70037250583329	-9.85355101794184	-9.90424721228431	-9.90424721228431	-9.90424721228431	-10.090454775583	-11.0749728988067	-9.90466898123177	-9.96872780806365	-8.78124051598007	-8.78124051598007	-9.98109881841437	-9.34433004254225	-9.34523088739795	-9.92027646699663	-10.0501636791528	-9.66751815227158	-9.91871535542514	-10.6852883132945	-9.96872780806365	-9.90912852300952	-8.94014719099845	-10.6852883132945	-10.1319254621319	-9.75468145811737	-9.87126155542924	-9.46421159613713	-11.0601425473881	-9.45739598625899	-9.41187594289593	-9.80727581830392	-9.88992272421789	-9.35803369181357	-9.27709651489421	-9.64971674030108	-10.1319254621319	-10.3931626496246	-9.52246547964719	-10.155298495121	-9.90424721228431	-8.94659492862449	-9.8076409512522	-9.8076409512522	-10.2210606404791	-9.43948213467352	-9.85651113810722	-8.87658881570986	-9.59603430075577	-9.48734993353823	-9.87484428835815	-9.92310861318247	-9.47783906243247	-8.97607866017053	-9.90424721228431	-9.77969596079115	-9.90912852300952	-11.1057597205677	-10.2055333208724	-10.4364065700501	-9.45075955358948	-9.87126155542924	-9.03546815022791	-9.30349596530104	-9.90424721228431	-9.55532102923374	-9.30118667551389	-10.2366035000249	-9.40983060960207	-10.7469788051871	-10.995174552738	-9.98685123480463	-9.16898225668889	-9.32585276306241	-9.9066701580519	-9.463117713064	-9.90424721228431	-9.89154740884679	-9.90424721228431	-10.0123815571419	-9.87126155542924	-9.42459447670961	-10.2954628574675	-10.2954628574675	-10.5038233990324	-9.84717219629951	-9.8512155903041	-10.0123243211333	-9.83671090941626	-9.92892706666201	-9.92892706666201	-10.2108830674562	-9.90424721228431	-9.75468145811737	-9.90424721228431	-9.99837448770078	-9.79421101525087	-9.08235330370924	-10.0255470691955	-10.0119212082761	-9.75230589247208	-10.2210606404791	-10.2210606404791	-10.2210606404791	-11.2020146105135	-10.2578280705059	-9.64411743916783	-10.2210606404791	-9.6349255164983	-9.56985868403273	-9.92892706666201	-9.9066701580519	-10.8748557661722	-9.84429782954339	-11.0749728988067	-10.4647245854952	-10.1341034732017	-10.1092661971915	-9.90424721228431	-10.2210606404791	-10.0233402162356	-9.44464862425658	-10.2976152834796	-8.76438958689947	-9.9066701580519	-9.64074939332347	-10.0925176360942	-10.2128364362387	-10.6623446737859	-9.74974969120139	-9.13768282024168	-9.74145434300488	-10.2210606404791	-9.84252567214175	-9.84315357692662	-9.03147941529015	-9.9066701580519	-8.79648850570984	-9.54364826845561	-10.4067539304997	-9.46388639433728	-10.2210606404791	-9.5690574303219	-9.5690574303219	-11.2020146105135	-9.90670144847541	-9.5720734238262	-9.87561197268639	-9.67519871481915	-10.1606607228218	-10.1178615609797	-9.83109763721835	-9.83109763721835	-9.88992272421789	-9.46388639433728	-9.961852633753	-10.8381745265517	-10.0705983793731	-9.88236496097699	-9.77975541885184	-9.92973600658135	-9.9066701580519	-9.73867844024474	-11.0740941218954	-10.087117770242	-10.087117770242	-10.742643558056	-14.0291744834709	-9.38534227431997	-10.2020146105135	-8.98263371558551	-9.75939208680422	-10.372862070804	-10.050913875993	-10.2299964236159	-9.82780470956927	-9.18557234848178	-9.67804193244052	-10.1370958167642	-10.424000385042	-9.49528550756329	-9.9066701580519	-10.4575260472838	-9.90947334214438	-9.91871535542514	-11.2020146105135	-11.2020146105135	-9.76203125328504	-11.0749728988067	-10.5715102737202	-9.46765055508353	-9.68276364442877	-11.2020146105135	-9.90424721228431	-9.46208041266636	-9.9066701580519	-10.6306133611308	-11.2020146105135	-9.16679736075496	-9.91975775064314	-9.9066701580519	-9.90424721228431	-9.90424721228431	-10.9395012384187	-9.90424721228431	-10.944535630728	-10.0938502820141	-9.06771052158871	-9.57950860049526	-9.42885490791667	-9.9066701580519	-9.961852633753	-11.0749728988067	-10.2986413780351	-11.2020146105135	-9.68375528691942	-10.1474397614919	-9.86481779862965	-10.3203805253583	-9.65380086202468	-10.0302316784999	-9.85861604739135	-9.89492408990174	-10.1245520016096	-10.0160409542391	-9.59165430447209	-9.9066701580519	-9.88475140354286	-8.60990563894911	-9.73380861765675	-10.6171001087171	-9.19225988515029	-10.6171001087171	-9.9066701580519	-9.69543072724488	-9.58076120372897	-9.35865526230388	-10.6532140828472	-11.0640090264625	-10.2210606404791	-10.9582185217173	-10.7064849385804	-10.1626966750801	-11.0749728988067	-10.3187121362713	-9.74294799834457	-9.80111755419838	-9.23452197468238	-10.155298495121	-9.08226053362037	-9.85085431347312	-9.73327786548711	-9.74518369131511	-10.1632002718821	-10.2707739312385	-9.78390993382638	-9.88879194094487	-9.91504810727107	-9.74928949445491	-9.88125776122894	-9.95672597030683	-10.8572434251731	-10.2986413780351	-9.52606854794317	-10.2210606404791	-9.59435567256314	-10.2986413780351	-9.90944199154449	-9.9066701580519	-9.72466057319191	-10.5333362145954	-9.961852633753	-9.53293286857493	-9.74503612245799	-9.90324795592932	-9.66647468626727	-9.68629109334817	-10.9847985312151	-10.0903552638093	-10.0925176360942	-10.1402479665975	-9.90000514444542	-10.0237185366074	-9.9066701580519	-10.4396615235023	-10.4396615235023	-10.4058050065476	-11.0749728988067	-11.0749728988067	-10.5282447054496	-9.9339086874337	-9.78915691213152	-9.74012322246866	-10.0875965466092	-9.84701531949198	-10.944535630728	-10.0089539286658	-9.81059169293347	-10.2554392527611	-9.49407084652698	-9.40096173597625	-11.1670498539071	-10.0875965466092	-9.76365051092899	-9.90424721228431	-9.60705458180698	-10.0796808236195	-10.0796808236195	-9.89232171173326	-9.76398350884438	-9.86601967745254	-9.92178156280867	-9.9314236847338	-9.90424721228431	-10.4987333973583	-9.11717801811905	-9.62955040535948	-9.7468933729409	-9.7468933729409	-9.90424721228431	-9.92954604771826	-10.9195596296943	-9.9314077690283	-10.1407989904822	-10.3160022553639	-11.1670498539071	-10.4461662570228	-9.74368422727464	-9.9066701580519	-9.94595773905985	-10.5450484798807	-9.9066701580519	-10.2699475667069	-9.96095807063705	-9.90421597504457	-9.46612745724019	-9.81674137406745	-9.90424721228431	-9.9066701580519	-9.64036105299599	-9.64036105299599	-10.2210606404791	-10.626112468001	-11.1329124807411	-9.87256660246923	-9.79387820177536	-9.95091150188557	-9.95091150188557	-10.834407770546	-9.79423706476256	-10.2210606404791	-9.63103915054963	-8.16428654646503	-9.96041640244619	-9.90424721228431	-9.90424721228431	-9.87126155542924	-9.86117343726366	-11.2020146105135	-9.52741089554174	-9.86825505089366	-9.50741811267881	-10.7469788051871	-10.2180483563962	-9.63511602723522	-10.1802927753341	-9.69956656065541	-10.0479352689068	-9.99576021875575	-9.99576021875575	-9.90179714402022	-9.89753117080508	-9.79423995918178	-9.69688084369082	-9.87240235666447	-9.68405023104243	-9.40543246464501	-8.64813307735897	-11.0749728988067	-10.1036419842554	-9.7255282692644	-9.90424721228431	-10.7469788051871	-9.90424721228431	-9.8439637457781	-9.76851708461846	-9.86407254387522	-10.0233402162356	-10.6812841486448	-10.2350223080476	-9.9066701580519	-9.87758855302916	-9.9066701580519	-10.1938550080711	-9.33481656335805	-11.0749728988067	-10.0718118038972	-10.6623446737859	-10.6683322484346	-9.70620443398542	-9.42562870128618	-9.9066701580519	-8.66065705585003	-10.2108830674562	-9.8142519411592	-10.2210606404791	-9.76625419354535	-9.42778356839717	-9.88398577224557	-8.33658167148025	-10.767884595111	-11.1362068168117	-9.4412821266004	-10.28923280206	-10.4461503394484	-9.97353189482144	-10.9056113773118	-11.1043613070138	-9.59601601001585	-11.4769775388103	-10.336368290399	-10.4955578589583	-11.5309105936474	-10.6276228102699	-10.6370698896811	-10.1516330506875	-12.665757616816	-12.1184919749233	-9.18816282494518	-11.0979109948419	-10.2460440801963	-12.9894104586845	-10.3970530764267	-10.8993714653292	-9.68007222695222	-9.95788616980965	-12.2738570933057	-11.1118448443561	-10.6873953602184	-10.7134551264864	-11.8083225365395	-10.2395188477132	-10.9347315928215	-10.0375304704639	-9.17501973315697	-10.1916974335378	-12.2791011824336	-10.2001237640219	-11.8083225365395	-10.7462464929202	-9.08335736930556	-9.40487548944771	-11.7251543648389	-10.4310444182147	-12.2020626094383	-10.1501505846624	-10.7027380351829	-13.7479273028667	-10.7922116721202	-10.609301748507	-12.2371335723366	-12.8742177382747	-10.3771022770345	-10.3529273853132	-9.00241304342588	-10.609301748507	-9.60988940031655	-10.359162024338	-13.0825172121132	-10.4208486828024	-11.2313281560694	-10.0811278944058	-11.0060279360925	-11.9762785403965	-9.90694318987065	-12.1532135538786	-11.2478553985103	-11.1733789400941	-10.5161685533975	-12.6920285115183	-11.3335199114642	-11.3236186605743	-14.9713254110021	-10.1995850722899	-10.7111266205917	-12.3995784093277	-11.6185600387392	-11.2237907279982	-10.4177250314301	-11.2284116978745	-11.7117224040299	-13.7135823933437	-10.3351770975776	-11.3791879878649	-11.845895159543	-9.8164084665728	-11.3029919078521	-10.4172123232509	-12.5485253662985	-11.2444762402247	-10.5508426568034	-11.4699974603906	-10.1851491190899	-11.8556297127255	-12.3521964185316	-10.5745295405362	-11.67869433483	-12.2998058529804	-13.1109739679692	-10.9058146279676	-10.4187978496089	-9.94195852065404	-12.2998058529804	-10.808756639691	-14.012565906192	-11.67869433483	-11.6377682931054	-10.7997302575303	-12.8135580157806	-12.2453682657825	-10.1027428868038	-11.3222720322249	-11.4061942331796	-10.5893672599296	-10.5593410415739	-10.3982744952145	-10.2326101300838	-10.5149743498438	-12.5114083649438	-10.0533122814193	-9.29572302786505	-12.7457314366323	-10.0533122814193	-11.5267783397254	-11.6250245068195	-11.7484347319077	-15.107481324622	-11.9885524638748	-13.8475070239563	-11.3009322006174	-13.387786026675	-12.7157188675658	-11.0394983915145	-12.1250515565331	-10.4017465042543	-11.9959632607675	-10.8369113886358	-12.4659159309274	-13.0929608245644	-12.725560007312	-12.999152436878	-12.2843765992702	-15.2822154040445	-12.5987141911093	-11.6946680575688	-13.0987329109669	-10.9623021559174	-13.0041252010471	-10.9049189765825	-12.6221983569564	-13.465800670787	-11.4600654446464	-10.7095140474416	-12.8999117098834	-11.6946680575688	-10.4268627849693	-12.6392337021099	-13.9495006208869	-11.1444277533707	-11.1444277533707	-11.213648137278	-13.3293847309161	-13.6060120120709	-11.7381834788876	-11.857539770772	-12.8299133643799	-12.8299133643799	-10.8132837652255	-11.4555128482875	-11.6990428360135	-12.0134652611829	-15.0482942066527	-11.1381433192811	-11.0067370785811	-10.2741961492254	-15.2374522995333	-14.1602204911799	-12.5127222515886	-11.2101665611666	-11.2101665611666	-11.8034059823807	-9.19105088515015	-10.6714417064905	-11.0844041620447	-10.6394429821049	-10.653446403109	-11.2059154072307	-11.702371348092	-11.4349944941404	-11.0051281790404	-12.0805991923558	-15.3385066883971	-11.8400840078744	-11.8400840078744	-11.2337342645265	-11.2337342645265	-11.1793597529416	-12.2082929673157	-11.2521884064283	-11.5352095073224	-10.8042757362255	-12.6461338194231	-11.2523931716225	-10.5218237051158	-11.1194199815749	-13.2551354506334	-11.6492638072909	-13.0837902345711	-9.81671197516987	-10.6699219878857	-11.1793597529416	-11.0844041620447	-10.6926636664376	-15.3385066883971	-11.8444109561534	-11.0971823826136	-12.9818024021086	-13.1369829412096	-15.3385066883971	-10.0514984010042	-11.4275607533678	-12.8533331359516	-12.3861709406983	-10.7663421995398	-10.8166855166743	-10.0884374496251	-14.0153972323527	-14.2012948182093	-14.2012948182093	-11.7247295283526	-10.1901313512676	-13.6978917167077	-11.9049658555339	-12.0821355243172	-9.55100770872916	-13.7987151571343	-12.0064537150642	-10.7878235664677	-10.6903994246689	-10.7748315756043	-12.8348765890081	-11.0826939536292	-10.4695051254607	-10.8309551168547	-11.8322739677394	-11.2532443520162	-15.2063081858302	-12.2331456032174	-13.4659574268323	-10.6293980651825	-10.8867127794118	-12.3003730276415	-12.1268692480898	-12.4274956552204	-12.7553743938771	-15.0593823199588	-14.5964714553641	-10.6649370328849	-10.6375021329704	-12.1147280743298	-11.322994253314	-10.6682765464354	-12.926325325866	-11.0249653207077	-11.218011470617	-12.0806415519908	-10.6528899470327	-10.6616342740651	-12.8500139422442	-13.022160934572	-17.9647432373239	-10.8650533822421	-13.1925097221235	-15.3385066883971	-13.3273310005531	-13.8201026750477	-13.3474233492273	-12.2718284596667	-12.2304800136911	-12.0810122518606	-13.1925097221235	-11.0881695138152	-11.0335941212526	-12.1739794845339	-12.1739794845339	-15.2501006658391	-12.0112498840704	-10.5230571718086	-12.4039841136225	-11.1230307443645	-11.2946109741691	-12.3529849406997	-10.8958981845447	-10.8958981845447	-10.3057816210483	-13.5154395064217	-10.6575476937192	-12.2988528441975	-10.777622908805	-14.6066015019054	-10.1030726999577	-10.7679655951384	-11.3760567606164	-12.2515742851652	-10.6195174789233	-11.3504206259225	-10.8745390120189	-12.588056985355	-11.9902391232592	-16.4912040482939	-10.893260724237	-11.3504206259225	-10.893260724237	-10.893260724237	-12.3215084575476	-12.4425688064236	-12.3579219231211	-12.8767225081678	-12.8767225081678	-12.3805714472803	-12.7738053005335	-12.3708523841896	-10.9677677648825	-13.1406582248014	-13.1060147764828	-11.4663401675572	-13.1060147764828	-13.1060147764828	-12.2081734177661	-10.8881793848774	-15.2532801603291	-10.171695360372	-13.0548397511659	-12.2266353538485	-10.8405128315422	-10.6575476937192	-15.3385066883971	-14.2897366649311	-15.9361536458658	-15.0931673363713	-15.3385066883971	-12.1399003502881	-12.4039841136225	-11.0116906682563	-12.1145907329742	-10.1853616672112	-12.5600347928155	-14.7814678592677	-14.9062415475727	-11.1903655839135	-11.4140409287739	-11.7187097632109	-14.9062415475727	-14.8075920180749	-16.274151744511	-14.2096549887387	-13.8517298131312	-13.8517298131312	-14.579771132895	-12.3525075136409	-12.896918778576	-15.0306467604995	-19.1139692460983	-14.6434198667906	-13.6112445219242	-11.4617700575301	-11.2301217107491	-13.3769342932609	-13.3769342932609	-10.0849555039923	-14.4695397914358	-13.2568575101376	-13.5315618524649	-13.5315618524649	-11.209772730849	-12.807539435018	-12.807539435018	-18.8758095089036	-19.1139692460983	-23.2161328293032	-12.4974251147067	-14.4766012556859	-10.823042131177	-11.9890294327534	-11.9890294327534	-18.0955907167835	-13.278202228778	-11.240361478101	-10.9721273783552	-11.240361478101	-15.2846205463747	-12.4244550307747	-23.2161328293032	-13.8995380321356	-13.0036632954937	-16.0474936219311	-11.495284919387	-13.5619899146846	-13.4557669198559	-14.6434198667906	-14.6434198667906	-12.5619899146846	-15.1871486888405	-10.3290062476004	-10.3290062476004	-10.1417313347636	-15.4912040482939	-11.8750409541944	-15.1871486888405	-15.9361536458658	-13.6434198667906	-16.4912040482939	-16.4912040482939	-12.1739983144201	-14.0059139693418	-14.6434198667906	-14.6434198667906	-14.1495913495714	-11.3234202410145	-11.240361478101	-11.3412380679787	-19.104750716069	-14.5793720526472	-15.9361536458658	-10.2991475113596	-14.1501542889287	-13.3661807863152	-13.278202228778	-15.9361536458658	-13.3531682805699	-16.4912040482939	-11.1758806597828	-15.5208989973168	-16.4912040482939	-14.2897366649311	-16.4912040482939	-10.8035967879892	-11.2412410980712	-11.4954519710977	-15.1183687689327	-14.3025739672146	-14.1495913495714	-15.9361536458658	-14.2393740239873	-11.3952980676155	-13.0584573660694	-13.0584573660694	-16.4912040482939	-14.6434198667906	-14.6434198667906	-13.9495006208869	-13.0036632954937	-13.0036632954937	-15.5208989973168	-15.9361536458658	-10.5788459342981	-16.4912040482939	-12.5619899146846	-16.0201555726956	-15.9108283388908	-14.1495913495714	-14.6434198667906	-15.9361536458658	-11.138835951514	-13.1937843732121	-13.3754785308973	-14.6434198667906	-13.0584573660694	-14.1495913495714	-9.89570641830938	-15.9361536458658	-9.74142295095953	-16.4912040482939	-14.1038177457327	-13.8472667809908	-14.790608415873	-12.5886994234239	-19.3770036519321	-11.8302813049687	-10.4946192575262	-13.6382150331577	-11.4716490491878	-10.992616716218	-12.9798984105507	-12.4762761517753	-12.2090606342972	-14.6434198667906	-11.4011049904673	-13.6434198667906	-12.5117414838255	-16.4912040482939	-12.2417837320568	-13.5570702337335	-13.390864057084	-13.5619899146846	-11.9770274139635	-12.5772537878905	-13.0448947855266	-13.0448947855266	-13.0448947855266	-11.9641667696391	-18.2244457824599	-18.2244457824599	-13.3940890350407	-10.7477128906468	-15.9361536458658	-16.0288475147362	-17.9647432373239	-13.6110405670719	-13.7985061264357	-13.3078616977899	-12.5360417876718	-14.6434198667906	-16.4912040482939	-14.3425474984262	-14.4555563348416	-13.8238440357944	-14.0600085651934	-13.4804895979633	-13.4629543635288	-9.95561282929397	-12.9287952000107	-11.8344568777176	-9.86303241396944	-12.6434198667906	-10.3527334192531	-11.240361478101	-10.8705053365488	-11.8345759323447	-14.6434198667906	-14.5058613576239	-9.3636938640843	-18.1232470596863	-9.65321408284718	-10.7232628732256	-12.2703420690448	-14.6434198667906	-13.6434198667906	-13.5619899146846	-14.6434198667906	-11.402207423907	-11.402207423907	-14.6434198667906	-11.402207423907	-11.402207423907	-14.022160934572	-14.6434198667906	-14.6434198667906	-14.022160934572	-15.2361935405564	-16.272860568839	-13.980201299932	-11.402207423907	-16.4912040482939	-12.7348408478471	-12.280397957911	-11.6125887955766	-13.0448947855266	-11.8244320870321	-14.6434198667906	-14.6434198667906	-14.6434198667906	-14.6434198667906	-11.1538428979044	-11.836064944733	-12.0584573660694	-12.1402166960937	-12.6434198667906	-12.6434198667906	-11.995856743362	-12.6434198667906	-12.870618248199	-13.0584573660694	-10.9828889346526	-13.0584573660694	-11.1254028954654	-12.5998722816777	-10.2402224841088	-13.6434198667906	-13.6434198667906	-12.4219797297717	-12.4219797297717	-13.2268892624575	-13.6434198667906	-11.4765362290427	-13.3890269419844	-13.0036632954937	-13.0036632954937	-14.6434198667906	-13.6434198667906	-13.3962401035479	-12.1461887653505	-13.6434198667906	-13.6434198667906	-12.6634928803461	-13.6434198667906	-10.77413779651	-11.1100477738557	-13.6434198667906	-12.9358598634797	-13.6434198667906	-13.6434198667906	-13.6434198667906	-12.8076153889376	-13.6434198667906	-13.6434198667906	-10.9599398701428	-13.6434198667906	-14.2861990676167	-14.2861990676167	-13.5483837865651	-13.6434198667906	-13.6434198667906	-13.0006812071616	-13.6434198667906	-13.6434198667906	-14.6434198667906	-11.240361478101	-14.6434198667906	-14.2722154140832	-14.6434198667906	-14.6434198667906	-14.6434198667906	-14.6330289096048	-14.6434198667906	-14.5058613576239	-13.6382150331577	-14.6434198667906	-14.6434198667906	-14.6434198667906	-12.6332359969994	-14.6434198667906	-11.4752780761547	-14.6434198667906	-14.1495913495714	-19.3225558679098	-19.3225558679098	-14.6434198667906	-14.6434198667906	-18.104750716069	-14.6434198667906	-14.5793720526472	-14.6434198667906	-14.6434198667906	-14.6434198667906	-10.7499482665331	-14.6434198667906	-11.6244711845921	-14.6434198667906	-14.6434198667906	-13.4898345998755	-14.6434198667906	-14.6434198667906	-12.7166127425848	-14.6434198667906	-14.6434198667906	-14.6434198667906	-14.6434198667906	-14.6434198667906	-13.2551354506334	-14.6434198667906	-14.6434198667906	-14.6434198667906	-14.6434198667906	-14.6434198667906	-14.6434198667906	-14.6434198667906	-11.2341837710312	-13.5270717341722	-14.6434198667906	-14.6434198667906	-13.6434198667906	-14.6434198667906	-14.6434198667906	-14.6434198667906	-14.6434198667906	-14.3025739672146	-14.6434198667906	-14.6434198667906	-14.6434198667906	-13.0036632954937	-14.6434198667906	-14.6434198667906	-14.6434198667906	-17.9647432373239	-12.6332359969994	-12.2863293320645	-13.6434198667906	-14.6434198667906	-11.9649354444175	-14.5793720526472	-14.1495913495714	-13.0584573660694	-14.6434198667906	-14.6434198667906	-14.6434198667906	-14.6434198667906	-14.6434198667906	-14.6434198667906	-14.6434198667906	-14.6434198667906	-9.5482983572405	-14.6434198667906	-14.6434198667906	-14.6434198667906	-14.6434198667906	-14.590186158084	-14.6434198667906	-13.5576007519093	-12.6332359969994	-12.6332359969994	-14.6434198667906	-14.6434198667906	-14.6434198667906	-13.0036632954937	-19.3225558679098	-14.6434198667906	-11.3604310479662	-14.6434198667906	-14.6434198667906	-14.6434198667906	-14.6434198667906	-14.6434198667906	-14.6434198667906	-14.6434198667906	-14.3025739672146	-11.074863901393	-13.8995380321356	-14.6434198667906	-14.6434198667906	-13.8898191159379	-13.4953484438146	-14.6434198667906	-19.9899805288229	-13.0332336979505	-14.6434198667906	-9.8048303505469	-14.4395324971084	-11.2072655501744	-14.6434198667906	-14.6434198667906	-14.6434198667906	-14.2897366649311	-14.6434198667906	-14.6434198667906	-14.6434198667906	-14.6434198667906	-11.402207423907	-14.6434198667906	-14.6434198667906	-14.6434198667906	-14.5793720526472	-14.6434198667906	-11.9641667696391	-12.3670157365873	-14.6434198667906	-14.6434198667906	-14.6434198667906	-11.240361478101	-14.6434198667906	-13.6434198667906	-10.9721928647633	-14.6434198667906	-14.6434198667906	-14.6434198667906	-14.6434198667906	-11.3764987103422	-14.1495913495714	-14.6434198667906	-14.6434198667906	-14.6434198667906	-14.6434198667906	-12.958074222948	-12.5154395064217	-13.0036632954937	-12.3258867585877	-12.6332359969994	-14.6434198667906	-11.917701301535	-13.4953484438146	-21.2327013509278	-14.5793720526472	-14.6434198667906	-16.5512180244673	-11.3412380679787	-14.6434198667906	-14.6434198667906	-12.9834118830609	-14.6434198667906	-14.6434198667906	-14.6434198667906	-14.3425474984262	-14.6434198667906	-14.6434198667906	-14.6434198667906	-14.6434198667906	-14.6434198667906	-14.6434198667906	-14.6434198667906	-14.6434198667906	-14.6434198667906	-14.6434198667906	-14.6434198667906	-14.6434198667906	-14.3025739672146	-14.6434198667906	-14.6434198667906	-12.8748297499247	-13.4557669198559	-14.6434198667906	-14.6434198667906	-14.6434198667906	-14.5793720526472	-14.6434198667906	-12.6332359969994	-13.0036632954937	-14.6434198667906	-14.6434198667906	-14.6434198667906	-14.6434198667906	-14.5793720526472	-11.1912190456113	-10.9963311391617	-11.6798168634109	-14.6434198667906	-14.6434198667906	-14.6434198667906	-14.6434198667906	-14.6434198667906	-14.6434198667906	-14.6434198667906	-14.6322008571558	-13.5966329774456	-13.3801456261422	-14.6434198667906	-14.6434198667906	-14.6434198667906	-14.6434198667906	-14.6322008571558	-13.0036632954937	-14.3025739672146	-14.6434198667906	-13.5398463845783	-11.240361478101	-10.2753228714479	-14.6434198667906	-14.6434198667906	-14.6434198667906	-10.3723099650325	-19.104750716069	-19.104750716069	-19.104750716069	-19.104750716069	-18.8758095089036	-14.5793720526472	-16.3608639492769	-19.104750716069	-19.3770036519321	-9.91074989002485	-10.6285127449813	-19.104750716069	-19.104750716069	-19.3770036519321	-13.5980773846841	-16.272860568839	-13.3636358798913	-19.104750716069	-19.104750716069	-19.104750716069	-19.104750716069	-19.104750716069	-19.104750716069	-10.3738793196727	-12.5666495377233	-19.104750716069	-15.1573883152663	-14.7948182358815	-19.6477388502066	-20.1705527744647	-12.5300041449372	-15.1573883152663	-21.7555152751859	-15.3385066883971	-17.6478274058715	-15.5512180244673	-16.4912040482939	-13.4953484438146	-13.4953484438146	-17.9647432373239	-21.2327013509278	-12.2385703687585	-21.4436916310881	-12.1367517115535	-13.1747215680303	-21.2327013509278	-13.2474907733208	-21.2327013509278	-21.2327013509278	-16.4912040482939	-17.9647432373239	-21.2327013509278	-13.9312565785825	-16.0913738068402	-17.3631978524071	-8.77377569355604	-10.7380971739007	-11.1017816607183	-9.91603116528821	-10.4486891371615	-10.0131485703829	-12.280397957911	-11.3824500359847	-11.563464163207	-11.3836253973414	-11.2632554763354	-11.3836253973414	-11.3836253973414	-11.3836253973414	-11.9318964612514	-13.0448947855266	-11.3148910751553	-11.563464163207	-21.7555152751859	-21.7555152751859	-12.280397957911	-11.7324235218894	-11.563464163207	-11.9904944478542	-12.2069784668128	-11.3836253973414	-11.3836253973414	-11.3836253973414	-11.3836253973414	-11.3836253973414	-11.223740051656	-11.3522816433968	-10.4707443735147	-13.4268493226606	-14.9662555237462	-15.5512180244673	-13.2379009978743	-15.5512180244673	-15.5512180244673	-14.5208989973168	-14.5208989973168	-15.5512180244673	-15.5512180244673	-11.917701301535	-11.917701301535	-12.947754652197	-16.5512180244673	-16.5512180244673	-16.5512180244673	-15.3385066883971	-16.5512180244673	-11.9827718333848	-13.7634833324474	-11.275753196503	-13.0448947855266	-13.0448947855266	-13.0448947855266	-12.2090606342972	-17.0887586833011	-17.9647432373239	-17.9647432373239	-12.0008315012894	-12.8916387549648	-12.8916387549648	-12.8916387549648	-12.8916387549648	-14.4766012556859	-14.4766012556859	-14.4766012556859	-14.4766012556859	-14.4766012556859	-14.4201249204919	-14.4766012556859	-14.4766012556859	-14.4766012556859	-11.9318964612514	-11.9318964612514	-12.7676544093335	-14.4766012556859	-11.1182111530797	-15.1871486888405	-15.9361536458658	-11.3079732704986	-14.022160934572	-15.9361536458658	-15.9361536458658	-15.9361536458658	-15.9361536458658	-15.9361536458658	-14.6434198667906	-14.6434198667906	-16.4912040482939	-19.7555152751859	-12.0448947855266	-12.8624746969958	-11.563464163207	-13.0448947855266	-21.7555152751859	-13.0448947855266	-15.9361536458658	-13.0448947855266	-13.0448947855266	-13.0448947855266	-13.0448947855266	-12.7427734261016	-13.5619899146846	-13.5619899146846	-11.7310376768719	-13.5271294581365	-13.5570702337335	-18.9155556876963	-12.7738053005335	-12.5619899146846	-13.5619899146846	-13.5619899146846	-13.0448947855266	-12.2090606342972	-12.2090606342972	-12.2090606342972	-19.6180117514359	-14.022160934572	-15.3385066883971	-23.2161328293032	-19.9899805288229	-14.022160934572	-14.6434198667906	-16.4912040482939	-16.4912040482939	-19.4335871802985	-19.7555152751859	-16.4912040482939	-21.7555152751859	-15.9361536458658	-15.3385066883971	-16.4912040482939	-16.4912040482939	-16.4912040482939	-17.9647432373239	-13.6434198667906	-14.6434198667906	-14.6434198667906	-23.2161328293032	-19.1232470596863	-15.2647847115962	-19.104750716069	-14.4766012556859	-14.4766012556859	-16.4912040482939	-14.022160934572	-13.5619899146846	-14.022160934572	-14.022160934572	-19.6180117514359	-19.9899805288229	-15.3385066883971	-15.3385066883971	-17.9647432373239	-13.5619899146846	-13.5619899146846	-21.7555152751859	-18.9155556876963	-14.6434198667906
Plate4_2518R_0_M_S5_week5_S20_L001	-6.52916484867582	-6.24511823621178	-6.41176719439341	-6.83929693086026	-6.6233600945788	-7.15937593082916	-7.81403182666249	-7.10135116643103	-6.46478742942214	-7.55333691530448	-7.29149591752055	-8.274123626934	-8.61474450561906	-8.14774582472943	-8.73066251439827	-7.82232768552569	-7.42669384479137	-7.47460333931402	-8.17943076575874	-8.15329266615166	-9.51881764077524	-9.37031962052643	-8.51949131819918	-7.98502273662195	-8.84218921553292	-8.55124968757968	-8.37256108194298	-8.89445369624029	-8.89445369624029	-8.06649416047881	-9.85112551968671	-9.23627007247159	-9.69198078743783	-9.85112551968671	-8.37157093684659	-8.97602832048373	-9.30576290075816	-9.07804962469174	-9.27775319435673	-8.89533006333778	-9.31599028253702	-9.53915720960653	-8.93346998980396	-8.99422062551716	-8.85994089648382	-9.58644433661149	-9.97966495801672	-9.97966495801672	-8.86186390104819	-9.16318941581049	-9.85008366835627	-9.37947150745124	-9.14832551443312	-8.74111835381306	-8.66446397440855	-9.02317609269239	-8.63624031592603	-8.86250214478238	-8.73519807533964	-8.97809394510824	-8.90658225355611	-9.18475459897056	-8.71010570232986	-8.71010570232986	-9.41194545737496	-8.58927781895778	-8.59399841750569	-10.8394901517973	-9.41276390320014	-8.75335107846658	-8.94070477065974	-9.34059595244671	-8.98809570198739	-9.37423260465262	-8.61756724508427	-8.80574287180877	-9.09277838958128	-10.9432435160766	-8.15487781272372	-9.06213086909875	-9.31364309698787	-9.87181283250063	-9.32588685861052	-9.32588685861052	-9.27331120819414	-8.94808783222181	-8.30950971945589	-9.64660587123855	-9.31660939796826	-8.86250214478238	-8.78518915050273	-9.11442012069035	-9.12015432995334	-8.15764870117212	-8.28747009580039	-9.90436577841837	-9.31510954550859	-8.89257059982484	-8.47362134254574	-9.37635265071246	-8.74766370967738	-8.86295923646006	-9.11544947419982	-8.44609285348529	-9.29353398604396	-8.98945475256613	-9.74011577022676	-9.82497588766868	-9.72796902475391	-10.1491932871177	-10.9796649580167	-10.6130316738741	-13.6446959931858	-10.9753402357285	-10.9410561310295	-8.53311875158085	-9.66500123724187	-9.02363122697077	-9.30159636147169	-10.4797139318969	-10.4797139318969	-10.0415791669129	-10.1051474975979	-10.1051474975979	-9.7698731343102	-9.65024075817131	-9.67334452532416	-8.9456533588476	-9.4441293236186	-10.9408991794895	-9.52530867924616	-9.5241606131691	-10.9186129575072	-9.33148548537011	-9.67275600431124	-9.84713272591645	-9.86186390104819	-9.86186390104819	-9.86186390104819	-10.0735793901054	-10.9432435160766	-9.86186390104819	-9.93256200161907	-8.84247526243362	-8.84247526243362	-9.90762624451023	-9.34084241767738	-9.3413679386885	-9.87114758044912	-10.041449818051	-9.60818013241361	-9.87601457220075	-10.587632987977	-9.93256200161907	-9.86516629671349	-8.99151968929209	-10.587632987977	-10.1017954750531	-9.69478165229063	-9.83707511325094	-9.51518058739192	-10.8415199889412	-9.45177337732248	-9.31510954550859	-9.74209102091866	-9.84785067963843	-9.40781889833522	-9.32281826141748	-9.64559478124236	-10.1017954750531	-10.3142710673054	-9.50628904150564	-10.1491932871177	-9.86186390104819	-8.95822850780347	-9.74304341113535	-9.74304341113535	-10.1700859900129	-9.42797227043562	-10.0204117891252	-8.86444467461163	-9.58516238778595	-9.49985004336921	-9.87320013281803	-9.86485960488137	-9.49294587771581	-9.0038047582025	-9.86186390104819	-9.80046016864664	-9.86516629671349	-10.9010841806417	-10.0718469793489	-10.3750315096515	-9.45259971049181	-9.83707511325094	-9.09099744130178	-9.3073240252263	-9.86186390104819	-9.52863690989221	-9.31880921574206	-10.0428544389341	-9.34320722328485	-10.7023471381308	-10.855370002855	-9.95104706872629	-9.20358343410316	-9.35957515724444	-9.86405540411387	-9.46548393336829	-9.86186390104819	-9.8479703733361	-9.86186390104819	-9.97612493057813	-9.83707511325094	-9.4339113854917	-10.2523938317726	-10.2523938317726	-10.4366312476156	-9.79865491604151	-9.8449667596254	-9.93295448059045	-9.73782371123531	-9.89312626279023	-9.89312626279023	-10.1547912126421	-9.86186390104819	-9.69478165229063	-9.86186390104819	-9.95083713588547	-9.73112018913173	-9.06599017715706	-10.0080691486375	-9.98906294830496	-9.69107923571585	-10.1700859900129	-10.1700859900129	-10.1700859900129	-10.9796649580167	-10.2073618236989	-9.66565241067742	-10.1700859900129	-9.60364333721729	-9.62154443261886	-9.89312626279023	-9.86405540411387	-10.8151633490868	-9.7794138758824	-10.9432435160766	-10.4731863843754	-10.0619952063154	-10.0912788396174	-9.86186390104819	-10.1700859900129	-10.0068426340626	-9.49232781969706	-10.2525522688193	-8.78281496411915	-9.86405540411387	-9.60755159543329	-10.0712481775117	-10.109697032728	-10.5640747336956	-9.6891764963872	-9.22176381926642	-9.72910123536924	-10.1700859900129	-9.79446906008876	-9.83906117087236	-8.95845433839799	-9.86405540411387	-8.80691487153409	-9.47902328090731	-10.3535587277924	-9.44579034228138	-10.1700859900129	-9.50897358921883	-9.50897358921883	-10.9796649580167	-9.86297310679664	-9.57580031891972	-9.82482350451821	-9.5862712069957	-10.1447523865992	-10.1048614131409	-9.78316454358827	-9.78316454358827	-9.84785067963843	-9.44579034228138	-9.88008372726397	-10.6774338303751	-10.1076222637354	-9.83341011000846	-9.74035628598426	-9.88916031466116	-9.86405540411387	-9.67565228635611	-10.9410561310295	-10.0594855178983	-10.0594855178983	-10.6984312218535	-13.7783785771225	-9.25542969110754	-9.97966495801672	-8.88009158738272	-9.6985143865171	-10.24596928094	-10.1052866233855	-10.185883283015	-9.81454302110796	-9.20135593385602	-9.65831591783346	-9.96133930577474	-10.379866006859	-9.52976916745378	-9.86405540411387	-10.2822037060587	-9.86605562709301	-9.87601457220075	-10.9796649580167	-10.9796649580167	-9.79262583986499	-10.9432435160766	-10.4752475616752	-9.46881951333016	-9.65087476461214	-10.9796649580167	-9.86186390104819	-9.44495959390234	-9.86405540411387	-10.5464140700938	-10.9796649580167	-9.18145547314888	-9.84094505195626	-9.86405540411387	-9.86186390104819	-9.86186390104819	-10.8062511371094	-9.86186390104819	-10.8083864199413	-10.0239506507901	-9.067754569863	-9.56761216159865	-9.33180718295496	-9.86405540411387	-9.88008372726397	-10.9432435160766	-10.255267296837	-10.9796649580167	-9.65024746070962	-10.0896548938932	-9.85396003592237	-10.2176942711974	-9.68771055009482	-9.95342686978339	-9.79784859203058	-9.93039887876496	-10.1233326730993	-9.93929550460587	-9.65737260616375	-9.86405540411387	-9.83555878234704	-8.63882995585577	-9.69917492377234	-10.5084892207172	-9.16543124228945	-10.5084892207172	-9.86405540411387	-9.68477429235206	-9.54046456909185	-9.42460359026397	-10.6722289711057	-10.9358950617863	-10.1700859900129	-10.9077189531013	-10.6950058380395	-10.0971389213456	-10.9432435160766	-10.5196727971121	-9.68296015894054	-9.79803527960318	-9.2284049902347	-10.1491932871177	-9.13763525524218	-9.84515854944005	-9.67280463331188	-9.77421662286424	-10.2112949241095	-10.1724162576584	-9.71923142114737	-9.83550434607806	-9.9166779272915	-9.74299950365805	-9.83306227174998	-9.88574172612146	-10.7178389847175	-10.255267296837	-9.50353941921147	-10.1700859900129	-9.57046865640845	-10.255267296837	-9.8752891835338	-9.86405540411387	-9.65887449501048	-10.4300750182804	-9.88008372726397	-9.56628630331178	-9.71470264742442	-9.88527285242689	-9.63087653124185	-9.6583130292033	-10.8484547400535	-10.1369320435896	-10.0712481775117	-10.1094613824598	-9.87358125959221	-9.94819671502193	-9.86405540411387	-10.3776242730306	-10.3776242730306	-10.3773009132445	-10.9432435160766	-10.9432435160766	-10.4820264458073	-9.89668849138447	-9.75905424531023	-9.74331301191505	-10.0594855178983	-9.80914627508839	-10.8083864199413	-9.94247415376293	-9.72458073884394	-10.2227943940575	-9.5228346283675	-9.3933572010334	-10.9494250112245	-10.0594855178983	-9.70749063285947	-9.86186390104819	-9.56887679332788	-10.0755710231223	-10.0755710231223	-9.85002098324698	-9.74213388027869	-9.82585699942166	-9.88369603051823	-9.89425977624214	-9.86186390104819	-10.3363238892845	-9.1141658685413	-9.6160160887097	-9.76648058907807	-9.76648058907807	-9.86186390104819	-9.87862473288834	-10.7725428990235	-9.89555306885558	-10.1409088924038	-10.3119092559064	-10.9494250112245	-10.3635085176713	-9.75879407498451	-9.86405540411387	-9.9714506650361	-10.4505672799642	-9.86405540411387	-10.2180078886782	-9.91917470591289	-9.86294536625684	-9.46416784884261	-9.79914529649715	-9.86186390104819	-9.86405540411387	-9.59839916817453	-9.59839916817453	-10.1700859900129	-10.5137095148178	-10.9198059244906	-9.87138306245935	-9.72918922107486	-9.90948040322127	-9.90948040322127	-10.6155645273557	-9.67702603613433	-10.1700859900129	-9.63215721849483	-8.16611939321422	-10.0185875143588	-9.86186390104819	-9.86186390104819	-9.83707511325094	-9.81101287798853	-10.9796649580167	-9.47388102468418	-9.81966925993525	-9.4958861349766	-10.7023471381308	-10.1673771174491	-9.65762666208543	-10.1242128005541	-9.7923436955976	-9.98125755670624	-9.96599040702422	-9.96599040702422	-9.86075554744951	-9.85073047376541	-9.73013312940812	-9.68341568297034	-9.82673973174424	-9.65101367029726	-9.36336409966766	-8.6356861666012	-10.9432435160766	-10.0872029541675	-9.69647625370269	-9.86186390104819	-10.7023471381308	-9.86186390104819	-9.83146655203848	-9.75557885906361	-9.81138970052335	-10.0068426340626	-10.5300219776827	-10.1725757767779	-9.86405540411387	-9.82894350959915	-9.86405540411387	-10.1349370038763	-9.33722692595797	-10.9432435160766	-9.99464057763299	-10.5640747336956	-10.5106310467903	-9.68432422156235	-9.35997756364295	-9.86405540411387	-8.65737212503967	-10.1547912126421	-9.76941028083074	-10.1700859900129	-9.78145314705572	-9.67969537464644	-9.88083961746691	-8.40918784084618	-10.8753518570475	-11.3342502781929	-9.45004961802829	-10.4749253085432	-10.5956058121361	-10.1085915212496	-11.1292779741278	-11.1950522379247	-9.7022300021775	-11.8344421612675	-10.5545666881987	-10.5380556548404	-11.5516431043467	-10.6341774376551	-10.7321707573642	-9.99263369084428	-12.649848235242	-12.5606458379561	-9.25046418650187	-11.0106236439104	-10.2431705802844	-13.4922076724908	-10.6394765484267	-10.7405886867527	-9.63894633063428	-9.86015074557251	-12.6467271732563	-10.9910115146565	-10.7557447035442	-10.7923996973738	-11.9928558659162	-10.3659060838318	-10.9853596937076	-10.0646687758071	-9.16030321602985	-10.2428384505465	-12.5559670210431	-10.166038960826	-11.9928558659162	-10.769305249366	-9.05917020667779	-9.55014243777355	-12.4495454721634	-10.6742701075515	-12.4342369707452	-10.3491704464024	-10.686609366722	-14.1076630199309	-10.8435001368214	-10.8238177472251	-12.3175305863983	-13.3234181755634	-10.5129762818541	-10.3546145909689	-8.9720501275411	-10.8238177472251	-9.40776547882522	-10.5877668527925	-14.0869657652608	-10.5206772474006	-11.3318248438493	-10.0932859624034	-10.9932978896554	-12.1669770470256	-10.0294633112239	-12.4551417725274	-11.4290134046649	-11.0525253113422	-10.5417562395452	-13.5610778300066	-11.2245283881725	-11.4600043742807	-14.6398358389678	-10.3646282476404	-10.7323957614913	-12.4745692177544	-11.5292927361959	-11.0440918388536	-10.4618619138712	-11.697516726822	-11.9428634748751	-14.0667043652441	-10.4391502666204	-11.3942830324817	-12.0095521702065	-9.86774352671427	-11.7297971769884	-10.446466093443	-13.0746391105807	-11.3733440460289	-10.5449108192031	-11.5553428892172	-10.1765929420284	-12.0890616353588	-13.2186097710713	-10.5765270732255	-11.7345320073852	-12.2798122938934	-13.4839518255874	-11.0336251005089	-10.5277104582203	-9.95063902504271	-12.2798122938934	-10.775217613404	-14.1249524163341	-11.7345320073852	-11.8101012033913	-11.2183882945771	-12.6956894739634	-12.7719385415529	-10.167253796244	-11.2155093563304	-11.4370755580738	-10.6132332426674	-10.5108483600683	-10.4365651908309	-10.3267214047639	-10.6537590817071	-12.6648590438101	-9.97546259124056	-9.33291255724073	-12.6299604270237	-9.97546259124056	-11.6663416393796	-11.3844794085642	-11.8476135177911	-15.1681721070694	-12.6095608995981	-13.6566799536825	-11.5095223894423	-14.0195556387233	-12.6162713815741	-11.2712547332378	-12.3800994234967	-10.5379688423562	-12.1542004331511	-10.7141670747798	-12.7159417332987	-12.6560876148559	-12.8480263802197	-13.7394290942272	-12.2697446386893	-15.6695248786967	-13.5090291544261	-11.6740929259876	-12.8876526091471	-11.1639663792746	-12.8141203206061	-11.0813546098897	-13.096316892941	-13.930461667172	-11.4440571126923	-10.6847232968873	-13.5829463888615	-11.6740929259876	-10.5951891642138	-12.7168238654682	-14.9641157884702	-11.3056972935638	-11.3056972935638	-11.1556893892065	-13.7414676632267	-13.8691425189546	-11.600951780955	-12.2648572487401	-13.4527950947805	-13.4527950947805	-10.9493896669049	-12.7741905375068	-11.8931761186557	-11.9234416684787	-15.1652355676101	-11.2826979014319	-11.2226989922687	-10.3471295206927	-15.5912608963989	-14.5228197267343	-12.5344299262722	-11.3530131634368	-11.3530131634368	-11.6961006018098	-9.22598044754918	-10.5666422764664	-11.2212729893146	-10.714809785816	-10.7485659716305	-11.1811566181063	-11.8545291524907	-11.6029963866795	-11.3098537786558	-12.2429048703774	-15.7123865993628	-11.5722101260855	-11.5722101260855	-11.3939462977529	-11.3939462977529	-11.3131457686046	-12.1699116461181	-11.376201398296	-11.9039581669701	-10.840912267779	-13.1372782385524	-11.271599362237	-10.7474777939487	-11.2330935075964	-14.4738708568044	-11.8700209237063	-14.0961186323941	-9.84461721977596	-10.763516441226	-11.3131457686046	-11.2212729893146	-10.7893913613592	-15.7123865993628	-12.0408773060613	-11.1490092729993	-12.7412636766529	-12.9102231930835	-15.7123865993628	-10.0887346036829	-11.3244781755458	-13.468107050477	-13.2591800356481	-10.8664615662715	-10.9425914081019	-10.1098142139495	-14.6305270207963	-14.1641413733666	-14.1641413733666	-11.591996402426	-10.2964831631914	-14.2821072612402	-11.9702178237658	-11.9471670712336	-9.52232893543234	-13.9657544569884	-12.1596420255806	-10.8286747608977	-10.7855582355394	-10.8933256965901	-13.4564471336368	-11.10590760296	-10.5120502588577	-10.9850964015208	-12.1339860409811	-11.233555379778	-15.4854680149679	-12.4650720542504	-13.891260173667	-10.7247269258682	-10.7818485500777	-13.0435308533165	-12.3334321221903	-12.447334312156	-13.3360543206663	-15.1386423572419	-14.8117623377613	-10.830869561447	-10.7310725922956	-11.999939668472	-11.3308208197673	-10.7718927040747	-13.6271157146395	-11.233377498449	-11.3743053578862	-12.122251197488	-10.7704100223124	-10.7570267785872	-13.6734427976758	-13.6590055030347	-16.9747813709405	-10.9174002347356	-13.0082605789668	-15.7123865993628	-13.0035264582464	-14.5904081789066	-13.675078409377	-12.2581698451452	-12.4502988394779	-12.2731674322837	-13.0082605789668	-10.8972451747998	-10.9785392824787	-12.1735841806638	-12.1735841806638	-15.5580565985493	-11.9872573010305	-10.6474647562164	-12.4309235560408	-11.1275174023357	-11.7014837319956	-12.7646976380264	-10.9503725616966	-10.9503725616966	-10.472104428444	-13.2186097710713	-10.7529598095717	-12.3713917726727	-10.9167942554141	-14.6085112472046	-10.1751539051093	-10.8869484238715	-11.5810577502347	-12.002562915401	-10.6816061917228	-11.42167908444	-10.926914919926	-12.6286618783391	-12.118791673632	-16.0726461963443	-10.9487701038129	-11.42167908444	-10.9487701038129	-10.9487701038129	-12.319734094701	-12.4988203273476	-12.3824833872023	-12.6582581463291	-12.6582581463291	-12.2150702207206	-12.787903236217	-12.7112594344737	-11.2394896597926	-12.9188067186931	-14.0433799527378	-11.3715369965504	-14.0433799527378	-14.0433799527378	-12.436659322665	-10.8590016560999	-15.6497869730054	-10.2657503690585	-12.8802667668558	-12.2896941312045	-10.9819767884113	-10.7529598095717	-15.7123865993628	-15.167601863199	-15.5116153028774	-15.1278080153621	-15.7123865993628	-11.8725119008606	-12.4309235560408	-11.093356255794	-12.2977950129386	-10.2319265766171	-12.3652489491999	-15.0403250975034	-14.4876836956232	-10.9809095146723	-11.9559455150964	-11.7468633669548	-14.4876836956232	-14.4147429196448	-15.9068058614614	-14.1467461960432	-14.2778168033251	-14.2778168033251	-16.0807170082369	-12.9444640782727	-13.4687553434906	-14.7901971913087	-19.1098313311044	-16.2692504481819	-15.171906189892	-12.5219434307903	-11.3638413620334	-13.6279904134775	-13.6279904134775	-10.1743412906344	-15.9243352490467	-14.193778887259	-13.2239924369907	-13.2239924369907	-11.3700223360709	-13.3421913822069	-13.3421913822069	-20.2074421277308	-19.1098313311044	-23.2161328293032	-12.8486942376457	-14.2945527915008	-10.8557630091096	-12.2481820127133	-12.2481820127133	-17.7171287274287	-13.5280183296182	-11.3895183400566	-11.0357799254713	-11.3895183400566	-15.1112224494891	-13.0124686391244	-23.2161328293032	-14.453998042437	-13.0809544625613	-15.4543189979535	-11.3940360859959	-13.2485994524876	-14.6157327945691	-16.2692504481819	-16.2692504481819	-12.2485994524876	-14.765029375948	-10.4263398270799	-10.4263398270799	-10.2235364651029	-15.0726461963443	-11.9599038147849	-14.765029375948	-15.5116153028774	-15.2692504481819	-16.0726461963443	-16.0726461963443	-13.4510058958035	-14.5502880564843	-16.2692504481819	-16.2692504481819	-14.8412598179693	-11.3560616139314	-11.3895183400566	-11.5036734889093	-20.2074421277308	-16.1780775909466	-15.5116153028774	-10.4594086544197	-13.9082341093435	-13.5056574461438	-13.5280183296182	-15.5116153028774	-13.0398533776167	-16.0726461963443	-11.2381275630478	-15.287768347424	-16.0726461963443	-15.167601863199	-16.0726461963443	-10.8862829236504	-11.2413260613627	-11.5577117174669	-14.8643186083289	-15.398593759068	-14.8412598179693	-15.5116153028774	-15.124398999029	-11.5925703575454	-14.6842879474607	-14.6842879474607	-16.0726461963443	-16.2692504481819	-16.2692504481819	-14.9641157884702	-13.0809544625613	-13.0809544625613	-15.287768347424	-15.5116153028774	-10.8438417409697	-16.0726461963443	-12.2485994524876	-15.405248910789	-15.4605919446327	-14.8412598179693	-16.2692504481819	-15.5116153028774	-11.2599922043961	-13.9758945171874	-14.3853493533513	-16.2692504481819	-14.6842879474607	-14.8412598179693	-9.96916279367323	-15.5116153028774	-9.90903697494205	-16.0726461963443	-14.8066992844274	-13.6467118905508	-14.8254666491735	-13.0577762891096	-20.2074421277308	-12.2992296674303	-10.4584409244034	-15.2260004271228	-11.5249776826844	-11.0464916955331	-13.0624882391783	-12.1288483031446	-12.1703235159926	-16.2692504481819	-11.5928169340223	-15.2692504481819	-12.4640887367859	-16.0726461963443	-12.1525448238863	-13.2378196137343	-13.1083573668389	-13.2485994524876	-11.6636369517664	-13.4394431151354	-13.4034014795371	-13.4034014795371	-13.4034014795371	-12.0884958654661	-18.436401713294	-18.436401713294	-13.8710873210876	-10.7465910546858	-15.5116153028774	-15.8592805416837	-16.9747813709405	-15.2229439170153	-14.1587699903504	-13.0607461797001	-12.5014711355238	-16.2692504481819	-16.0726461963443	-15.0478936679282	-15.4379348362945	-14.2733502882258	-14.6092556027716	-14.5068914373162	-14.7692158226606	-10.0968009196357	-14.3324730714609	-13.4618955261243	-9.92812870514014	-14.2692504481819	-10.3755078991843	-11.3895183400566	-10.9441424068746	-13.4494055091867	-16.2692504481819	-15.5793101321455	-9.41851176951857	-18.2255894744411	-9.67222897110572	-10.8440563798216	-12.6409694261583	-16.2692504481819	-15.2692504481819	-13.2485994524876	-16.2692504481819	-11.5962549902434	-11.5962549902434	-16.2692504481819	-11.5962549902434	-11.5962549902434	-14.6590055030347	-16.2692504481819	-16.2692504481819	-14.6590055030347	-15.6497869730054	-15.9927733050641	-14.6285034146374	-11.5962549902434	-16.0726461963443	-12.7107880451373	-12.3239251677226	-11.7649713163049	-13.4034014795371	-12.3076924826516	-16.2692504481819	-16.2692504481819	-16.2692504481819	-16.2692504481819	-11.7312913481779	-13.4618955261243	-13.6842879474607	-13.5493020672935	-14.2692504481819	-14.2692504481819	-13.0151986370106	-14.2692504481819	-13.6947727645868	-14.6842879474607	-11.0847202363703	-14.6842879474607	-11.4873620740738	-13.4762996254868	-10.4463114656205	-15.2692504481819	-15.2692504481819	-12.6970814566559	-12.6970814566559	-14.4258725829148	-15.2692504481819	-11.7932643024769	-14.3588191873015	-13.0809544625613	-13.0809544625613	-16.2692504481819	-15.2692504481819	-14.4608337573619	-12.841548413823	-15.2692504481819	-15.2692504481819	-12.9441541454457	-15.2692504481819	-11.0292777633594	-11.3413285179718	-15.2692504481819	-13.5598685780854	-15.2692504481819	-15.2692504481819	-15.2692504481819	-12.8267992490673	-15.2692504481819	-15.2692504481819	-11.0859034301665	-15.2692504481819	-15.3056098219453	-15.3056098219453	-15.1345645803528	-15.2692504481819	-15.2692504481819	-13.7011067741504	-15.2692504481819	-15.2692504481819	-16.2692504481819	-11.3895183400566	-16.2692504481819	-15.167601863199	-16.2692504481819	-16.2692504481819	-16.2692504481819	-16.1840093330785	-16.2692504481819	-15.5793101321455	-15.2260004271228	-16.2692504481819	-16.2692504481819	-16.2692504481819	-13.2179397668684	-16.2692504481819	-11.5595700201183	-16.2692504481819	-14.8412598179693	-18.8592097084915	-18.8592097084915	-16.2692504481819	-16.2692504481819	-19.2074421277308	-16.2692504481819	-16.1780775909466	-16.2692504481819	-16.2692504481819	-16.2692504481819	-10.8549219297238	-16.2692504481819	-11.6579077154499	-16.2692504481819	-16.2692504481819	-14.5596095844903	-16.2692504481819	-16.2692504481819	-12.6900640635052	-16.2692504481819	-16.2692504481819	-16.2692504481819	-16.2692504481819	-16.2692504481819	-14.4738708568044	-16.2692504481819	-16.2692504481819	-16.2692504481819	-16.2692504481819	-16.2692504481819	-16.2692504481819	-16.2692504481819	-11.3863250802305	-13.9485652118361	-16.2692504481819	-16.2692504481819	-15.2692504481819	-16.2692504481819	-16.2692504481819	-16.2692504481819	-16.2692504481819	-15.398593759068	-16.2692504481819	-16.2692504481819	-16.2692504481819	-13.0809544625613	-16.2692504481819	-16.2692504481819	-16.2692504481819	-16.9747813709405	-13.2179397668684	-12.7868923556145	-15.2692504481819	-16.2692504481819	-12.129227260954	-16.1780775909466	-14.8412598179693	-14.6842879474607	-16.2692504481819	-16.2692504481819	-16.2692504481819	-16.2692504481819	-16.2692504481819	-16.2692504481819	-16.2692504481819	-16.2692504481819	-9.54128560024281	-16.2692504481819	-16.2692504481819	-16.2692504481819	-16.2692504481819	-16.1780775909466	-16.2692504481819	-13.9675286026894	-13.2179397668684	-13.2179397668684	-16.2692504481819	-16.2692504481819	-16.2692504481819	-13.0809544625613	-18.8592097084915	-16.2692504481819	-11.5328578953342	-16.2692504481819	-16.2692504481819	-16.2692504481819	-16.2692504481819	-16.2692504481819	-16.2692504481819	-16.2692504481819	-15.398593759068	-11.2167680077154	-14.453998042437	-16.2692504481819	-16.2692504481819	-14.3293789498468	-13.1435078219767	-16.2692504481819	-20.7638354762552	-13.3946487191993	-16.2692504481819	-9.90483290343426	-15.477943738062	-11.3275709804469	-16.2692504481819	-16.2692504481819	-16.2692504481819	-15.167601863199	-16.2692504481819	-16.2692504481819	-16.2692504481819	-16.2692504481819	-11.5962549902434	-16.2692504481819	-16.2692504481819	-16.2692504481819	-16.1780775909466	-16.2692504481819	-12.0884958654661	-12.7243841658536	-16.2692504481819	-16.2692504481819	-16.2692504481819	-11.3895183400566	-16.2692504481819	-15.2692504481819	-11.0333428619145	-16.2692504481819	-16.2692504481819	-16.2692504481819	-16.2692504481819	-11.5559454947606	-14.8412598179693	-16.2692504481819	-16.2692504481819	-16.2692504481819	-16.2692504481819	-12.9870251029508	-12.6097917766827	-13.0809544625613	-12.5207385169964	-13.2179397668684	-16.2692504481819	-11.6153588940769	-13.1435078219767	-21.2327013509278	-16.1780775909466	-16.2692504481819	-16.540685535846	-11.5036734889093	-16.2692504481819	-16.2692504481819	-13.267792396441	-16.2692504481819	-16.2692504481819	-16.2692504481819	-15.0478936679282	-16.2692504481819	-16.2692504481819	-16.2692504481819	-16.2692504481819	-16.2692504481819	-16.2692504481819	-16.2692504481819	-16.2692504481819	-16.2692504481819	-16.2692504481819	-16.2692504481819	-16.2692504481819	-15.398593759068	-16.2692504481819	-16.2692504481819	-12.9490268486276	-14.6157327945691	-16.2692504481819	-16.2692504481819	-16.2692504481819	-16.1780775909466	-16.2692504481819	-13.2179397668684	-13.0809544625613	-16.2692504481819	-16.2692504481819	-16.2692504481819	-16.2692504481819	-16.1780775909466	-11.3205445171077	-11.1791851733347	-11.8892970460294	-16.2692504481819	-16.2692504481819	-16.2692504481819	-16.2692504481819	-16.2692504481819	-16.2692504481819	-16.2692504481819	-16.2692504481819	-13.7560661458862	-13.6660202164846	-16.2692504481819	-16.2692504481819	-16.2692504481819	-16.2692504481819	-16.2692504481819	-13.0809544625613	-15.398593759068	-16.2692504481819	-13.7711969866454	-11.3895183400566	-10.2590821972529	-16.2692504481819	-16.2692504481819	-16.2692504481819	-10.4234355310715	-20.2074421277308	-20.2074421277308	-20.2074421277308	-20.2074421277308	-20.2074421277308	-16.1780775909466	-16.4313381396576	-20.2074421277308	-20.2074421277308	-9.99045988089203	-10.6353350153295	-20.2074421277308	-20.2074421277308	-20.2074421277308	-13.78487271687	-15.9927733050641	-13.0978726183601	-20.2074421277308	-20.2074421277308	-20.2074421277308	-20.2074421277308	-20.2074421277308	-20.2074421277308	-10.7877515589643	-12.7620713092158	-20.2074421277308	-14.1674264488829	-13.8048563694982	-19.6477388502066	-18.72253064082	-12.9695151811045	-14.1674264488829	-20.3074931415411	-15.7123865993628	-16.8740183940056	-15.540685535846	-16.0726461963443	-13.1435078219767	-13.1435078219767	-16.9747813709405	-21.2327013509278	-12.3398977341651	-21.4436916310881	-12.0769281927823	-12.841119913485	-21.2327013509278	-12.8796649571467	-21.2327013509278	-21.2327013509278	-16.0726461963443	-16.9747813709405	-21.2327013509278	-14.3949439023972	-15.7414676632267	-16.7220153005605	-8.84598134301514	-10.7590428876897	-11.1820450632156	-9.99385789987929	-10.5117840502288	-10.1389553734467	-12.3239251677226	-11.4393736202779	-11.6539472228451	-11.4393736202779	-11.2747372085255	-11.4393736202779	-11.4393736202779	-11.4393736202779	-11.8666039500801	-13.4034014795371	-11.4784502575761	-11.6539472228451	-20.3074931415411	-20.3074931415411	-12.3239251677226	-11.6109839881718	-11.6539472228451	-11.9886512748621	-12.1703235159926	-11.4393736202779	-11.4393736202779	-11.4393736202779	-11.4393736202779	-11.4393736202779	-11.2526205910802	-11.2162831268187	-10.5426748723744	-13.4381596550544	-14.9557230351248	-15.540685535846	-12.9805483141594	-15.540685535846	-15.540685535846	-14.287768347424	-14.287768347424	-15.540685535846	-15.540685535846	-11.6153588940769	-11.6153588940769	-12.6060873113698	-16.540685535846	-16.540685535846	-16.540685535846	-15.7123865993628	-16.540685535846	-12.3236624868924	-13.6807472821888	-11.1940552428926	-13.4034014795371	-13.4034014795371	-13.4034014795371	-12.1703235159926	-16.5279057290296	-16.9747813709405	-16.9747813709405	-12.1802438333137	-12.7095902907797	-12.7095902907797	-12.7095902907797	-12.7095902907797	-14.2945527915008	-14.2945527915008	-14.2945527915008	-14.2945527915008	-14.2945527915008	-14.2480197076371	-14.2945527915008	-14.2945527915008	-14.2945527915008	-11.8666039500801	-11.8666039500801	-12.787903236217	-14.2945527915008	-11.2673047483743	-14.765029375948	-15.5116153028774	-11.452838517105	-14.6590055030347	-15.5116153028774	-15.5116153028774	-15.5116153028774	-15.5116153028774	-15.5116153028774	-16.2692504481819	-16.2692504481819	-16.0726461963443	-18.3074931415411	-12.4034014795371	-13.1024765228908	-11.6539472228451	-13.4034014795371	-20.3074931415411	-13.4034014795371	-15.5116153028774	-13.4034014795371	-13.4034014795371	-13.4034014795371	-13.4034014795371	-12.8651096204859	-13.2485994524876	-13.2485994524876	-11.6075106942325	-13.2278740276356	-13.2378196137343	-19.3594452211758	-12.787903236217	-12.2485994524876	-13.2485994524876	-13.2485994524876	-13.4034014795371	-12.1703235159926	-12.1703235159926	-12.1703235159926	-19.5176956892372	-14.6590055030347	-15.7123865993628	-23.2161328293032	-20.7638354762552	-14.6590055030347	-16.2692504481819	-16.0726461963443	-16.0726461963443	-17.9855650466538	-18.3074931415411	-16.0726461963443	-20.3074931415411	-15.5116153028774	-15.7123865993628	-16.0726461963443	-16.0726461963443	-16.0726461963443	-16.9747813709405	-15.2692504481819	-16.2692504481819	-16.2692504481819	-23.2161328293032	-19.2255894744411	-15.6695248786967	-20.2074421277308	-14.2945527915008	-14.2945527915008	-16.0726461963443	-14.6590055030347	-13.2485994524876	-14.6590055030347	-14.6590055030347	-19.5176956892372	-20.7638354762552	-15.7123865993628	-15.7123865993628	-16.9747813709405	-13.2485994524876	-13.2485994524876	-20.3074931415411	-19.3594452211758	-16.2692504481819
Plate4_3924R_L_F_S5_week5_S21_L001	-6.55015138559352	-6.24621259186898	-6.37894108546863	-6.85627948951233	-6.62041642593931	-7.19576444867147	-7.84983379343959	-7.10949439653125	-6.35696963704343	-7.55252276308356	-7.27511929317723	-8.28353473338919	-8.67622568459906	-8.18153684370641	-8.79705137659155	-7.79348982678282	-7.38073341834578	-7.45223967554663	-8.20846591992584	-8.1456863159068	-9.55740908904338	-9.44858713396937	-8.52819422164784	-8.02121138259316	-8.86173730932399	-8.58862669592208	-8.38571763315443	-8.93617127112694	-8.93617127112694	-8.07375364245943	-9.90651237305832	-9.26459970180081	-9.74707617431748	-9.90651237305832	-8.36663816445684	-8.99376157195981	-9.33663887005491	-9.10904890554392	-9.3279415296729	-8.93286131470632	-9.34998751546228	-9.57160784315996	-8.96422363122805	-9.00603542463931	-8.83363768281629	-9.63981146834046	-10.0501173596992	-10.0501173596992	-8.86849723411035	-9.18673085541587	-9.82034964968932	-9.41396373524036	-9.16996473215293	-8.76998842730556	-8.68455696166246	-9.05051998749983	-8.61709905069574	-8.86883857482198	-8.78937476801085	-8.99722454135917	-8.9132922542188	-9.21378677475102	-8.72068999038314	-8.72068999038314	-9.43877253528994	-8.55484312167679	-8.57896220505042	-10.7658825489524	-9.4681049037996	-8.78151108748457	-8.9531580104059	-9.3957664790298	-9.03922061162983	-9.37890878969622	-8.63241224980012	-8.80317076403168	-9.09343890075766	-11.0253365783398	-8.06350562709381	-9.09646564412141	-9.33598680387905	-10.0025239797375	-9.36815190664062	-9.36473188376343	-9.32398947456474	-8.91764428483643	-8.24939036783785	-9.64886250662669	-9.3425187344214	-8.86883857482198	-8.7843388066207	-9.14406798584173	-9.12056948017661	-8.14151706934013	-8.2783313345126	-9.99468134446328	-9.34157092999424	-8.89135035422206	-8.45423725582249	-9.41916784410808	-8.68901644375126	-8.86917999631371	-9.16146151742816	-8.38700601763388	-9.33627942173845	-9.01012062022316	-9.79168021407258	-9.79241636744718	-9.70167316134418	-10.1770973826344	-11.0501173596992	-10.6235729513064	-13.4749285016671	-11.0449066216242	-11.0238153967126	-8.50418145787888	-9.63323628755922	-8.97141860640119	-9.29230480031296	-10.5120763877503	-10.5120763877503	-10.0487145710625	-10.0987716190426	-10.0987716190426	-9.85082321451887	-9.69102112036328	-9.64674116478054	-8.93362165196587	-9.4322817427035	-11.0196945420886	-9.48484579306331	-9.56557826431184	-11.015619978863	-9.28585190971143	-9.66723427204499	-9.85887546704499	-9.86849723411035	-9.86849723411035	-9.86849723411035	-10.1059928012367	-11.0253365783398	-9.86849723411035	-9.96112116358455	-8.84059207818193	-8.84059207818193	-9.9168787059539	-9.34221266092181	-9.34278152188448	-9.90580671343788	-10.0681618692365	-9.61945781810553	-9.8773003314326	-10.5955156275121	-9.96112116358455	-9.87240309182268	-8.98463030353531	-10.5955156275121	-10.1265679304694	-9.67307129000715	-9.84233389272046	-9.5279069499459	-10.8624668886553	-9.46095903283068	-9.34157092999424	-9.70662693554715	-9.8597475262882	-9.43009031680444	-9.32287671268218	-9.65746934363284	-10.1265679304694	-10.3586698873138	-9.53428272073194	-10.1770973826344	-9.86849723411035	-8.93599039276115	-9.71157503724838	-9.71157503724838	-10.1908095868282	-9.41574670144833	-10.3684842192135	-8.81357123937135	-9.60515309084388	-9.53697468868249	-9.87459499992125	-9.85085211292323	-9.53898784780062	-9.00846925097538	-9.86849723411035	-9.83627342077423	-9.87240309182268	-10.97837338566	-10.127527994107	-10.4683945502631	-9.48411946133771	-9.84233389272046	-9.05991568482547	-9.31587766981792	-9.86849723411035	-9.55503889314118	-9.30735643603474	-9.93215488152538	-9.35489855899717	-10.7553947950849	-10.972431654425	-9.9789354299463	-9.17074308469866	-9.33962852365046	-9.86502308254087	-9.45235020414882	-9.86849723411035	-9.8597475262882	-9.86849723411035	-9.96685040366237	-9.84233389272046	-9.42703019994072	-10.3038848414975	-10.3038848414975	-10.4247513732317	-9.78403573570602	-9.85751997732886	-9.93607674146845	-9.722681023174	-9.88046002685754	-9.88046002685754	-10.182299951716	-9.86366180721487	-9.668847543303	-9.86849723411035	-10.0174049685511	-9.70268115852744	-9.04340265395055	-10.0574319287862	-10.0508142865838	-9.67628798938432	-10.1908095868282	-10.1908095868282	-10.1908095868282	-11.0501173596992	-10.2531614635683	-9.6617789969846	-10.1908095868282	-9.59973451916485	-9.61814472956134	-9.88046002685754	-9.86986308179048	-10.9387474156902	-9.78861110195361	-11.0253365783398	-10.516673617401	-10.1453504539472	-10.1193906467013	-9.86849723411035	-10.1908095868282	-10.0545446921308	-9.48754284450652	-10.3038848414975	-8.74597487999764	-9.86986308179048	-9.5904072655933	-10.1152459756487	-10.0972247515407	-10.5812853586496	-9.67347415671078	-9.24840598834518	-9.7443786449971	-10.1908095868282	-9.78146288878968	-9.85068451023509	-8.96153402462004	-9.86986308179048	-8.83098584874842	-9.46681328619719	-10.4211868116946	-9.43603426043671	-10.1908095868282	-9.49618108140215	-9.49618108140215	-11.0501173596992	-9.87103483845288	-9.54895611953428	-9.84995171799617	-9.54866937172231	-10.1532332179268	-10.1278162545422	-9.77450248800814	-9.77450248800814	-9.8597475262882	-9.43603426043671	-9.88211580879605	-10.680771602077	-10.1410458263648	-9.85798747739904	-9.76439206479449	-9.89337381912023	-9.8747193730961	-9.6640156703445	-11.0238153967126	-10.1051147433464	-10.1051147433464	-10.7528724774749	-13.7352052923701	-9.27026024979363	-10.0501173596992	-8.91933170698149	-9.67204376547064	-10.2357754593038	-10.0872165803202	-10.1848876461049	-9.84482393430617	-9.11137913634744	-9.65840223478005	-10.0376737630787	-10.4480529551007	-9.64784621642346	-9.86986308179048	-10.2623160623049	-9.87703251266863	-9.8773003314326	-11.0501173596992	-11.0501173596992	-9.81957648452823	-11.0253365783398	-10.5085768853066	-9.4388109051566	-9.62633637520035	-11.0501173596992	-9.86849723411035	-9.43415678151104	-9.86986308179048	-10.5449211126858	-11.0501173596992	-9.16451302530746	-9.8032159654419	-9.8747193730961	-9.86849723411035	-9.86849723411035	-10.8357204361023	-9.86849723411035	-10.8406858146455	-9.98316831412488	-9.03207948012646	-9.5713879849266	-9.30710993418283	-9.86986308179048	-9.88211580879605	-11.0253365783398	-10.3057321500996	-11.0501173596992	-9.63288673868708	-10.0843699705346	-9.92403995745025	-10.2898868064604	-9.65718546669177	-9.97724469608715	-9.79063581692099	-9.94308153153426	-10.1793551709923	-9.96868995592254	-9.67118536046886	-9.86986308179048	-9.85934340663435	-8.6332379443906	-9.68878182065615	-10.5377575947277	-9.0800975738109	-10.5377575947277	-9.86986308179048	-9.72602364006283	-9.55981861396385	-9.41781439588006	-10.7351608387525	-11.0145923429029	-10.1908095868282	-11.0009742718256	-10.7594632063016	-10.161289490551	-11.0253365783398	-10.6375571379948	-9.66613885345472	-9.82088356403871	-9.24128025686852	-10.1770973826344	-9.14951866463899	-9.85659123418329	-9.65700859832641	-9.81469250208419	-10.2761966173787	-10.1927617141032	-9.66707312890312	-9.86071031036436	-9.95614597412641	-9.74115218168398	-9.8562846867193	-9.88955827602428	-10.7823031538035	-10.3057321500996	-9.51799079011095	-10.1908095868282	-9.6200175356921	-10.3057321500996	-9.86196881250176	-9.86986308179048	-9.65410012032937	-10.4991356862604	-9.88211580879605	-9.56483068102741	-9.69392817102028	-9.9030644262879	-9.62271329271857	-9.63046458919071	-10.9724463263227	-10.1929753883658	-10.1152459756487	-10.1262531033997	-9.89629753429571	-9.97145211884602	-9.86986308179048	-10.3749263290559	-10.3749263290559	-10.3923954101716	-11.0253365783398	-11.0253365783398	-10.5028272548106	-9.88534527469156	-9.80343593478636	-9.79294096717751	-10.1051147433464	-9.82576681205967	-10.8406858146455	-9.98559133306228	-9.71544175933134	-10.270419361559	-9.53123525933702	-9.36963204460856	-11.0303460697186	-10.1051147433464	-9.68036241309685	-9.86849723411035	-9.58344458414292	-10.0965564418102	-10.0965564418102	-9.86110511150894	-9.72004275908421	-9.83722924914058	-9.87707175040468	-9.88301877918339	-9.86849723411035	-10.3708581358131	-9.09710877474684	-9.55775968704335	-9.76339896126747	-9.76339896126747	-9.86849723411035	-9.86677128723604	-10.941637430761	-9.88278239644902	-10.1617685886009	-10.395798100336	-11.0303460697186	-10.4252561931645	-9.77197849229836	-9.86986308179048	-10.0609956300191	-10.4928581669563	-9.86986308179048	-10.2915201419618	-9.95584860853988	-9.86732753584364	-9.46738916491686	-9.81430550223432	-9.86849723411035	-9.86986308179048	-9.60973686993343	-9.60973686993343	-10.1908095868282	-10.5518228218564	-11.0108420746856	-9.89822840646014	-9.70311585737439	-9.92950654477315	-9.92950654477315	-10.6262085891487	-9.63762444246695	-10.1908095868282	-9.61299006298498	-8.12752536851754	-10.1192525697177	-9.86849723411035	-9.86849723411035	-9.84233389272046	-9.83907687955939	-11.0501173596992	-9.44666850900735	-9.8445294674979	-9.50106494735975	-10.7553947950849	-10.1891036395897	-9.66979801953979	-10.1342417681723	-9.79683933765758	-9.95918219392624	-9.97152543003317	-9.97152543003317	-9.86596408540855	-9.8631633184279	-9.69941034129665	-9.66316710207222	-9.85035032621487	-9.63268798089291	-9.38052098809088	-8.63857077658627	-11.0253365783398	-10.1136466795355	-9.75966575276321	-9.86849723411035	-10.7553947950849	-9.86849723411035	-9.86155824744068	-9.78002042761562	-9.82702171540466	-10.0545446921308	-10.5363130380721	-10.2397204486075	-9.86986308179048	-9.85435213372815	-9.86986308179048	-10.1776808297754	-9.33425388926061	-11.0253365783398	-9.97869542919472	-10.5812853586496	-10.5781737663432	-9.64347446309716	-9.29180453130543	-9.8747193730961	-8.65486011670893	-10.182299951716	-9.79106365105606	-10.1908095868282	-9.81321644828948	-9.84169625944788	-9.78898573231147	-8.27192760741663	-11.2412310138421	-11.3931920205626	-9.27326055861083	-10.4561619495647	-10.5246761973608	-10.1003808399874	-11.2656176690156	-11.2731831027717	-9.68628641578789	-11.9389255682815	-10.6075159911381	-10.5661435553455	-11.5061686855601	-10.5930917140689	-10.5855204853688	-9.72264576755852	-12.6811021197411	-12.9304681810604	-9.16568619087803	-10.7849695269754	-10.2038460543704	-13.5324653683796	-10.8412292235144	-10.5853810373209	-9.47357217374267	-9.7937823903933	-13.087703480942	-10.8862216402478	-10.678456677009	-10.6911064875716	-11.8748466953259	-10.3198255355625	-10.8280159947729	-9.91910394374028	-9.03959879956925	-10.2931317688805	-12.5167179368009	-10.0060842325855	-11.8748466953259	-10.7213313481256	-8.90625559312243	-9.52118895959334	-12.8639611776001	-10.686591550789	-12.7780636664492	-10.3096576086706	-10.5280455725801	-14.0431291235074	-10.820299664292	-10.9451151647684	-12.2345294636374	-13.6544060884245	-10.4949024788636	-10.2740237209216	-8.8115548786957	-10.9451151647684	-9.13468440681272	-10.6767037079812	-14.4350778850941	-10.4868443444013	-11.2461281812978	-9.93903922884293	-10.8836966244225	-12.1162402133898	-10.0094522115444	-12.606024295306	-11.4773951200816	-10.9487868617439	-10.3711869274888	-13.6820272867091	-11.1421758893718	-11.3071588346866	-15.475261100522	-10.3651287605849	-10.5350912543032	-12.3928553709581	-11.4390201474792	-11.1779140330342	-10.3773386289768	-11.6334550057549	-11.8744902213948	-14.0186834789399	-10.4409750240164	-11.3560301531784	-12.1346322211565	-9.78796264930744	-11.8457048159424	-10.3840184188261	-13.2630157720213	-11.2434878176739	-10.542880987879	-11.3877004281193	-10.1507882008431	-12.002092803433	-13.3571544260421	-10.554391653912	-11.5668601724957	-12.2789468334039	-13.8606676356301	-11.0654386391533	-10.4914518468126	-9.91061904758091	-12.2789468334039	-10.6639674332456	-14.1706000046227	-11.5668601724957	-11.7458530634356	-11.4182475610254	-12.4774605577359	-12.7363152986707	-10.1074294169474	-10.9287224462137	-11.2786980106531	-10.4893914205873	-10.3956561612329	-10.3375065007374	-10.2107610143155	-10.6438758244496	-12.4280646083124	-9.81886026222324	-9.20994409563203	-12.4613281351021	-9.81886026222324	-11.7696983723151	-11.1291661261633	-11.9688080765938	-15.3807713183568	-13.3484566614661	-14.5603336082446	-11.5048190585684	-14.1117963461499	-12.4935046926695	-11.3087748050068	-12.3345805043882	-10.4829380855049	-12.1348761613334	-10.7674545805357	-13.6796709934236	-12.5289469445151	-12.6135815986643	-14.3740663632688	-12.2202032881692	-15.5963923351572	-14.1432561093536	-12.792452444918	-12.6537538830646	-11.2566514422387	-12.6301049650557	-11.0911675982052	-13.4392547666563	-14.5074072068176	-11.3568835356772	-10.7029150102291	-14.2854313340241	-12.792452444918	-10.515833334722	-12.5872350344448	-15.1372661407926	-11.4018258160517	-11.4018258160517	-10.9022656150254	-14.2363655137451	-14.9689418886832	-11.5725932513081	-12.4002798697121	-13.6425778531152	-13.6425778531152	-10.9057877004364	-13.2973853152136	-12.9139905153683	-12.0667738788165	-15.2985935365939	-11.2552075199986	-11.2887837182638	-10.1933576389849	-15.567737049342	-14.44679444522	-12.366681549608	-11.310278674298	-11.310278674298	-11.5076410666615	-9.15052377020102	-10.4764807906797	-11.1714755402416	-10.6997035178735	-10.7030958583532	-11.1053813222304	-11.7897131251463	-11.7193496504493	-11.3442304212908	-12.177696536583	-15.6404715534418	-11.2560415532044	-11.2560415532044	-11.4758581890323	-11.4758581890323	-11.4440714341793	-12.1839930139593	-11.4170290359819	-11.9699626141875	-10.7606970104312	-13.5669899293309	-11.0826789499786	-10.7556616980054	-11.2376697735409	-14.7649129238005	-11.9073355782161	-14.4508769418951	-9.78353550904988	-10.718340488753	-11.4440714341793	-11.1714755402416	-10.7399554890055	-15.6404715534418	-11.8945698002164	-11.1755571532774	-12.6168082637809	-12.6754270561013	-15.6404715534418	-9.99544356670024	-11.1948534197061	-14.21992955702	-13.4004885321685	-10.8970602234114	-10.9218880494765	-10.114082465207	-14.7226986513048	-14.6513828792583	-14.6513828792583	-11.4807093994289	-10.3029159505523	-14.6880037478215	-12.1200382764437	-11.703680291891	-9.50567266463785	-14.2213037136201	-12.1471260613774	-10.7472886443155	-10.7300577872986	-10.8738343045083	-14.1872586144761	-11.0459296204384	-10.4189985936253	-11.0319986577927	-12.0216212031049	-11.2121672964117	-15.276605451401	-12.3917057438344	-14.4735514083912	-10.685465879844	-10.6117130424806	-13.0619353218801	-12.1933283254478	-12.3179308095983	-13.3917730138436	-15.1430296206893	-14.9766233996253	-10.8483910812007	-10.6940119823043	-11.7253453132852	-11.2310549152913	-10.7155662972116	-13.829429448512	-11.2616474262231	-11.3970185094686	-11.9473957480563	-10.7040282814341	-10.7096494862665	-14.1074075521864	-13.7425786219438	-18.1852361808099	-10.8968553416175	-12.712335301524	-15.6404715534418	-12.7677691925125	-14.7456703578762	-14.3007814148203	-12.213251700089	-12.4163731138317	-12.1760398068792	-12.712335301524	-10.9620770595543	-10.953671522462	-12.0396465603941	-12.0396465603941	-15.525793834541	-12.0257823710577	-10.6207482856813	-12.2750742134233	-11.0700826314465	-11.6714405315996	-12.7624609024135	-10.9181952688233	-10.9181952688233	-10.4172700910028	-12.8825578687201	-10.7072058255668	-12.1793842019821	-10.834445565572	-15.1555396016813	-10.1344915051993	-10.8772973880991	-11.4219379452538	-11.7367922944373	-10.6007936025932	-11.4743228935633	-10.9043534417981	-12.5371451864835	-12.1403898768244	-17.5182837435382	-10.9165006054116	-11.4743228935633	-10.9165006054116	-10.9165006054116	-12.2374783411377	-12.3036896927621	-12.2653505917216	-12.5358622977591	-12.5358622977591	-12.2785787982915	-12.5573249896379	-12.5254555310946	-11.2626082075135	-12.6802117786005	-14.5478118124492	-11.3521988935888	-14.5478118124492	-14.5478118124492	-12.2606540108904	-10.8141937424713	-15.5081848614082	-10.1969077559974	-12.6459770745897	-12.1414687598544	-10.9214833431609	-10.7072058255668	-15.6404715534418	-16.1769428026449	-16.9641324554421	-15.3499480330443	-15.6404715534418	-11.7061458663813	-12.2750742134233	-10.926067204068	-12.2378158837823	-10.1329515627745	-12.1302249540775	-15.1932257327582	-15.933321242817	-10.6462278254448	-13.099200645433	-11.5120185008649	-15.933321242817	-15.7462436293773	-17.1173660683597	-14.6350201394926	-15.4064113236819	-15.4064113236819	-16.6274754076474	-13.2289952285701	-13.8510168448823	-15.5642453709046	-19.1605741265757	-16.901110118635	-15.7578149570753	-12.7080501659365	-11.5019359994124	-14.1366271731087	-14.1366271731087	-10.1424270037344	-16.1621032152624	-14.2717896082958	-12.8966485001967	-12.8966485001967	-11.3124631342856	-13.8215243334074	-13.8215243334074	-19.0208493629091	-19.1605741265757	-23.2161328293032	-12.8908214101131	-13.8979218410039	-10.7729437528965	-12.0348542119921	-12.0348542119921	-17.993368626487	-13.5498995860193	-11.3467195798486	-10.9223576510755	-11.3467195798486	-16.0010790305194	-13.9950368561215	-23.2161328293032	-15.2260736175297	-12.8272292347761	-16.8135571586976	-11.3502966048296	-12.9155452088985	-15.4940582285704	-16.901110118635	-16.901110118635	-11.9155452088985	-16.214763302007	-10.4562777253921	-10.4562777253921	-10.1787541188479	-16.5182837435382	-12.1040098855086	-16.214763302007	-16.9641324554421	-15.901110118635	-17.5182837435382	-17.5182837435382	-13.7466307164567	-15.697035899287	-16.901110118635	-16.901110118635	-15.9322771828567	-11.3480323921859	-11.3467195798486	-11.5815970471645	-19.0208493629091	-16.6023480083266	-16.9641324554421	-10.4644597425077	-13.7748652472935	-14.7546971132953	-13.5498995860193	-16.9641324554421	-12.8392039612631	-17.5182837435382	-11.2817983974546	-16.3666429849648	-17.5182837435382	-16.1769428026449	-17.5182837435382	-10.9229570199526	-11.1511321517702	-11.6181849000562	-15.6887473837801	-15.7401785108097	-15.9322771828567	-16.9641324554421	-15.9888163554087	-11.6081101707926	-15.3161476179138	-15.3161476179138	-17.5182837435382	-16.901110118635	-16.901110118635	-15.1372661407926	-12.8272292347761	-12.8272292347761	-16.3666429849648	-16.9641324554421	-10.8460100834173	-17.5182837435382	-11.9155452088985	-16.7318094271003	-16.8736679252568	-15.9322771828567	-16.901110118635	-16.9641324554421	-11.271183600219	-14.9602698158097	-15.3368506695278	-16.901110118635	-15.3161476179138	-15.9322771828567	-9.95719708789009	-16.9641324554421	-9.92494725196382	-17.5182837435382	-15.7719292430077	-14.6492636946182	-15.4120401202335	-13.8862808733411	-19.0208493629091	-12.2564523706127	-10.338409768671	-15.5783141143952	-11.6053968450542	-10.9876720555516	-12.8094477254906	-11.8666544146208	-12.2093289312745	-16.901110118635	-11.6143107304173	-15.901110118635	-12.3807490650187	-17.5182837435382	-11.8615213702463	-12.9099143875402	-12.8447721344852	-12.9155452088985	-11.3305827081774	-14.1393353302013	-13.3063079381471	-13.3063079381471	-13.3063079381471	-12.1545595325284	-18.4358868621879	-18.4358868621879	-14.5488615724047	-10.5960580578006	-16.9641324554421	-16.7756111549361	-18.1852361808099	-15.7440091575502	-15.1026466330917	-12.7896651133	-12.3542893964059	-16.901110118635	-17.5182837435382	-15.6398322734753	-15.8666076682255	-14.9047213721873	-15.2259536777998	-15.1107440319287	-15.2068906201515	-10.1158350279845	-14.8184015013604	-14.0937551965774	-9.92419907288016	-14.901110118635	-10.3503102226243	-11.3467195798486	-10.835537425794	-14.0810441448278	-16.901110118635	-16.0134468305738	-9.3653131356577	-18.9139341589925	-9.73516083875247	-10.7643594039451	-12.4943651715176	-16.901110118635	-15.901110118635	-12.9155452088985	-16.901110118635	-11.6166018815909	-11.6166018815909	-16.901110118635	-11.6166018815909	-11.6166018815909	-14.7425786219438	-16.901110118635	-16.901110118635	-14.7425786219438	-15.5081848614082	-17.0822016577098	-14.6700801401354	-11.6166018815909	-17.5182837435382	-12.5284414905522	-12.0977367605345	-11.5790032938406	-13.3063079381471	-12.2478065504629	-16.901110118635	-16.901110118635	-16.901110118635	-16.901110118635	-11.6112397542772	-14.0937551965774	-14.3161476179138	-13.9741870527842	-14.901110118635	-14.901110118635	-13.7300506999603	-14.901110118635	-14.1386766297831	-15.3161476179138	-10.9816308102539	-15.3161476179138	-11.5444084741112	-13.4393590540947	-10.4506521041044	-15.901110118635	-15.901110118635	-12.5793926981395	-12.5793926981395	-14.69795054993	-15.901110118635	-11.8770070087125	-15.2863690082151	-12.8272292347761	-12.8272292347761	-16.901110118635	-15.901110118635	-15.1922490249551	-12.8586284793976	-15.901110118635	-15.901110118635	-14.1866165735856	-15.901110118635	-10.9909144756881	-11.3163417990085	-15.901110118635	-14.3144463263948	-15.901110118635	-15.901110118635	-15.901110118635	-12.7289384194601	-15.901110118635	-15.901110118635	-11.1483899411859	-15.901110118635	-15.9597378486057	-15.9597378486057	-15.4733615676066	-15.901110118635	-15.901110118635	-13.5766308382183	-15.901110118635	-15.901110118635	-16.901110118635	-11.3467195798486	-16.901110118635	-16.1769428026449	-16.901110118635	-16.901110118635	-16.901110118635	-16.8143984854416	-16.901110118635	-16.404781261947	-15.8571029363959	-16.901110118635	-16.901110118635	-16.901110118635	-13.1915852411444	-16.901110118635	-11.5948201299752	-16.901110118635	-15.9322771828567	-19.2358622538799	-19.2358622538799	-16.901110118635	-16.901110118635	-18.0208493629091	-16.901110118635	-16.6023480083266	-16.901110118635	-16.901110118635	-16.901110118635	-10.882737094181	-16.901110118635	-11.7051772428296	-16.901110118635	-16.901110118635	-15.3672601429958	-16.901110118635	-16.901110118635	-12.695568127377	-16.901110118635	-16.901110118635	-16.901110118635	-16.901110118635	-16.901110118635	-14.7649129238005	-16.901110118635	-16.901110118635	-16.901110118635	-16.901110118635	-16.901110118635	-16.901110118635	-16.901110118635	-11.3396731317759	-13.6920018540819	-16.901110118635	-16.901110118635	-15.901110118635	-16.901110118635	-16.901110118635	-16.901110118635	-16.901110118635	-16.055953163865	-16.901110118635	-16.901110118635	-16.901110118635	-12.8272292347761	-16.901110118635	-16.901110118635	-16.901110118635	-18.1852361808099	-13.1915852411444	-12.6605931493626	-15.901110118635	-16.901110118635	-11.9110187086303	-16.6023480083266	-15.9322771828567	-15.3161476179138	-16.901110118635	-16.901110118635	-16.901110118635	-16.901110118635	-16.901110118635	-16.901110118635	-16.901110118635	-16.901110118635	-9.58415863903231	-16.901110118635	-16.901110118635	-16.901110118635	-16.901110118635	-16.6023480083266	-16.901110118635	-13.7283507448843	-13.1915852411444	-13.1915852411444	-16.901110118635	-16.901110118635	-16.901110118635	-12.8272292347761	-19.2358622538799	-16.901110118635	-11.5926695987653	-16.901110118635	-16.901110118635	-16.901110118635	-16.901110118635	-16.901110118635	-16.901110118635	-16.901110118635	-16.055953163865	-11.1893179907035	-15.4397299149408	-16.901110118635	-16.901110118635	-15.5175006277416	-12.8786244592251	-16.901110118635	-20.6508997531588	-13.2974588302097	-16.901110118635	-9.8680955307899	-16.2055892427661	-11.3147997109364	-16.901110118635	-16.901110118635	-16.901110118635	-16.1769428026449	-16.901110118635	-16.901110118635	-16.901110118635	-16.901110118635	-11.6166018815909	-16.901110118635	-16.901110118635	-16.901110118635	-16.6023480083266	-16.901110118635	-12.1545595325284	-12.9945429953436	-16.901110118635	-16.901110118635	-16.901110118635	-11.3467195798486	-16.901110118635	-15.901110118635	-10.9247890679443	-16.901110118635	-16.901110118635	-16.901110118635	-16.901110118635	-11.5903742944398	-15.9322771828567	-16.901110118635	-16.901110118635	-16.901110118635	-16.901110118635	-12.7924746468869	-12.5226476008814	-12.8272292347761	-12.4254225929841	-13.1915852411444	-16.901110118635	-11.3066038452429	-12.8786244592251	-21.2327013509278	-16.6023480083266	-16.901110118635	-17.2294359847205	-11.5815970471645	-16.901110118635	-16.901110118635	-13.1930791844274	-16.901110118635	-16.901110118635	-16.901110118635	-15.9320815057028	-16.901110118635	-16.901110118635	-16.901110118635	-16.901110118635	-16.901110118635	-16.901110118635	-16.901110118635	-16.901110118635	-16.901110118635	-16.901110118635	-16.901110118635	-16.901110118635	-16.055953163865	-16.901110118635	-16.901110118635	-12.7544952631549	-15.4940582285704	-16.901110118635	-16.901110118635	-16.901110118635	-16.6023480083266	-16.901110118635	-13.1915852411444	-12.8272292347761	-16.901110118635	-16.901110118635	-16.901110118635	-16.901110118635	-16.6023480083266	-11.3101303358162	-11.1743536360901	-12.0068331856969	-16.901110118635	-16.901110118635	-16.901110118635	-16.901110118635	-16.901110118635	-16.901110118635	-16.901110118635	-16.901110118635	-14.9557211849062	-13.5635126856967	-16.901110118635	-16.901110118635	-16.901110118635	-16.901110118635	-16.901110118635	-12.8272292347761	-15.7401785108097	-16.901110118635	-14.9608019792391	-11.3467195798486	-10.2183367260079	-16.901110118635	-16.901110118635	-16.901110118635	-10.4671078415926	-19.0208493629091	-19.0208493629091	-19.0208493629091	-19.0208493629091	-19.0208493629091	-16.6023480083266	-16.8633080859226	-19.0208493629091	-19.0208493629091	-9.96583709296825	-10.5767487311016	-19.0208493629091	-19.0208493629091	-19.0208493629091	-15.0246344623701	-17.0822016577098	-12.7878418461025	-19.0208493629091	-19.0208493629091	-19.0208493629091	-19.0208493629091	-19.0208493629091	-19.0208493629091	-10.8511324574895	-12.5520843545599	-19.0208493629091	-15.3778812587523	-15.0153111793676	-19.6477388502066	-19.3289716582714	-13.1646393388087	-15.3778812587523	-20.9139341589925	-15.6404715534418	-17.945185092977	-16.2294359847205	-17.5182837435382	-12.8786244592251	-12.8786244592251	-18.1852361808099	-21.2327013509278	-12.08518562853	-21.4436916310881	-12.1733872080571	-12.7504138623523	-21.2327013509278	-12.7908695852937	-21.2327013509278	-21.2327013509278	-17.5182837435382	-18.1852361808099	-21.2327013509278	-14.6156424283724	-16.6295892469133	-17.5920060641052	-8.78756984538264	-10.7344355492327	-10.9612657035032	-9.97102070561724	-10.4981607066791	-10.1212286769267	-12.0977367605345	-11.3777507869218	-11.6541001203294	-11.3777507869218	-11.3176698468914	-11.3777507869218	-11.3777507869218	-11.3777507869218	-11.8174110001807	-13.3063079381471	-11.4866602302813	-11.6541001203294	-20.9139341589925	-20.9139341589925	-12.0977367605345	-11.5196490943201	-11.6541001203294	-12.0412944534298	-12.2093289312745	-11.3777507869218	-11.3777507869218	-11.3777507869218	-11.3777507869218	-11.3777507869218	-11.1459223817846	-11.0488659490911	-10.5093186793	-13.9661511327371	-15.6444734839993	-16.2294359847205	-12.7773091667064	-16.2294359847205	-16.2294359847205	-15.3666429849648	-15.3666429849648	-16.2294359847205	-16.2294359847205	-11.3066038452429	-11.3066038452429	-12.6441128553158	-16.5954107166203	-17.2294359847205	-17.2294359847205	-15.6404715534418	-17.2294359847205	-12.2595231695741	-13.4649034579469	-10.9252494722204	-13.3063079381471	-13.3063079381471	-13.3063079381471	-12.2093289312745	-17.305124916317	-18.1852361808099	-18.1852361808099	-12.026635197452	-12.3129593402828	-12.3129593402828	-12.3129593402828	-12.3129593402828	-13.8979218410039	-13.8979218410039	-13.8979218410039	-13.8979218410039	-13.8979218410039	-13.8757990301058	-13.8979218410039	-13.8979218410039	-13.8979218410039	-11.8174110001807	-11.8174110001807	-12.5573249896379	-13.8979218410039	-11.2484586492871	-16.214763302007	-16.9641324554421	-11.4798510656981	-14.7425786219438	-16.9641324554421	-16.9641324554421	-16.9641324554421	-16.9641324554421	-16.9641324554421	-16.901110118635	-16.901110118635	-17.5182837435382	-18.9139341589925	-12.3063079381471	-13.1963066914578	-11.6541001203294	-13.3063079381471	-20.9139341589925	-13.3063079381471	-16.9641324554421	-13.3063079381471	-13.3063079381471	-13.3063079381471	-13.3063079381471	-12.6353187688562	-12.9155452088985	-12.9155452088985	-11.5175067441865	-12.8966485001967	-12.9099143875402	-19.1605741265757	-12.5264275981025	-11.9155452088985	-12.9155452088985	-12.9155452088985	-13.3063079381471	-12.2093289312745	-12.2093289312745	-12.2093289312745	-19.7764306352426	-14.7425786219438	-15.6404715534418	-23.2161328293032	-20.6508997531588	-14.7425786219438	-16.901110118635	-17.5182837435382	-17.5182837435382	-18.5920060641052	-18.9139341589925	-17.5182837435382	-20.9139341589925	-16.9641324554421	-15.6404715534418	-17.5182837435382	-17.5182837435382	-17.5182837435382	-18.1852361808099	-15.901110118635	-16.901110118635	-16.901110118635	-23.2161328293032	-19.9139341589925	-15.5963923351572	-19.0208493629091	-13.8979218410039	-13.8979218410039	-17.5182837435382	-14.7425786219438	-12.9155452088985	-14.7425786219438	-14.7425786219438	-19.7764306352426	-20.6508997531588	-15.6404715534418	-15.6404715534418	-18.1852361808099	-12.9155452088985	-12.9155452088985	-20.9139341589925	-19.1605741265757	-16.901110118635
Plate4_3929R_0_F_S5_week5_S22_L001	-6.73913336652241	-6.26850492383329	-6.49075826777963	-7.01599530306831	-6.67935431371003	-7.51660799210495	-8.01451842732718	-7.10995086746948	-6.31962719969635	-7.58935279783125	-7.28903418171811	-8.53548155481387	-8.93999927409472	-8.29680110369156	-9.14109734466141	-7.81798075745556	-7.47733132252531	-7.7586972937556	-8.32429949378046	-8.176781189179	-9.82083980679751	-9.98868520158443	-8.81956805011339	-8.0927017331448	-9.17152972987639	-8.97866744586031	-8.45595974466745	-9.34588720883859	-9.34588720883859	-8.01396088180769	-10.4399410451437	-9.51150577886741	-10.2100401331321	-10.4399410451437	-8.36995981292166	-9.07368212888328	-9.56399780731566	-9.19314695161085	-9.54120621026712	-8.98294867294352	-9.63202662107272	-9.79998516502838	-9.42854665045693	-9.11579635275131	-8.79419687673613	-9.88012653195525	-10.6400167419821	-10.6400167419821	-8.97585175523068	-9.30445498937915	-9.85773418628845	-9.63004525712573	-9.25958469649239	-8.77843325832683	-8.51769645594515	-9.10613475826995	-8.73848356167084	-8.97562075001204	-8.73133409280086	-9.08327096320696	-8.98380653795007	-9.45365915385517	-8.75240321610406	-8.75240321610406	-9.68922101343119	-8.60844803860006	-8.59573800166074	-10.5035093320624	-9.68850754360272	-8.53895478464216	-9.17860878253544	-9.57070517278147	-9.04788399617056	-9.76544778426964	-8.64958251678323	-8.89043195723416	-9.32490230658706	-11.5415740959215	-8.16414168564149	-9.09933226839014	-9.57276666585802	-10.4686775293148	-9.55953979915889	-9.55953979915889	-9.49633286546851	-9.07700679040269	-8.35578348689154	-10.1967880760893	-9.58256611799824	-8.97562075001204	-8.72475166730477	-9.20297157390056	-9.32042767301065	-8.04997013925973	-8.17011754945339	-10.4254350252826	-9.58021098165394	-8.92203064360671	-8.56762958746684	-9.6282162040393	-8.92897395982717	-8.97740044505303	-9.220503032338	-8.52443747300858	-9.40992496492485	-9.1109942552349	-9.6242854547938	-9.9642741456406	-9.84209551003904	-10.2618295689723	-11.6400167419821	-10.9883775583001	-17.054468613065	-11.6318977460536	-11.535023649927	-8.33602395411856	-9.83924051091464	-8.98120525424277	-9.23459089988962	-10.9318711855825	-10.9318711855825	-10.0755529172586	-10.1866748173788	-10.1866748173788	-9.69424877319223	-9.6869651708847	-9.71064320709872	-8.83209584824786	-9.42459289533238	-11.5192477798019	-9.63451901146376	-9.31750243338961	-11.555231525353	-9.2983111869806	-9.6755839634927	-9.94709051280959	-9.97585175523068	-9.97585175523068	-9.97585175523068	-10.2252527392902	-11.5415740959215	-9.97585175523068	-10.0119228113394	-8.69349140177592	-8.69349140177592	-10.0087522035796	-9.17074043094779	-9.17213733976911	-9.91519988312046	-10.1543535433935	-9.46508773552267	-9.98968689506574	-11.1682816671311	-10.0119228113394	-9.9865880027779	-8.85746600417488	-11.1682816671311	-10.1636018993012	-9.76036270700741	-9.91593815212795	-9.36670197077376	-11.5404420191548	-9.38781775482728	-9.58021098165394	-9.85532914030591	-9.96214803219424	-9.30736200620291	-9.24021451190046	-9.6034966319163	-10.1636018993012	-10.6097028891915	-9.47514516465696	-10.2618295689723	-9.97585175523068	-8.81983466940886	-9.85737066254701	-9.85737066254701	-10.3015648208014	-9.39054984359411	-10.0846848060588	-8.80084682018333	-9.53045664870664	-9.46642572067563	-9.99154849633998	-9.93161485257522	-9.42194481074805	-8.75408613836355	-9.97585175523068	-9.88681196571309	-9.9865880027779	-11.3728879221753	-9.97339575461146	-10.4097121128173	-9.4193876597388	-9.91593815212795	-9.03779247418455	-9.16269648037968	-9.97585175523068	-9.41551654407687	-9.27970208654066	-10.3523652064357	-9.20362990761799	-11.1878067919056	-11.4241584602072	-10.0314206885824	-9.19630834207548	-9.33316757187478	-9.97895079913411	-9.40216589209679	-9.97585175523068	-9.96082137222245	-9.97585175523068	-10.0820922433647	-9.91593815212795	-9.41002921773641	-10.3389317610559	-10.3389317610559	-10.7887888306438	-9.94671553768634	-9.94405908655208	-9.99030933989367	-9.74227242606041	-10.0068314625183	-10.0068314625183	-10.2652655552171	-9.97585175523068	-9.76036270700741	-9.97585175523068	-9.84569143180532	-9.84063490925628	-8.96010045543135	-10.1285020655837	-10.111685020665	-9.78054992655961	-10.3015648208014	-10.3015648208014	-10.3015648208014	-11.6400167419821	-10.3752932010034	-9.76643450467975	-10.3015648208014	-9.68244594321034	-9.70967469380585	-10.0068314625183	-9.97895079913411	-11.3122337011779	-9.69658152656394	-11.5415740959215	-10.8425529357671	-10.1894849889129	-10.2508814801965	-9.97585175523068	-10.3015648208014	-10.1200777199993	-9.56317632682435	-10.3372094037122	-8.64866407050033	-9.97895079913411	-9.55808705904918	-10.2591437880844	-10.301085425097	-11.1376487174475	-9.77199992402216	-9.19079881419592	-9.67081219057283	-10.3015648208014	-9.94066061218376	-9.9365397453645	-9.03893505317318	-9.97895079913411	-8.62411816426625	-9.43367784417591	-10.5130752653731	-9.4350041509762	-10.3015648208014	-9.56584037390796	-9.56584037390796	-11.6400167419821	-9.98347252769499	-9.62077858840958	-9.9403233685159	-9.70805657563509	-10.3713190415594	-10.2930716539439	-9.93028193832735	-9.93028193832735	-9.96214803219424	-9.4350041509762	-10.016155771822	-11.1836000764354	-10.1946334855576	-9.94855783755082	-9.81296599305469	-9.86397945365767	-9.97895079913411	-9.73633570284952	-11.535023649927	-10.2244543623815	-10.2244543623815	-11.1806532846144	-14.5615444756571	-9.46707374619817	-10.6400167419821	-9.23049598256985	-9.76524972256366	-10.5941387833823	-10.4124785159609	-10.578708516451	-9.91457092432108	-9.23511339863345	-9.62911118383875	-10.5899559245674	-10.7557388956881	-9.48928623262521	-9.97895079913411	-10.6875227473498	-9.9815276070402	-9.98968689506574	-11.6400167419821	-11.6400167419821	-9.82672453718113	-11.5415740959215	-10.8966549316994	-9.59636547012691	-9.75495291599251	-11.6400167419821	-9.97585175523068	-9.42978913152909	-9.97895079913411	-11.0353020107463	-11.6400167419821	-9.02387647173043	-10.00328204051	-9.97895079913411	-9.97585175523068	-9.97585175523068	-11.427420232811	-9.97585175523068	-11.4483597183073	-10.386957357195	-8.95650445648669	-9.55707121805319	-9.15445499009918	-9.97895079913411	-10.016155771822	-11.5415740959215	-10.3429188811358	-11.6400167419821	-9.76327059957776	-10.2613631946879	-9.92355556707324	-10.3056577432359	-9.80448814221995	-10.0537495916177	-9.88748890894272	-10.0127871818766	-10.2038923511373	-10.0418409303262	-9.68604870206118	-9.97895079913411	-9.95159874143313	-8.420756863594	-9.80213002783915	-10.9356964914452	-9.18650210353541	-10.9356964914452	-9.97895079913411	-9.67876491088516	-9.58894849763944	-9.37455779530701	-11.1151992869172	-11.5108147277635	-10.3015648208014	-11.4494217703646	-11.055276842321	-10.2312342841628	-11.5415740959215	-10.3034828385073	-9.75063806039524	-9.8616348426783	-9.01841349016478	-10.2618295689723	-8.94528808244542	-9.94457443197878	-9.74593021568352	-9.66498151024796	-10.2622960940684	-10.3219597667365	-9.79708730155903	-9.94187678668869	-9.9840105126986	-9.84640425877775	-9.94350235873773	-9.91860722398673	-11.30347704005	-10.3429188811358	-9.48700205199126	-10.3015648208014	-9.55733046958898	-10.3429188811358	-9.98224399829864	-9.97895079913411	-9.72736609920059	-10.5303433203271	-10.016155771822	-9.60321324855704	-9.81568423445189	-9.87944266135171	-9.73889752115261	-9.77990197452309	-11.3957798355784	-10.2222942619557	-10.2591437880844	-10.1558393521274	-9.87606524253731	-10.0420199002031	-9.97895079913411	-10.6262908294126	-10.6262908294126	-10.6347342002139	-11.5415740959215	-11.5415740959215	-11.1282206312508	-10.0176018644933	-9.73120851398712	-9.70432883884902	-10.2244543623815	-9.87228883472909	-11.4483597183073	-9.93925264654695	-9.78824995076397	-10.2661015360669	-9.46405103414095	-9.53084556167376	-11.5970255475212	-10.2244543623815	-9.78993624387785	-9.97585175523068	-9.48697044416652	-10.2187971335834	-10.2187971335834	-9.96521774739174	-9.89494583976108	-9.88840185136633	-9.99742069289619	-10.0146180964604	-9.97585175523068	-10.508485539462	-9.03139331792629	-9.78302337161694	-9.88504680369699	-9.88504680369699	-9.97585175523068	-9.83464551853909	-11.3155838253296	-10.0097991531608	-10.22178460333	-10.7668885428368	-11.5970255475212	-10.6894111801205	-9.76082359545024	-9.97895079913411	-10.0443960143457	-10.8650753101789	-9.97895079913411	-10.3078126678696	-9.98110091085488	-9.97135381180247	-9.38281007113198	-9.94063806669897	-9.97585175523068	-9.97895079913411	-9.55260420694574	-9.55260420694574	-10.3015648208014	-11.0162992704723	-11.5552784729347	-9.91684089570759	-9.8427189253446	-10.0616374154899	-10.0616374154899	-11.0206642614402	-9.77022947429436	-10.3015648208014	-9.72119358779135	-7.94007116358305	-10.0223381845618	-9.97585175523068	-9.97585175523068	-9.91593815212795	-9.89225125136191	-11.6400167419821	-9.53924323267923	-9.93510974093306	-9.45224102386101	-11.1878067919056	-10.2976902157016	-9.78532938237053	-10.3305661446252	-9.91273168659975	-10.0721308344441	-10.0489111370073	-10.0489111370073	-9.96827102666994	-9.94694196028238	-9.84474266847384	-9.81898771191507	-9.94161054809505	-9.75893480829995	-9.21844231064121	-8.53855924377288	-11.5415740959215	-10.2382290944541	-9.80881013959581	-9.97585175523068	-11.1878067919056	-9.97585175523068	-9.75766083653892	-9.86249824843636	-9.80578198619122	-10.1200777199993	-11.0076540542415	-10.3209593188996	-9.97895079913411	-9.94268482828902	-9.97895079913411	-10.2674389827494	-9.32908568110303	-11.5415740959215	-10.117116067631	-11.1376487174475	-10.8682846836787	-9.80679504813128	-9.41736075853903	-9.97895079913411	-8.39445172254564	-10.2652655552171	-9.75674201832209	-10.3015648208014	-9.9353379432494	-9.13456570523659	-9.21467422063197	-8.32512184125793	-10.4066657165664	-10.5080925838624	-9.39832455073341	-10.1412196261858	-10.1805467840459	-9.83679306226787	-10.8076114378646	-10.6234347196718	-9.44001880633208	-11.2886170376098	-10.218739175029	-10.095215323893	-11.2497570371224	-10.6948890297928	-10.7099382802469	-9.88562308742152	-12.0601788565371	-11.7406573902041	-9.06688196661729	-10.7615179921123	-9.77700951148729	-12.3212034956827	-10.2069748985844	-10.4214035694445	-9.55913061382686	-9.33060809452147	-11.641270785591	-10.5635401370612	-10.8113482217624	-10.8444026498916	-11.7953168000162	-10.1011338252291	-10.9660674251833	-9.85064965735325	-8.85306345809511	-9.70950719159069	-11.8834961470861	-9.8539620855942	-11.7953168000162	-10.5352279018092	-8.82035768488538	-9.15536885487083	-12.6523760773479	-10.2372828236583	-11.5955651140573	-10.0092751105232	-10.7875798779939	-12.9332378684148	-10.4769403847021	-10.5020380426191	-11.6960607810272	-12.4914267306008	-10.2841795663246	-10.0948931390503	-8.76267061589013	-10.5020380426191	-9.43634185067482	-10.3299896048625	-13.2782096371679	-10.1986600791951	-11.3531692030241	-9.86970487671414	-10.6668801823818	-12.0157899623562	-9.73123113296632	-11.9815164742321	-10.8773343005929	-10.8254251044962	-10.7202984705875	-12.4916803949847	-10.8610928093705	-11.4530602178174	-13.9725269995289	-10.0815223849399	-10.5913951137386	-12.0650936514512	-11.0328619828053	-10.5409682970114	-10.2241524779967	-11.2634100538009	-11.6429396500565	-12.9093911264604	-10.2369195496628	-11.3196780683704	-11.6502360637903	-9.6127905516955	-11.4029857096636	-10.2206749377114	-12.6206940601323	-11.3765528522289	-10.203052699871	-11.3946848802403	-9.73574564095929	-11.8181383519468	-12.8339711402002	-10.2246497975926	-11.3715694615414	-11.7350158319806	-12.4592067715271	-10.559413084697	-10.23802405338	-9.52818499509316	-11.7350158319806	-10.429538524765	-12.8592982977529	-11.3715694615414	-11.5389530780207	-11.0207824691868	-12.2830448864632	-12.2798560939323	-9.80471792822891	-11.1032550599391	-11.5150814923623	-10.6405938182486	-10.3217354275988	-10.5935828255173	-10.1077782556533	-10.3621032522716	-12.258979606631	-9.95268776277254	-9.22198022518869	-12.3237839635925	-9.95268776277254	-10.9382133284495	-11.2260010008958	-11.14629411152	-13.9760717065723	-12.0412886821913	-13.3761234961268	-10.9495674329889	-12.9283224268278	-12.25673242464	-10.8593306883487	-11.9430542404785	-10.3276326789458	-12.131850618614	-11.2003326016417	-12.262208186501	-12.2711117439477	-12.5611673033811	-12.9802998050762	-12.3516431914561	-14.4791143673283	-12.7429768209486	-11.4740150674278	-12.6098462882634	-10.7762537045046	-12.6767859488493	-10.7807347632343	-13.0129312939952	-13.2209169538763	-11.1509774531567	-10.1359842807399	-13.0239108656056	-11.4740150674278	-10.2690109079523	-12.5110691460646	-13.9262780682335	-10.834013017873	-10.834013017873	-11.4273924311524	-12.9241082151972	-13.5811371109268	-11.3696061678553	-12.1406207529037	-13.3036950780841	-13.3036950780841	-10.6297791481916	-11.9429313936539	-11.7018635421233	-11.9524177033735	-13.892406487797	-10.8471673062689	-10.8168946314025	-10.2418070377869	-14.4643109499389	-13.4230064850517	-12.6147015786965	-11.4564602748352	-11.4564602748352	-11.7294679166708	-8.85304860594242	-10.092889380294	-10.9551970934695	-10.4466349091583	-10.5185530112057	-10.76747548696	-11.6419363401543	-11.0941366388345	-11.1550627738619	-12.2442926230302	-14.5355302476739	-11.5714555448857	-11.5714555448857	-10.8511250597646	-10.8511250597646	-10.8014469277663	-12.2595959459186	-11.0072460052334	-11.6566241735905	-10.6269016198795	-13.2188857162502	-11.3112539643776	-10.6199761307067	-10.7568420513814	-13.4992473838019	-11.8242316575268	-13.255596682828	-9.65829088255449	-10.542790564208	-10.8014469277663	-10.9551970934695	-10.5555988619239	-14.5355302476739	-11.8062025711282	-10.7852605532581	-12.5114763086916	-12.6412766481674	-14.5355302476739	-9.96102898260174	-10.9606494532015	-12.9576825076386	-12.877296324804	-10.574968983462	-10.6275025069665	-9.57319092225216	-17.7820963426519	-13.4215759894013	-13.4215759894013	-11.5584661945664	-9.87222174971543	-13.1802890851996	-12.1660279172891	-12.193583186721	-8.98051440958656	-13.0555854163799	-12.1661291338902	-10.6150181706291	-10.5589797084309	-10.5839120286523	-12.954911080664	-10.8127390161954	-10.3357357487398	-10.6765230932369	-12.3647289504757	-11.1187496826598	-14.3680287224287	-12.052997782908	-13.1486359652666	-10.4921759618967	-10.4599484991276	-12.7746564638136	-12.3280053763265	-12.5313955128463	-14.3035187894631	-13.9375508612859	-14.0487031232389	-10.4933713088036	-10.5072762734342	-12.347677359378	-11.1979161601856	-10.562757086831	-13.4595375297574	-10.9541134592076	-10.9624666121995	-11.9401376476461	-10.5003356171325	-10.5273159320687	-13.0470556254102	-17.3905178161971	-15.7282998622853	-10.6205091266434	-12.8379431987606	-14.5355302476739	-12.9785507871566	-13.531982358592	-13.0736440555037	-12.33566459578	-12.1293980907716	-12.1812860600914	-12.8379431987606	-11.4201368518291	-10.614011073718	-12.209997742245	-12.209997742245	-14.3818718380186	-11.2642133600099	-10.4934387749326	-12.5022469941277	-10.7387336479878	-12.9476576893445	-13.1646495481397	-10.660580278534	-10.660580278534	-10.3161300674584	-13.2463109301368	-10.52278605282	-12.237930963268	-10.5934807340927	-13.9990716042435	-9.7615100269531	-10.5757937066994	-11.696956214176	-11.8972638749549	-10.4260421683771	-10.9034079118919	-10.6299158318956	-12.3132327845741	-12.1241613530254	-16.2756228882925	-10.6566641698387	-10.9034079118919	-10.6566641698387	-10.6566641698387	-12.4004209840122	-12.6811307484739	-12.5663843495524	-12.449647621352	-12.449647621352	-12.0260793344307	-13.3259590869813	-12.3404158244923	-10.8019825687958	-12.6554159209393	-13.2806092557071	-10.9130209588743	-13.2806092557071	-13.2806092557071	-12.2847563989659	-10.5419297623112	-14.3665741482431	-9.94918274189066	-12.7261531100141	-12.1869144051776	-10.64442976691	-10.52278605282	-14.5355302476739	-14.8133812467806	-15.6862263547325	-13.9410105632818	-14.5355302476739	-11.7347061853958	-12.5022469941277	-11.1726472308753	-12.2672930808975	-10.0443058946296	-12.4639376192285	-14.1964445466282	-14.6906603875713	-11.167333734706	-11.770925207157	-12.1984702894936	-14.6906603875713	-14.5701351508891	-16.0634273404587	-13.3182526655984	-14.1320895101875	-14.1320895101875	-15.3391742439962	-13.8595301622572	-13.9233238743972	-14.9060204245007	-18.9335250004768	-15.4638546699664	-14.4001679862308	-12.0988104034743	-10.9288930052657	-14.5110262935245	-14.5110262935245	-9.87940463002501	-14.819391436779	-15.0994747194785	-13.3395451791076	-13.3395451791076	-10.9601776956107	-13.7984382597811	-13.7984382597811	-17.5442738807459	-18.9335250004768	-23.2161328293032	-13.5548035443255	-15.4467860358438	-10.7023695671933	-12.6032532186564	-12.6032532186564	-16.8860710813693	-13.8290280738599	-11.0276187443787	-10.7548268501225	-11.0276187443787	-15.2395675646848	-12.8138370902565	-23.2161328293032	-14.2713521640143	-13.0661400090951	-14.976160435933	-11.3931562993126	-13.3697275812819	-14.1022641570321	-15.4638546699664	-15.4638546699664	-12.3697275812819	-14.9510327387108	-10.0296575428193	-10.0296575428193	-9.89745290961767	-15.2756228882925	-11.3549131348371	-14.9510327387108	-15.6862263547325	-14.4638546699664	-16.2756228882925	-16.2756228882925	-13.4171825676356	-14.3666710742427	-15.4638546699664	-15.4638546699664	-14.5707603031211	-11.0371694551608	-11.0276187443787	-11.0379680482564	-17.5442738807459	-15.1576557905671	-15.6862263547325	-10.0424291958448	-14.7408835120469	-13.4880066195893	-13.8290280738599	-15.6862263547325	-13.1654081205086	-16.2756228882925	-11.1593800647956	-15.4667191791394	-16.2756228882925	-14.8133812467806	-16.2756228882925	-10.603424531626	-10.8845002412116	-11.1066992463877	-14.9973147011762	-14.9495220631373	-14.5707603031211	-15.6862263547325	-14.6109538091171	-11.0802432611176	-13.8788921692453	-13.8788921692453	-16.2756228882925	-15.4638546699664	-15.4638546699664	-13.9262780682335	-13.0661400090951	-13.0661400090951	-15.4667191791394	-15.6862263547325	-10.612416982244	-16.2756228882925	-12.3697275812819	-14.9068658857537	-15.5745393060632	-14.5707603031211	-15.4638546699664	-15.6862263547325	-10.9333580980112	-13.590717086684	-13.9492752761342	-15.4638546699664	-13.8788921692453	-14.5707603031211	-9.53228742248428	-15.6862263547325	-9.46880692340754	-16.2756228882925	-14.3978682382552	-13.806725187288	-14.9329507934878	-12.9505241616582	-17.5442738807459	-12.3377009567328	-10.2968922990535	-14.4149257153439	-11.086968604375	-10.790068665207	-13.0444250864227	-12.0918354655295	-11.5191992967155	-15.4638546699664	-11.091863506522	-14.4638546699664	-12.7730947124012	-16.2756228882925	-12.1979269388816	-13.3466015686684	-13.231804672644	-13.3697275812819	-11.7847650805608	-12.9395824307472	-13.3889714927223	-13.3889714927223	-13.3889714927223	-11.428421449501	-17.6171209520611	-17.6171209520611	-13.7687653637091	-10.5342831389466	-15.6862263547325	-15.6384009851877	-15.7282998622853	-14.3026469414817	-13.5596706798772	-13.1149733520246	-12.8091072952124	-15.4638546699664	-16.2756228882925	-13.9733237996085	-14.430767927399	-13.5894157148665	-13.7686372846755	-13.5082008364582	-14.1838882553277	-9.82943545353534	-13.6863473222616	-12.6564997479088	-9.4501456450442	-13.4638546699664	-9.97951396691364	-11.0276187443787	-10.6415228978905	-12.6423499009348	-15.4638546699664	-14.5900266476167	-9.08096070296708	-17.8401284640233	-10.1151992869172	-10.6435986350777	-12.8038679027471	-15.4638546699664	-14.4638546699664	-13.3697275812819	-15.4638546699664	-11.0966786069582	-11.0966786069582	-15.4638546699664	-11.0966786069582	-11.0966786069582	-18.3905178161971	-15.4638546699664	-15.4638546699664	-18.3905178161971	-14.3665741482431	-15.7747722163855	-16.9062176544811	-11.0966786069582	-16.2756228882925	-13.0760193840259	-12.3793174507528	-11.7975657914026	-13.3889714927223	-12.227177468088	-15.4638546699664	-15.4638546699664	-15.4638546699664	-15.4638546699664	-11.5059999608626	-12.6564997479088	-12.8788921692453	-12.6600114864593	-13.4638546699664	-13.4638546699664	-12.3971849681746	-13.4638546699664	-13.0886583476353	-13.8788921692453	-10.7123273543117	-13.8788921692453	-10.9632303921065	-13.4595685422297	-9.99805211466301	-14.4638546699664	-14.4638546699664	-12.6030248330029	-12.6030248330029	-13.4700058335269	-14.4638546699664	-11.3128241972333	-13.6973858538702	-13.0661400090951	-13.0661400090951	-15.4638546699664	-14.4638546699664	-13.7283994993612	-12.4430560440517	-14.4638546699664	-14.4638546699664	-12.8818328661864	-14.4638546699664	-10.7126476339579	-10.9624721055752	-14.4638546699664	-13.0366854991456	-14.4638546699664	-14.4638546699664	-14.4638546699664	-12.7940844433867	-14.4638546699664	-14.4638546699664	-10.4180574200911	-14.4638546699664	-14.816475882986	-14.816475882986	-14.0259147683835	-14.4638546699664	-14.4638546699664	-13.8731801573181	-14.4638546699664	-14.4638546699664	-15.4638546699664	-11.0276187443787	-15.4638546699664	-14.8133812467806	-15.4638546699664	-15.4638546699664	-15.4638546699664	-15.3676018953132	-15.4638546699664	-14.5900266476167	-14.4149257153439	-15.4638546699664	-15.4638546699664	-15.4638546699664	-13.0817123127391	-15.4638546699664	-11.1067336488611	-15.4638546699664	-14.5707603031211	-17.6889869382604	-17.6889869382604	-15.4638546699664	-15.4638546699664	-16.5442738807459	-15.4638546699664	-15.1576557905671	-15.4638546699664	-15.4638546699664	-15.4638546699664	-10.2925260148618	-15.4638546699664	-11.2485352271464	-15.4638546699664	-15.4638546699664	-13.5604575994266	-15.4638546699664	-15.4638546699664	-12.720444005471	-15.4638546699664	-15.4638546699664	-15.4638546699664	-15.4638546699664	-15.4638546699664	-13.4992473838019	-15.4638546699664	-15.4638546699664	-15.4638546699664	-15.4638546699664	-15.4638546699664	-15.4638546699664	-15.4638546699664	-11.0119474463117	-14.2949899348029	-15.4638546699664	-15.4638546699664	-14.4638546699664	-15.4638546699664	-15.4638546699664	-15.4638546699664	-15.4638546699664	-14.9495220631373	-15.4638546699664	-15.4638546699664	-15.4638546699664	-13.0661400090951	-15.4638546699664	-15.4638546699664	-15.4638546699664	-15.7282998622853	-13.0817123127391	-12.5883359019224	-14.4638546699664	-15.4638546699664	-12.3960172266932	-15.1576557905671	-14.5707603031211	-13.8788921692453	-15.4638546699664	-15.4638546699664	-15.4638546699664	-15.4638546699664	-15.4638546699664	-15.4638546699664	-15.4638546699664	-15.4638546699664	-8.87487829071055	-15.4638546699664	-15.4638546699664	-15.4638546699664	-15.4638546699664	-15.1576557905671	-15.4638546699664	-14.4552951105147	-13.0817123127391	-13.0817123127391	-15.4638546699664	-15.4638546699664	-15.4638546699664	-13.0661400090951	-17.6889869382604	-15.4638546699664	-11.0573932671769	-15.4638546699664	-15.4638546699664	-15.4638546699664	-15.4638546699664	-15.4638546699664	-15.4638546699664	-15.4638546699664	-14.9495220631373	-11.0470905763465	-14.2713521640143	-15.4638546699664	-15.4638546699664	-14.1847766354108	-13.1127362682442	-15.4638546699664	-19.18375163001	-13.3632148431309	-15.4638546699664	-9.5111615511857	-14.5284431731124	-10.9061630613414	-15.4638546699664	-15.4638546699664	-15.4638546699664	-14.8133812467806	-15.4638546699664	-15.4638546699664	-15.4638546699664	-15.4638546699664	-11.0966786069582	-15.4638546699664	-15.4638546699664	-15.4638546699664	-15.1576557905671	-15.4638546699664	-11.428421449501	-12.6715379145232	-15.4638546699664	-15.4638546699664	-15.4638546699664	-11.0276187443787	-15.4638546699664	-14.4638546699664	-10.7625777503513	-15.4638546699664	-15.4638546699664	-15.4638546699664	-15.4638546699664	-11.0187856775829	-14.5707603031211	-15.4638546699664	-15.4638546699664	-15.4638546699664	-15.4638546699664	-12.8545260829562	-12.7377774390718	-13.0661400090951	-12.8139362057261	-13.0817123127391	-15.4638546699664	-11.7373105378348	-13.1127362682442	-21.2327013509278	-15.1576557905671	-15.4638546699664	-16.6870491340189	-11.0379680482564	-15.4638546699664	-15.4638546699664	-13.0879790167187	-15.4638546699664	-15.4638546699664	-15.4638546699664	-13.9733237996085	-15.4638546699664	-15.4638546699664	-15.4638546699664	-15.4638546699664	-15.4638546699664	-15.4638546699664	-15.4638546699664	-15.4638546699664	-15.4638546699664	-15.4638546699664	-15.4638546699664	-15.4638546699664	-14.9495220631373	-15.4638546699664	-15.4638546699664	-12.9343077255058	-14.1022641570321	-15.4638546699664	-15.4638546699664	-15.4638546699664	-15.1576557905671	-15.4638546699664	-13.0817123127391	-13.0661400090951	-15.4638546699664	-15.4638546699664	-15.4638546699664	-15.4638546699664	-15.1576557905671	-10.9459513973869	-10.9186942648938	-11.2208972406337	-15.4638546699664	-15.4638546699664	-15.4638546699664	-15.4638546699664	-15.4638546699664	-15.4638546699664	-15.4638546699664	-15.4638546699664	-13.3100558578138	-14.095597823606	-15.4638546699664	-15.4638546699664	-15.4638546699664	-15.4638546699664	-15.4638546699664	-13.0661400090951	-14.9495220631373	-15.4638546699664	-13.6502567108209	-11.0276187443787	-9.81113798696956	-15.4638546699664	-15.4638546699664	-15.4638546699664	-9.9260450452173	-17.5442738807459	-17.5442738807459	-17.5442738807459	-17.5442738807459	-17.5442738807459	-15.1576557905671	-16.0529080990774	-17.5442738807459	-17.5442738807459	-9.55120731110254	-10.2419170469404	-17.5442738807459	-17.5442738807459	-17.5442738807459	-13.5268717809073	-15.7747722163855	-13.1609635125238	-17.5442738807459	-17.5442738807459	-17.5442738807459	-17.5442738807459	-17.5442738807459	-17.5442738807459	-11.3919252286799	-13.0076464967295	-17.5442738807459	-12.9209449402277	-12.5583748608429	-19.6477388502066	-17.7362926530388	-13.5170165530649	-12.9209449402277	-19.3212551537599	-14.5355302476739	-15.602436906304	-15.6870491340189	-16.2756228882925	-13.1127362682442	-13.1127362682442	-15.7282998622853	-21.2327013509278	-12.8169591923671	-21.4436916310881	-11.466786709004	-12.8387698483535	-21.2327013509278	-12.8720927488408	-21.2327013509278	-21.2327013509278	-16.2756228882925	-15.7282998622853	-21.2327013509278	-15.5166938626537	-15.1294556526949	-15.5960593365333	-8.49928656721385	-10.2920496127947	-11.6265751557498	-9.55880390278536	-10.1113784241354	-9.82005571467247	-12.3793174507528	-11.0958468542974	-11.1683365776233	-11.0958468542974	-10.9811250251007	-11.0958468542974	-11.0958468542974	-11.0958468542974	-11.425066572369	-13.3889714927223	-11.1528859790756	-11.1683365776233	-19.3212551537599	-19.3212551537599	-12.3793174507528	-11.1661122639635	-11.1683365776233	-11.3157966831066	-11.5191992967155	-11.0958468542974	-11.0958468542974	-11.0958468542974	-11.0958468542974	-11.0958468542974	-11.0268258579959	-11.0230627225944	-10.1316364735875	-13.0377037305856	-15.1020866332978	-15.6870491340189	-13.1059243962577	-15.6870491340189	-15.6870491340189	-14.4667191791394	-14.4667191791394	-15.6870491340189	-15.6870491340189	-11.7373105378348	-11.7373105378348	-12.5126180482331	-16.6870491340189	-16.6870491340189	-16.6870491340189	-14.5355302476739	-16.6870491340189	-12.3174374433419	-13.5579321126299	-11.3186721691712	-13.3889714927223	-13.3889714927223	-13.3889714927223	-11.5191992967155	-15.3834399849565	-15.7282998622853	-15.7282998622853	-12.0971408990573	-13.8618235351227	-13.8618235351227	-13.8618235351227	-13.8618235351227	-15.4467860358438	-15.4467860358438	-15.4467860358438	-15.4467860358438	-15.4467860358438	-15.3156306045661	-15.4467860358438	-15.4467860358438	-15.4467860358438	-11.425066572369	-11.425066572369	-13.3259590869813	-15.4467860358438	-10.8713207047438	-14.9510327387108	-15.6862263547325	-11.0991948642367	-18.3905178161971	-15.6862263547325	-15.6862263547325	-15.6862263547325	-15.6862263547325	-15.6862263547325	-15.4638546699664	-15.4638546699664	-16.2756228882925	-17.3212551537599	-12.3889714927223	-13.1217954667222	-11.1683365776233	-13.3889714927223	-19.3212551537599	-13.3889714927223	-15.6862263547325	-13.3889714927223	-13.3889714927223	-13.3889714927223	-13.3889714927223	-12.6213299498652	-13.3697275812819	-13.3697275812819	-11.1610601717069	-13.342973706415	-13.3466015686684	-19.109204676645	-13.3259590869813	-12.3697275812819	-13.3697275812819	-13.3697275812819	-13.3889714927223	-11.5191992967155	-11.5191992967155	-11.5191992967155	-18.2508658258686	-18.3905178161971	-14.5355302476739	-23.2161328293032	-19.18375163001	-18.3905178161971	-15.4638546699664	-16.2756228882925	-16.2756228882925	-16.9993270588726	-17.3212551537599	-16.2756228882925	-19.3212551537599	-15.6862263547325	-14.5355302476739	-16.2756228882925	-16.2756228882925	-16.2756228882925	-15.7282998622853	-14.4638546699664	-15.4638546699664	-15.4638546699664	-23.2161328293032	-18.8401284640233	-14.4791143673283	-17.5442738807459	-15.4467860358438	-15.4467860358438	-16.2756228882925	-18.3905178161971	-13.3697275812819	-18.3905178161971	-18.3905178161971	-18.2508658258686	-19.18375163001	-14.5355302476739	-14.5355302476739	-15.7282998622853	-13.3697275812819	-13.3697275812819	-19.3212551537599	-19.109204676645	-15.4638546699664
