Sample	fastqc-percent_duplicates	fastqc-percent_gc	fastqc-avg_sequence_length	fastqc-median_sequence_length	fastqc-percent_fails	fastqc-total_sequences
1002R_0_M_NS6_week10_S69_L001_R1_001	95.68486038780718	49.0	301.0	301	45.45454545454545	0.124237
1002R_0_M_NS6_week10_S69_L001_R2_001	93.82390109226719	51.0	301.0	301	45.45454545454545	0.124237
1002R_L_M_NS6_week10_S70_L001_R1_001	95.52756217471952	50.0	301.0	301	45.45454545454545	0.11105799999999999
1002R_L_M_NS6_week10_S70_L001_R2_001	93.99502962416035	51.0	301.0	301	45.45454545454545	0.11105799999999999
1030R_0_M_NS1_week10_S77_L001_R1_001	95.45442334040781	51.0	301.0	301	45.45454545454545	0.11166899999999999
1030R_0_M_NS1_week10_S77_L001_R2_001	92.95955009895316	52.0	301.0	301	45.45454545454545	0.11166899999999999
1030R_R_M_NS1_week10_S78_L001_R1_001	95.17938363009647	50.0	301.0	301	45.45454545454545	0.09805799999999999
1030R_R_M_NS1_week10_S78_L001_R2_001	92.866466784964	52.0	301.0	301	45.45454545454545	0.09805799999999999
1075R_0_M_NS6_week9_S72_L001_R1_001	95.69327541769552	49.0	301.0	301	45.45454545454545	0.110966
1075R_0_M_NS6_week9_S72_L001_R2_001	94.19371699439468	51.0	301.0	301	45.45454545454545	0.110966
1136R_RL_F_S5_week10_S58_L001_R1_001	95.6374610399248	51.0	301.0	301	45.45454545454545	0.101065
1136R_RL_F_S5_week10_S58_L001_R2_001	93.11235343590758	53.0	301.0	301	45.45454545454545	0.101065
1136R_R_F_S5_week10_S57_L001_R1_001	95.64943778631253	51.0	301.0	301	45.45454545454545	0.108055
1136R_R_F_S5_week10_S57_L001_R2_001	92.75646661422424	53.0	301.0	301	45.45454545454545	0.108055
1174R_0_M_S2_week9_S56_L001_R1_001	95.15057747644764	50.0	301.0	301	45.45454545454545	0.101476
1174R_0_M_S2_week9_S56_L001_R2_001	94.02124640309039	52.0	301.0	301	45.45454545454545	0.101476
160R_0_F_S2_week10_S49_L001_R1_001	95.5459503416333	50.0	301.0	301	45.45454545454545	0.113133
160R_0_F_S2_week10_S49_L001_R2_001	93.91335861331353	52.0	301.0	301	45.45454545454545	0.113133
160R_L_F_S2_week10_S50_L001_R1_001	95.74553201782541	52.0	301.0	301	45.45454545454545	0.107487
160R_L_F_S2_week10_S50_L001_R2_001	94.26814405462986	54.0	301.0	301	45.45454545454545	0.107487
184R_0_F_NS6_week10_S65_L001_R1_001	95.54543991974789	50.0	301.0	301	45.45454545454545	0.105667
184R_0_F_NS6_week10_S65_L001_R2_001	93.78046126037458	52.0	301.0	301	45.45454545454545	0.105667
184R_L_F_NS6_week10_S66_L001_R1_001	95.56897939402332	49.0	301.0	301	45.45454545454545	0.115549
184R_L_F_NS6_week10_S66_L001_R2_001	94.15745700958036	51.0	301.0	301	45.45454545454545	0.115549
2403R_L_F_NS6_week10_S67_L001_R1_001	95.86944203719752	49.0	301.0	301	45.45454545454545	0.12000799999999999
2403R_L_F_NS6_week10_S67_L001_R2_001	94.4895340310646	51.0	301.0	301	45.45454545454545	0.12000799999999999
2446R_0_F_S2_week9_S55_L001_R1_001	95.31953668494927	50.0	301.0	301	45.45454545454545	0.114134
2446R_0_F_S2_week9_S55_L001_R2_001	94.13233567560937	52.0	301.0	301	45.45454545454545	0.114134
2472R_0_F_NS1_week10_S73_L001_R1_001	95.58546125642052	51.0	301.0	301	45.45454545454545	0.122459
2472R_0_F_NS1_week10_S73_L001_R2_001	93.05890134657314	53.0	301.0	301	45.45454545454545	0.122459
2472R_R_F_NS1_week10_S74_L001_R1_001	95.4939182562307	50.0	301.0	301	45.45454545454545	0.109097
2472R_R_F_NS1_week10_S74_L001_R2_001	93.23996076885707	52.0	301.0	301	45.45454545454545	0.109097
2506R_0_F_NS6_week10_S68_L001_R1_001	95.52942791582498	51.0	301.0	301	45.45454545454545	0.101978
2506R_0_F_NS6_week10_S68_L001_R2_001	94.10461079840749	52.0	301.0	301	45.45454545454545	0.101978
2518R_L_M_S5_week10_S61_L001_R1_001	95.76691788555974	51.0	301.0	301	45.45454545454545	0.114243
2518R_L_M_S5_week10_S61_L001_R2_001	93.15494165944521	53.0	301.0	301	45.45454545454545	0.114243
2518R_R_M_S5_week10_S62_L001_R1_001	95.56364760313336	51.0	301.0	301	45.45454545454545	0.103531
2518R_R_M_S5_week10_S62_L001_R2_001	93.02044798176392	53.0	301.0	301	45.45454545454545	0.103531
3752R_0_F_S5_week10_S59_L001_R1_001	95.62826744489433	51.0	301.0	301	45.45454545454545	0.10348299999999999
3752R_0_F_S5_week10_S59_L001_R2_001	93.26845955374313	53.0	301.0	301	45.45454545454545	0.10348299999999999
3752R_L_F_S5_week10_S60_L001_R1_001	95.41532056980552	51.0	301.0	301	45.45454545454545	0.09224199999999999
3752R_L_F_S5_week10_S60_L001_R2_001	93.07365408382299	53.0	301.0	301	45.45454545454545	0.09224199999999999
3795R_R_F_S2_week10_S51_L001_R1_001	95.7503612991557	50.0	301.0	301	45.45454545454545	0.13147
3795R_R_F_S2_week10_S51_L001_R2_001	94.62843234197916	51.0	301.0	301	45.45454545454545	0.13147
3874R_0_F_NS1_week10_S75_L001_R1_001	95.50953130383766	50.0	301.0	301	45.45454545454545	0.10738299999999999
3874R_0_F_NS1_week10_S75_L001_R2_001	93.35928405799801	52.0	301.0	301	45.45454545454545	0.10738299999999999
3874R_L_F_NS1_week10_S76_L001_R1_001	95.29485244365794	50.0	301.0	301	45.45454545454545	0.096065
3874R_L_F_NS1_week10_S76_L001_R2_001	93.25352625826264	52.0	301.0	301	45.45454545454545	0.096065
3893R_RL_M_S5_week10_S64_L001_R1_001	94.67708107326246	51.0	301.0	301	45.45454545454545	0.096789
3893R_RL_M_S5_week10_S64_L001_R2_001	92.29147940365124	53.0	301.0	301	45.45454545454545	0.096789
3893R_R_M_S5_week10_S63_L001_R1_001	95.68170747907718	51.0	301.0	301	45.45454545454545	0.112915
3893R_R_M_S5_week10_S63_L001_R2_001	93.26927334720807	53.0	301.0	301	45.45454545454545	0.112915
3894R_0_M_NS6_week10_S71_L001_R1_001	95.27260024899908	50.0	301.0	301	45.45454545454545	0.111647
3894R_0_M_NS6_week10_S71_L001_R2_001	94.21121928936738	51.0	301.0	301	45.45454545454545	0.111647
3896R_0_M_S2_week10_S52_L001_R1_001	95.34009140172341	51.0	301.0	301	45.45454545454545	0.101311
3896R_0_M_S2_week10_S52_L001_R2_001	94.30071759236411	52.0	301.0	301	45.45454545454545	0.101311
3896R_L_M_S2_week10_S53_L001_R1_001	95.75936310544208	50.0	301.0	301	45.45454545454545	0.13766799999999998
3896R_L_M_S2_week10_S53_L001_R2_001	94.33710085132347	52.0	301.0	301	45.45454545454545	0.13766799999999998
3909R_R_M_S2_week10_S54_L001_R1_001	95.50445563103791	51.0	301.0	301	45.45454545454545	0.122766
3909R_R_M_S2_week10_S54_L001_R2_001	94.24352019288727	53.0	301.0	301	45.45454545454545	0.122766
3974R_0_M_NS1_week10_S79_L001_R1_001	95.49973084514625	51.0	301.0	301	45.45454545454545	0.11145999999999999
3974R_0_M_NS1_week10_S79_L001_R2_001	93.20832585680962	52.0	301.0	301	45.45454545454545	0.11145999999999999
3974R_L_M_NS1_week10_S80_L001_R1_001	95.5871561954404	50.0	301.0	301	45.45454545454545	0.11856299999999999
3974R_L_M_NS1_week10_S80_L001_R2_001	93.33012828622758	52.0	301.0	301	45.45454545454545	0.11856299999999999
Positive_control_S89_L001_R1_001	96.09411211267995	53.0	301.0	301	36.36363636363637	0.14455099999999999
Positive_control_S89_L001_R2_001	93.8969637013926	54.0	301.0	301	45.45454545454545	0.14455099999999999
T1D_NS1_defined_mouse_inocula_S81_L001_R1_001	94.90354682096876	51.0	301.0	301	45.45454545454545	0.115963
T1D_NS1_defined_mouse_inocula_S81_L001_R2_001	92.79856505954486	53.0	301.0	301	45.45454545454545	0.115963
T1D_NS6_defined_mouse_inocula_S82_L001_R1_001	94.55294375053509	51.0	301.0	301	45.45454545454545	0.10512099999999999
T1D_NS6_defined_mouse_inocula_S82_L001_R2_001	92.95478543773366	52.0	301.0	301	45.45454545454545	0.10512099999999999
T1D_S2_defined_mouse_inocula_S83_L001_R1_001	94.4570666421377	52.0	301.0	301	45.45454545454545	0.10871499999999999
T1D_S2_defined_mouse_inocula_S83_L001_R2_001	93.28427539897898	53.0	301.0	301	45.45454545454545	0.10871499999999999
T1D_S5_defined_mouse_inocula_S84_L001_R1_001	94.67039964422163	53.0	301.0	301	45.45454545454545	0.098938
T1D_S5_defined_mouse_inocula_S84_L001_R2_001	93.2937799429946	54.0	301.0	301	45.45454545454545	0.098938
negative_control_S90_L001_R1_001	91.4189837008629	53.0	301.0	301	45.45454545454545	0.006258
negative_control_S90_L001_R2_001	88.30297219558965	56.0	301.0	301	54.54545454545454	0.006258
